0_Parade_Parade_0_447
113
355 367 36 39 0.774
987 485 16 20 0.671
801 527 17 19 0.620
954 547 16 19 0.576
960 486 16 20 0.547
928 497 16 21 0.530
741 471 16 21 0.523
824 456 15 20 0.513
781 468 14 18 0.379
900 470 18 20 0.377
864 486 16 19 0.374
1013 504 10 19 0.345
482 318 35 44 0.335
655 484 26 28 0.316
1017 466 7 20 0.305
846 441 11 15 0.295
828 540 17 21 0.292
148 361 39 45 0.250
881 464 13 13 0.250
714 485 17 19 0.232
380 300 58 72 0.230
935 455 13 18 0.228
1005 453 12 15 0.211
114 370 31 35 0.210
873 482 16 19 0.207
785 451 9 12 0.198
989 534 19 21 0.195
831 480 14 18 0.172
765 453 15 21 0.165
1011 453 12 28 0.156
758 468 18 21 0.145
768 451 14 16 0.143
806 456 11 14 0.139
904 472 17 25 0.134
913 452 12 14 0.133
771 464 24 24 0.119
782 451 13 36 0.117
825 480 16 19 0.115
904 494 18 20 0.113
716 457 15 17 0.112
969 471 15 19 0.108
977 430 13 16 0.108
902 505 20 30 0.107
893 465 18 21 0.102
1009 503 15 30 0.094
905 429 12 13 0.094
862 550 17 20 0.093
779 464 28 23 0.088
760 458 15 19 0.086
290 376 35 38 0.083
841 435 15 36 0.079
232 466 30 33 0.076
830 506 16 19 0.074
1014 513 10 33 0.071
831 453 16 18 0.071
847 544 15 24 0.064
752 472 18 22 0.063
836 479 16 17 0.063
845 528 15 27 0.060
618 453 13 15 0.059
854 549 19 19 0.059
941 499 16 20 0.058
709 457 15 16 0.057
620 456 18 16 0.056
845 472 14 20 0.055
710 506 17 21 0.054
895 513 25 24 0.053
791 495 16 19 0.053
912 439 12 31 0.052
695 479 13 16 0.050
973 452 13 15 0.049
714 471 20 24 0.047
971 454 14 28 0.044
1015 537 9 21 0.044
921 455 25 16 0.043
988 528 17 21 0.043
720 476 27 26 0.042
896 456 58 30 0.041
933 427 11 14 0.040
724 551 19 17 0.040
1010 530 14 26 0.039
882 516 16 23 0.039
167 272 27 34 0.039
697 476 21 13 0.038
717 552 16 18 0.037
379 284 43 49 0.037
836 508 15 32 0.036
886 509 25 30 0.033
1018 469 6 27 0.031
450 459 34 37 0.031
844 439 11 13 0.031
940 524 22 19 0.030
761 454 13 17 0.030
832 520 20 27 0.030
779 495 24 18 0.028
690 584 19 22 0.027
584 484 16 17 0.027
762 473 19 19 0.026
776 524 14 17 0.026
976 558 14 17 0.026
709 491 17 19 0.025
880 509 18 22 0.025
910 471 15 18 0.024
847 454 13 24 0.023
706 457 14 14 0.023
281 385 36 35 0.022
1013 422 11 17 0.022
932 459 15 19 0.022
631 456 14 15 0.022
879 485 16 20 0.021
517 480 13 17 0.021
970 458 13 16 0.021
966 426 12 17 0.020
