0_Parade_marchingband_1_363
222
794 669 17 23 0.758
932 488 13 13 0.690
226 382 9 12 0.676
660 648 18 22 0.675
827 484 11 13 0.659
363 483 11 12 0.654
760 587 14 17 0.647
605 454 10 13 0.631
265 476 12 15 0.620
744 417 11 12 0.591
394 453 11 12 0.555
528 495 11 13 0.552
850 420 11 12 0.539
155 483 11 13 0.527
449 476 11 12 0.518
320 427 10 11 0.514
447 412 9 9 0.479
318 355 8 9 0.469
711 490 13 14 0.434
653 382 8 10 0.408
410 387 7 9 0.384
463 357 7 8 0.372
519 451 11 13 0.371
259 363 7 8 0.365
610 420 9 10 0.364
27 331 8 9 0.343
452 447 9 12 0.331
410 661 14 17 0.324
540 349 7 9 0.322
846 289 7 9 0.310
789 288 7 8 0.291
844 289 6 6 0.282
98 327 6 8 0.272
630 467 11 13 0.270
186 331 7 9 0.262
703 738 17 18 0.234
646 323 8 10 0.233
388 525 15 18 0.233
963 434 9 11 0.232
948 44 8 10 0.226
806 356 8 10 0.223
887 356 9 10 0.211
966 373 8 9 0.203
714 486 13 17 0.184
883 325 7 9 0.183
182 364 9 9 0.183
146 244 6 6 0.178
801 333 8 9 0.177
485 333 6 8 0.176
717 358 8 9 0.170
385 489 10 10 0.143
372 341 9 10 0.139
161 516 11 12 0.138
722 326 9 10 0.137
888 350 8 19 0.135
469 466 9 9 0.135
317 352 7 9 0.134
0 392 6 11 0.121
275 333 8 8 0.120
884 324 8 14 0.119
796 50 7 7 0.118
372 346 8 9 0.118
71 713 12 14 0.118
630 472 12 14 0.117
787 99 5 7 0.110
510 442 10 11 0.110
746 282 7 6 0.107
326 426 10 12 0.106
814 293 6 7 0.102
372 337 7 9 0.097
90 240 5 5 0.093
725 333 9 12 0.093
969 333 7 9 0.091
467 147 6 7 0.091
219 241 6 6 0.090
605 739 16 22 0.089
910 40 7 8 0.089
571 336 9 11 0.089
372 339 9 20 0.088
30 334 7 9 0.088
373 349 8 9 0.087
833 39 6 6 0.085
969 412 10 12 0.084
460 286 7 6 0.084
636 353 9 10 0.083
540 346 7 9 0.080
103 243 5 5 0.079
485 285 7 8 0.078
372 47 5 7 0.078
800 312 6 8 0.076
390 529 15 20 0.074
161 492 11 13 0.071
813 39 6 7 0.071
721 477 10 12 0.070
238 241 5 6 0.067
850 292 6 6 0.067
375 347 10 10 0.067
372 165 5 6 0.066
742 414 11 13 0.066
799 325 9 12 0.064
842 289 7 9 0.064
515 447 13 17 0.063
378 239 6 7 0.063
164 496 10 12 0.059
190 341 8 10 0.058
30 337 8 9 0.058
719 465 10 12 0.057
585 139 6 7 0.057
402 166 7 6 0.056
467 143 6 13 0.055
513 136 5 11 0.055
576 342 7 9 0.053
438 523 13 13 0.052
372 162 5 12 0.051
888 343 8 9 0.050
721 468 9 24 0.049
630 477 11 12 0.049
972 343 8 9 0.049
888 337 8 12 0.049
827 153 5 6 0.047
325 174 6 7 0.047
577 319 9 9 0.047
20 711 14 15 0.047
721 308 8 10 0.046
385 519 15 17 0.046
643 290 7 7 0.045
387 162 7 6 0.044
680 707 18 20 0.043
529 489 11 14 0.043
609 739 17 20 0.043
61 426 8 10 0.042
100 328 7 9 0.041
812 40 13 6 0.041
179 413 8 9 0.041
682 171 7 7 0.039
725 340 9 12 0.039
371 165 9 7 0.039
134 181 7 9 0.039
953 412 9 9 0.038
814 30 5 27 0.038
392 540 14 16 0.038
371 44 6 13 0.038
386 531 15 18 0.037
227 385 9 10 0.037
40 254 5 7 0.036
573 324 9 11 0.036
722 506 11 14 0.035
773 129 5 6 0.035
786 102 7 7 0.035
310 168 7 6 0.035
330 427 10 10 0.035
602 456 10 14 0.034
1016 50 6 7 0.034
371 525 14 12 0.033
710 248 7 7 0.033
103 239 5 16 0.032
717 497 13 18 0.032
56 735 12 14 0.032
440 189 7 8 0.031
544 357 7 8 0.031
281 174 6 7 0.031
720 485 11 14 0.030
709 733 17 20 0.030
90 181 7 8 0.030
390 125 6 6 0.029
849 44 6 6 0.029
449 448 9 11 0.029
674 704 20 20 0.029
448 405 11 15 0.029
809 116 7 8 0.029
376 339 8 9 0.029
51 240 5 5 0.028
626 470 11 14 0.028
708 250 8 9 0.028
408 121 5 9 0.027
850 424 10 10 0.027
305 411 9 10 0.027
23 706 12 17 0.027
275 336 8 8 0.026
415 172 7 8 0.026
843 404 10 11 0.026
849 289 6 6 0.026
84 241 8 6 0.026
724 462 12 14 0.026
646 315 9 11 0.026
53 256 7 6 0.025
526 146 7 9 0.025
41 252 6 11 0.025
244 251 6 7 0.025
828 40 16 6 0.025
961 436 8 10 0.024
581 319 9 9 0.024
269 129 4 5 0.024
392 522 13 15 0.024
697 163 7 6 0.024
925 48 7 11 0.024
602 453 31 23 0.024
298 161 7 13 0.023
839 526 10 12 0.023
407 384 12 14 0.023
584 127 5 27 0.023
385 353 7 7 0.023
218 241 7 9 0.023
648 313 8 9 0.023
321 50 6 4 0.023
315 116 5 6 0.023
853 420 12 13 0.022
185 175 6 9 0.022
596 153 7 7 0.022
237 238 6 6 0.022
883 330 8 14 0.022
455 392 9 11 0.022
49 240 6 5 0.021
220 386 13 11 0.021
495 166 7 6 0.021
845 410 13 14 0.021
376 124 5 10 0.021
768 141 7 6 0.021
159 518 12 13 0.021
239 246 8 11 0.021
950 39 7 7 0.021
433 63 6 6 0.020
