0_Parade_Parade_0_566
54
228 317 31 38 0.848
550 313 33 42 0.819
483 305 33 42 0.814
641 378 34 36 0.808
357 307 33 42 0.806
1000 484 24 33 0.804
67 418 33 44 0.798
162 303 37 44 0.773
848 459 21 27 0.755
110 412 29 36 0.752
299 404 27 49 0.737
451 360 27 40 0.731
813 478 24 24 0.690
887 436 20 26 0.658
999 442 22 28 0.644
592 340 25 36 0.633
760 458 19 23 0.554
920 485 23 24 0.467
726 434 20 29 0.414
466 300 26 34 0.397
571 354 25 32 0.384
973 436 21 25 0.350
675 384 28 34 0.344
468 300 42 40 0.226
408 342 28 36 0.192
269 309 26 34 0.173
896 465 19 29 0.127
980 449 21 27 0.118
658 379 42 36 0.095
901 464 18 24 0.095
907 479 39 26 0.091
976 445 19 24 0.080
600 335 23 32 0.070
986 460 19 22 0.069
714 431 26 32 0.067
665 394 29 34 0.063
990 458 22 26 0.055
933 473 22 27 0.052
904 478 24 24 0.050
942 468 20 24 0.047
889 464 17 24 0.045
469 311 19 28 0.042
151 307 33 36 0.042
300 375 21 35 0.031
893 453 19 26 0.030
998 438 20 22 0.029
316 329 24 30 0.028
975 492 20 23 0.027
894 428 20 24 0.023
883 441 17 26 0.022
965 436 23 23 0.022
363 320 30 41 0.021
700 434 43 33 0.021
630 336 26 30 0.020
