0_Parade_Parade_0_767
61
229 342 40 53 0.816
562 376 38 48 0.794
450 76 29 33 0.752
274 93 38 51 0.715
404 71 31 37 0.671
137 37 30 36 0.658
723 160 48 40 0.598
351 367 41 42 0.588
990 165 24 33 0.523
763 128 35 48 0.515
920 157 35 47 0.512
152 90 37 50 0.444
507 40 32 42 0.369
403 45 30 38 0.264
533 91 24 27 0.239
636 123 25 36 0.211
333 57 45 60 0.196
505 169 21 30 0.160
998 160 20 27 0.115
463 16 28 31 0.103
658 349 55 66 0.103
921 139 37 49 0.087
72 29 35 49 0.084
208 2 30 19 0.084
716 165 35 33 0.082
84 44 25 34 0.079
515 36 26 32 0.075
245 79 43 62 0.075
253 25 25 27 0.072
357 91 32 37 0.065
743 383 38 47 0.065
261 36 26 41 0.062
120 62 23 31 0.062
370 28 21 27 0.061
998 67 26 36 0.060
200 0 32 19 0.057
761 118 32 43 0.053
825 120 25 31 0.047
265 50 26 31 0.045
249 3 32 36 0.045
23 159 40 36 0.044
56 12 47 64 0.042
146 76 37 50 0.035
409 35 23 31 0.034
793 123 33 48 0.031
352 0 32 27 0.030
1005 155 16 30 0.026
372 61 24 42 0.025
149 2 26 22 0.025
347 36 38 71 0.025
725 265 34 42 0.024
221 34 33 33 0.024
540 89 34 32 0.024
762 108 25 33 0.022
896 167 31 36 0.022
674 342 43 56 0.021
304 0 25 13 0.021
155 109 36 42 0.021
976 174 27 33 0.021
275 55 20 24 0.020
711 247 38 48 0.020
