0_Parade_marchingband_1_923
81
204 60 29 36 0.777
503 92 22 27 0.732
19 134 9 11 0.576
53 132 9 11 0.574
156 131 11 13 0.560
133 123 11 12 0.520
466 153 9 10 0.468
94 128 11 11 0.425
443 159 8 8 0.409
420 161 6 8 0.399
772 139 10 11 0.391
1018 148 6 8 0.289
987 150 8 9 0.289
889 150 7 7 0.256
914 153 8 7 0.249
891 151 7 8 0.245
961 148 8 9 0.233
446 156 8 11 0.231
794 144 8 9 0.153
653 142 7 8 0.141
865 153 7 7 0.130
804 152 8 9 0.114
263 144 14 16 0.114
571 128 10 10 0.113
741 115 12 15 0.106
679 146 8 8 0.098
796 153 8 9 0.093
130 125 33 13 0.093
846 150 6 7 0.093
252 160 12 14 0.088
478 140 9 10 0.085
843 150 10 9 0.085
98 131 10 11 0.083
895 149 7 7 0.078
829 152 8 8 0.070
862 152 12 9 0.068
939 149 7 7 0.067
627 153 7 8 0.067
647 144 15 7 0.066
863 155 7 7 0.065
832 155 8 8 0.064
887 153 7 7 0.064
54 130 10 11 0.062
938 157 7 9 0.057
633 150 7 7 0.052
90 125 29 12 0.051
691 154 7 7 0.051
914 150 7 7 0.049
784 156 8 8 0.048
834 150 8 7 0.047
51 128 10 12 0.044
629 154 7 7 0.043
845 154 8 8 0.042
22 133 9 12 0.042
979 154 7 7 0.039
782 148 21 13 0.038
676 145 15 14 0.038
865 150 6 7 0.038
896 154 7 6 0.037
939 144 6 26 0.037
793 141 13 25 0.037
737 114 12 16 0.035
684 155 7 8 0.034
826 152 29 8 0.033
805 150 8 7 0.033
567 129 12 13 0.032
626 151 18 7 0.031
258 165 10 13 0.031
259 144 16 23 0.030
1014 153 9 9 0.030
253 151 21 17 0.028
94 122 11 11 0.028
90 128 9 10 0.026
826 150 6 7 0.026
663 148 28 9 0.025
124 149 9 10 0.025
769 138 8 11 0.025
159 127 22 13 0.024
940 161 6 8 0.024
174 122 11 14 0.022
48 128 17 13 0.021
