0_Parade_Parade_0_316
98
809 325 54 69 0.860
645 306 47 51 0.788
979 346 16 18 0.701
228 373 12 15 0.556
156 335 10 11 0.527
22 342 11 14 0.519
215 348 12 15 0.512
139 353 11 15 0.490
244 350 10 13 0.482
76 345 11 13 0.467
13 389 10 12 0.402
175 359 13 15 0.396
115 331 9 11 0.370
180 333 9 11 0.368
12 310 9 11 0.305
87 336 9 12 0.283
126 355 13 15 0.278
182 349 14 16 0.267
165 349 10 13 0.260
200 330 11 14 0.257
45 339 11 12 0.243
268 325 8 10 0.240
25 315 8 9 0.231
294 329 8 9 0.226
228 327 9 10 0.225
194 335 12 14 0.220
49 335 13 14 0.197
957 352 14 17 0.186
54 333 11 14 0.181
278 354 9 10 0.173
154 322 8 9 0.171
297 360 11 13 0.157
100 345 9 13 0.150
283 357 12 12 0.148
180 331 10 18 0.145
76 382 11 13 0.143
292 343 9 12 0.141
85 332 10 13 0.141
301 360 13 12 0.138
305 324 7 9 0.134
202 326 9 11 0.130
1 329 8 12 0.127
272 340 10 11 0.122
293 352 11 20 0.121
83 338 23 16 0.104
177 366 18 24 0.094
132 335 12 11 0.093
255 340 13 11 0.087
117 347 20 24 0.081
241 326 8 11 0.077
926 369 12 15 0.075
958 344 14 23 0.074
0 301 7 9 0.074
318 357 11 11 0.073
25 334 11 22 0.068
40 384 12 13 0.068
132 334 11 30 0.064
262 365 12 15 0.063
269 322 8 29 0.060
287 360 11 12 0.056
171 354 17 37 0.056
278 340 25 11 0.052
923 353 11 13 0.052
956 342 12 14 0.050
1 353 10 13 0.046
229 339 17 20 0.044
35 327 9 10 0.044
159 322 8 8 0.044
57 328 9 10 0.042
109 333 15 15 0.041
317 342 10 14 0.041
265 392 12 14 0.039
259 328 17 18 0.039
959 339 12 13 0.039
223 315 11 19 0.039
8 345 13 15 0.038
241 324 10 19 0.038
925 352 17 14 0.037
279 332 25 13 0.037
233 365 20 16 0.036
62 328 9 11 0.036
224 315 8 9 0.035
205 370 18 20 0.031
174 354 19 25 0.031
281 330 9 7 0.030
35 384 14 13 0.030
159 396 16 18 0.027
8 303 16 33 0.026
2 326 9 32 0.026
80 325 10 13 0.026
1012 330 10 14 0.025
310 339 17 13 0.024
207 338 54 38 0.024
255 382 12 20 0.023
8 327 20 23 0.023
93 342 12 21 0.021
312 356 20 14 0.021
78 372 11 17 0.020
