0_Parade_Parade_0_346
131
529 294 9 11 0.469
440 309 10 11 0.461
880 646 74 122 0.453
589 291 9 11 0.417
459 307 10 9 0.354
151 316 9 12 0.277
651 312 10 11 0.267
411 310 8 9 0.263
510 309 10 12 0.240
480 292 8 9 0.232
353 408 37 58 0.232
124 653 69 102 0.227
680 314 9 10 0.227
502 322 13 12 0.202
467 440 54 60 0.188
507 320 10 13 0.185
171 304 9 12 0.171
766 304 11 12 0.170
615 291 7 8 0.150
576 305 11 13 0.142
875 324 7 9 0.131
94 667 92 100 0.129
566 298 12 9 0.116
724 308 13 13 0.113
771 366 15 21 0.107
230 313 9 9 0.105
315 319 12 12 0.105
384 313 9 9 0.105
552 289 7 9 0.102
438 307 33 12 0.096
571 301 12 12 0.095
361 404 36 45 0.094
150 302 10 10 0.094
397 293 7 16 0.093
585 317 12 13 0.092
628 298 9 9 0.092
274 312 8 11 0.088
488 327 10 11 0.085
526 401 35 39 0.082
227 312 10 11 0.081
310 318 10 11 0.079
960 327 8 11 0.078
479 321 10 11 0.077
147 301 9 9 0.075
951 304 8 9 0.075
692 292 8 9 0.072
626 313 9 9 0.071
616 312 10 11 0.069
319 314 9 13 0.068
683 312 11 11 0.067
202 319 9 9 0.067
548 288 8 9 0.066
582 313 12 18 0.065
608 292 15 9 0.064
333 320 9 10 0.060
349 426 37 70 0.058
672 311 20 10 0.058
576 294 26 11 0.057
461 452 66 72 0.057
244 300 7 15 0.056
481 324 22 11 0.056
460 310 10 9 0.055
613 310 20 12 0.054
445 309 10 11 0.052
612 292 15 9 0.050
437 290 8 7 0.049
679 311 13 16 0.049
542 319 10 9 0.047
409 309 25 9 0.047
971 300 8 8 0.046
170 303 14 17 0.045
334 293 7 7 0.045
372 406 32 39 0.044
411 327 12 14 0.044
316 326 10 13 0.043
610 308 12 13 0.043
626 300 11 23 0.043
882 682 51 86 0.043
227 309 17 14 0.042
481 326 9 10 0.040
288 328 9 9 0.039
285 290 7 7 0.039
923 346 11 12 0.039
651 295 12 27 0.039
584 304 17 27 0.038
542 306 8 24 0.037
364 281 7 7 0.037
361 314 11 10 0.037
374 311 19 13 0.036
890 321 10 11 0.036
303 342 10 12 0.035
913 323 8 10 0.035
960 325 7 9 0.035
876 340 8 9 0.035
973 299 9 10 0.032
424 299 11 16 0.031
475 279 8 8 0.031
149 295 8 36 0.031
640 314 18 10 0.030
769 311 14 13 0.030
1007 321 11 14 0.030
629 294 9 8 0.029
655 294 8 8 0.028
560 294 13 8 0.026
548 287 16 19 0.026
630 298 30 9 0.026
416 329 13 13 0.025
244 312 8 23 0.025
672 294 7 8 0.025
957 325 11 21 0.025
973 297 7 18 0.024
501 292 8 9 0.024
953 376 22 29 0.024
690 290 11 16 0.024
876 303 7 14 0.024
1015 267 8 8 0.024
754 293 8 7 0.024
260 327 10 11 0.024
667 295 16 12 0.023
125 302 12 10 0.022
243 295 7 36 0.022
171 311 10 13 0.022
591 317 16 10 0.022
575 302 19 31 0.022
534 400 38 47 0.021
925 342 10 12 0.021
868 324 35 9 0.021
238 331 11 9 0.021
778 316 10 12 0.021
867 322 13 9 0.020
918 383 19 41 0.020
