0_Parade_Parade_0_165
276
397 320 33 40 0.845
697 318 34 38 0.832
961 323 30 34 0.828
307 294 33 36 0.828
773 271 25 30 0.814
563 275 27 34 0.814
79 275 19 22 0.812
660 258 23 26 0.805
1001 264 23 27 0.801
126 262 22 27 0.798
567 239 21 25 0.790
189 262 26 30 0.773
437 272 26 28 0.770
251 234 20 23 0.769
374 263 21 25 0.768
43 239 19 22 0.767
902 290 22 25 0.765
815 251 16 19 0.756
476 252 17 20 0.752
318 239 15 16 0.741
739 241 15 18 0.734
942 251 17 19 0.731
408 253 18 21 0.731
858 243 17 20 0.714
916 244 18 21 0.712
789 241 17 18 0.704
690 239 15 16 0.701
16 246 19 20 0.655
475 228 14 17 0.648
589 218 16 19 0.648
0 240 10 17 0.579
759 219 11 14 0.517
813 227 13 13 0.471
845 215 11 13 0.464
139 238 17 18 0.462
729 189 8 11 0.412
223 210 10 12 0.404
364 241 11 12 0.388
153 201 10 11 0.372
755 203 8 10 0.369
317 183 8 9 0.337
272 196 7 9 0.331
571 197 9 10 0.328
897 205 10 12 0.324
904 177 10 14 0.305
32 201 12 14 0.297
186 221 12 13 0.290
486 198 7 8 0.288
542 180 8 10 0.268
699 208 9 12 0.254
269 168 6 7 0.252
795 209 11 13 0.238
252 196 9 12 0.232
305 222 13 15 0.228
356 216 9 11 0.222
434 201 12 14 0.215
986 214 11 12 0.213
416 197 9 10 0.209
393 197 9 10 0.202
744 225 11 14 0.194
502 202 10 12 0.190
181 203 11 13 0.182
742 228 13 23 0.177
127 222 12 14 0.171
306 213 13 17 0.169
572 199 10 12 0.168
801 320 24 31 0.166
619 190 8 9 0.165
809 223 14 18 0.162
524 205 12 12 0.161
69 217 17 18 0.157
304 270 20 17 0.155
888 225 12 14 0.151
289 175 7 7 0.150
204 210 9 11 0.149
384 216 9 11 0.148
910 246 49 20 0.147
55 211 10 12 0.144
403 178 7 8 0.144
672 208 9 12 0.143
510 199 9 12 0.143
832 216 11 11 0.141
232 221 12 13 0.141
313 213 12 14 0.137
632 207 9 11 0.136
293 175 7 8 0.128
897 208 11 15 0.128
435 191 10 10 0.128
342 189 7 14 0.127
118 189 8 11 0.125
1 215 6 10 0.121
871 211 11 12 0.118
657 206 10 10 0.112
890 253 12 15 0.111
382 185 12 9 0.111
434 189 11 23 0.110
775 207 9 11 0.106
166 241 14 15 0.106
63 217 13 18 0.105
397 211 11 9 0.105
338 239 11 13 0.102
306 205 15 21 0.098
200 230 15 19 0.094
895 198 12 29 0.094
90 183 8 13 0.093
369 239 11 13 0.093
395 194 8 22 0.090
121 177 8 9 0.089
350 202 13 12 0.089
286 176 12 8 0.088
276 217 9 12 0.087
101 199 10 9 0.086
671 218 11 13 0.083
117 205 14 12 0.082
248 197 9 25 0.082
57 216 27 15 0.081
662 207 20 11 0.081
18 198 8 9 0.078
356 197 7 28 0.077
658 253 20 24 0.077
463 286 13 15 0.076
302 225 12 15 0.076
227 216 22 14 0.075
517 211 10 12 0.075
923 209 12 13 0.074
86 218 13 13 0.073
651 183 9 12 0.072
669 211 12 21 0.072
252 213 10 11 0.072
830 220 11 12 0.072
219 207 15 20 0.071
502 201 29 11 0.071
357 190 7 27 0.071
464 123 17 30 0.068
414 196 24 12 0.068
191 205 23 12 0.067
909 197 11 13 0.067
667 221 13 13 0.066
637 182 9 12 0.065
637 183 17 9 0.063
774 189 8 9 0.063
720 252 16 17 0.062
773 206 19 13 0.062
166 242 18 22 0.061
389 192 15 17 0.060
951 210 11 11 0.060
531 207 20 11 0.059
302 240 13 17 0.059
896 202 22 12 0.059
373 185 10 16 0.058
313 179 8 22 0.058
658 210 11 15 0.057
701 204 9 9 0.057
125 227 11 13 0.056
371 185 22 8 0.055
26 192 18 26 0.054
500 207 12 14 0.054
233 180 7 6 0.054
335 173 7 26 0.053
296 184 8 30 0.053
931 217 12 15 0.053
29 174 8 9 0.052
653 185 8 16 0.052
424 200 22 13 0.050
983 213 16 21 0.050
512 178 7 9 0.050
318 197 11 28 0.049
143 174 10 9 0.049
252 189 11 33 0.049
538 207 12 20 0.048
803 193 8 9 0.047
645 262 16 21 0.047
459 200 11 10 0.047
987 214 24 12 0.044
452 247 13 15 0.044
295 196 11 27 0.043
106 175 8 9 0.043
892 247 14 18 0.042
933 222 11 11 0.042
662 171 8 9 0.042
722 210 10 11 0.041
167 174 15 9 0.040
250 230 17 19 0.040
541 177 9 23 0.040
152 221 14 13 0.040
922 210 15 21 0.040
603 198 11 12 0.040
126 230 15 19 0.039
124 209 10 28 0.038
497 200 21 19 0.038
340 197 9 22 0.037
224 227 14 16 0.037
461 198 9 26 0.037
134 215 16 16 0.037
205 186 15 26 0.037
1012 213 9 11 0.037
88 221 12 13 0.036
773 186 9 23 0.036
299 229 19 24 0.036
378 242 16 13 0.035
939 181 11 11 0.035
782 222 13 14 0.034
278 255 13 17 0.034
724 210 9 17 0.034
416 230 15 16 0.034
397 175 16 20 0.034
436 206 10 13 0.033
217 180 16 16 0.033
867 210 12 11 0.033
864 249 22 17 0.033
706 227 14 16 0.033
120 172 7 31 0.033
225 240 15 21 0.032
386 195 13 32 0.032
457 214 10 12 0.032
290 166 13 30 0.031
879 196 8 12 0.031
14 192 16 15 0.031
525 203 18 22 0.031
62 191 17 19 0.030
365 166 6 7 0.030
805 190 7 9 0.030
459 210 14 14 0.030
170 173 11 19 0.030
1008 215 14 13 0.030
896 217 20 12 0.030
690 200 15 10 0.030
545 213 14 23 0.030
235 210 28 20 0.030
24 228 15 17 0.030
964 200 9 10 0.029
54 180 9 23 0.029
365 166 7 13 0.029
964 229 12 15 0.029
639 250 19 21 0.029
60 196 17 27 0.029
362 244 14 15 0.028
777 211 20 21 0.028
36 187 14 30 0.028
75 194 12 28 0.028
20 228 14 14 0.027
597 192 25 14 0.027
76 184 14 24 0.026
37 232 17 27 0.026
545 223 14 15 0.026
134 192 28 14 0.026
627 196 13 30 0.026
913 196 10 12 0.026
35 219 16 12 0.025
496 202 40 18 0.025
272 223 15 15 0.025
46 189 25 15 0.024
548 195 13 14 0.024
424 191 11 7 0.024
101 188 19 22 0.024
660 206 33 31 0.024
470 154 8 12 0.024
1 184 7 27 0.024
589 194 17 10 0.023
89 197 15 22 0.023
590 192 8 8 0.023
200 179 24 17 0.023
220 175 9 14 0.022
722 216 15 14 0.022
798 192 9 8 0.022
165 189 20 17 0.022
174 260 28 25 0.022
776 186 10 10 0.021
304 261 16 21 0.021
775 195 21 17 0.021
639 179 8 8 0.021
100 217 16 15 0.021
997 225 15 23 0.020
776 318 17 20 0.020
356 177 18 18 0.020
270 162 6 39 0.020
