0_Parade_Parade_0_305
52
245 82 57 69 0.868
0 25 70 91 0.844
887 169 53 66 0.830
579 136 31 40 0.818
797 200 27 34 0.804
466 133 42 55 0.794
751 124 24 31 0.785
795 156 23 29 0.784
936 221 25 32 0.518
685 138 23 28 0.495
544 130 22 28 0.367
416 156 20 24 0.358
646 161 19 28 0.332
710 176 30 39 0.246
394 135 8 10 0.232
719 161 29 39 0.187
963 217 27 32 0.144
948 219 33 33 0.142
342 202 18 19 0.137
500 119 16 20 0.126
707 185 23 32 0.125
717 149 33 35 0.121
711 157 27 32 0.096
424 158 19 21 0.088
637 166 22 26 0.087
160 140 13 15 0.081
658 115 27 32 0.074
408 135 10 13 0.069
388 210 20 24 0.068
347 202 22 19 0.064
677 139 25 34 0.063
382 148 10 12 0.062
496 116 23 35 0.061
973 215 21 29 0.057
362 198 16 19 0.056
620 169 16 20 0.052
726 144 26 33 0.045
355 153 12 19 0.040
193 136 14 15 0.039
703 151 24 31 0.038
395 135 14 14 0.037
535 134 21 27 0.036
135 173 13 15 0.031
639 158 20 25 0.029
629 134 13 24 0.027
625 171 21 23 0.027
355 160 13 17 0.027
652 163 18 24 0.025
395 140 23 25 0.024
149 155 17 23 0.023
668 119 25 37 0.023
655 119 19 25 0.023
