0_Parade_marchingband_1_120
592
567 285 55 60 0.817
234 342 33 38 0.804
800 288 46 49 0.785
962 297 49 50 0.683
139 305 26 29 0.674
432 282 36 47 0.643
379 305 27 33 0.546
571 263 10 13 0.495
724 237 10 12 0.491
891 262 11 13 0.487
223 289 9 11 0.481
974 272 11 12 0.477
873 239 12 13 0.474
926 246 11 14 0.457
333 160 8 9 0.441
797 211 9 11 0.439
949 233 10 12 0.436
868 257 12 14 0.424
369 127 8 9 0.423
189 226 8 10 0.397
690 244 10 12 0.390
384 168 8 10 0.388
525 274 11 12 0.376
534 226 8 11 0.375
917 147 9 10 0.369
165 221 9 11 0.353
589 219 9 10 0.347
702 234 9 12 0.346
151 345 22 26 0.346
211 225 8 9 0.344
730 202 9 11 0.340
430 84 7 9 0.334
992 239 10 12 0.330
402 119 7 8 0.329
522 230 8 10 0.323
319 168 7 9 0.323
547 273 9 11 0.320
772 110 8 8 0.313
938 143 9 9 0.300
902 155 9 11 0.298
925 179 9 10 0.297
901 231 10 12 0.295
500 250 9 10 0.293
575 246 9 10 0.292
276 106 9 9 0.292
973 242 10 11 0.288
947 121 8 10 0.284
782 148 7 8 0.283
442 173 7 8 0.281
293 298 11 13 0.281
554 96 7 8 0.280
563 271 10 13 0.279
304 190 8 9 0.269
793 155 8 9 0.269
65 269 12 15 0.266
988 165 9 11 0.264
936 167 9 10 0.259
752 208 9 12 0.256
280 179 7 9 0.255
534 249 8 9 0.247
478 161 8 10 0.244
431 109 7 9 0.244
780 166 8 9 0.238
922 233 10 11 0.237
214 319 10 12 0.236
569 166 7 9 0.231
1003 174 9 11 0.228
278 256 9 12 0.227
335 294 9 11 0.227
516 95 7 9 0.225
743 93 8 10 0.223
754 166 8 10 0.223
896 134 8 10 0.221
1015 109 8 11 0.218
525 179 8 9 0.217
356 36 7 7 0.217
971 133 8 11 0.217
965 223 10 12 0.214
407 154 7 9 0.210
556 260 8 12 0.210
993 91 8 9 0.210
711 85 7 8 0.209
228 227 8 10 0.206
194 93 8 8 0.203
105 173 8 9 0.202
360 70 6 7 0.200
904 187 10 12 0.197
836 133 8 10 0.191
965 121 8 9 0.191
907 211 10 12 0.189
629 325 25 30 0.188
169 338 23 28 0.186
517 264 11 12 0.186
400 173 8 9 0.180
995 193 10 11 0.180
680 213 9 10 0.180
728 154 7 9 0.179
997 116 8 11 0.178
949 205 10 12 0.174
323 271 9 11 0.173
1016 139 7 11 0.172
274 192 9 10 0.172
221 247 9 10 0.170
761 192 8 10 0.167
870 240 13 20 0.166
704 250 9 11 0.165
402 133 7 9 0.163
436 148 7 9 0.163
760 135 8 9 0.160
898 110 7 8 0.154
544 99 6 7 0.154
957 178 9 10 0.151
738 121 8 10 0.151
889 188 10 10 0.150
900 238 14 14 0.149
500 106 8 9 0.149
434 186 8 9 0.148
100 149 8 8 0.147
130 108 6 7 0.146
435 211 9 10 0.146
822 194 9 9 0.145
173 153 8 9 0.144
394 198 7 9 0.144
298 243 9 10 0.144
858 146 10 12 0.143
622 78 7 10 0.140
976 264 12 14 0.140
549 287 10 12 0.139
975 109 8 9 0.139
720 115 9 10 0.136
882 108 8 8 0.133
954 107 7 9 0.128
296 322 13 15 0.126
703 201 8 9 0.125
279 181 9 11 0.125
900 229 11 27 0.125
174 66 7 8 0.124
352 152 8 9 0.124
95 173 10 10 0.124
366 53 7 9 0.123
524 297 14 17 0.122
787 255 10 13 0.121
680 234 9 11 0.120
207 320 11 13 0.120
716 186 9 10 0.119
190 119 7 8 0.117
264 308 12 14 0.116
529 131 8 9 0.116
887 164 9 12 0.115
221 122 8 9 0.113
172 91 6 8 0.113
223 249 9 11 0.112
550 97 13 8 0.112
193 66 7 9 0.112
259 206 9 12 0.112
821 174 10 12 0.112
865 302 12 15 0.112
979 185 11 12 0.111
957 266 9 12 0.111
262 238 9 12 0.111
447 111 8 14 0.111
213 104 8 9 0.109
16 110 9 10 0.109
373 281 11 12 0.109
570 214 10 13 0.109
460 0 7 8 0.109
797 245 12 13 0.108
401 167 7 19 0.108
582 95 7 8 0.107
504 123 8 10 0.105
807 81 7 9 0.105
399 213 8 11 0.104
524 269 12 30 0.104
804 103 7 9 0.103
774 213 11 13 0.103
472 97 7 8 0.103
97 173 18 10 0.101
567 259 13 16 0.101
151 154 7 9 0.101
480 9 8 9 0.100
317 192 8 9 0.100
1015 141 8 14 0.100
862 258 33 14 0.100
243 211 8 11 0.099
911 327 32 37 0.099
877 211 9 11 0.096
690 81 6 8 0.095
191 40 7 8 0.095
704 199 9 19 0.094
997 111 9 22 0.092
319 165 14 11 0.092
507 191 9 10 0.092
413 213 11 11 0.092
229 225 10 10 0.091
754 197 8 24 0.091
883 122 14 9 0.091
959 174 9 16 0.090
696 237 12 14 0.090
902 248 11 15 0.090
810 212 8 9 0.089
726 277 9 12 0.088
222 115 7 20 0.088
926 52 7 9 0.088
437 173 13 9 0.088
1001 102 10 12 0.088
693 263 11 12 0.087
932 257 13 14 0.087
708 211 10 11 0.087
209 316 18 17 0.087
869 229 13 55 0.085
243 214 18 11 0.085
894 240 11 37 0.085
244 246 10 11 0.083
921 6 8 8 0.083
986 165 8 31 0.083
371 174 14 9 0.083
780 150 17 9 0.082
542 154 7 9 0.081
994 147 12 12 0.081
462 124 8 8 0.080
798 268 10 13 0.080
205 308 16 11 0.080
70 111 7 9 0.079
519 126 7 10 0.079
705 209 9 20 0.079
51 107 7 9 0.078
486 98 6 6 0.078
243 0 7 7 0.078
925 244 29 11 0.078
993 194 10 13 0.077
0 256 14 47 0.077
389 32 7 8 0.077
990 225 10 29 0.076
110 110 7 9 0.075
734 298 32 35 0.075
983 181 14 21 0.075
125 125 8 9 0.075
254 85 7 8 0.075
993 121 9 15 0.075
228 326 13 13 0.073
944 229 13 14 0.073
888 187 26 11 0.072
502 105 8 22 0.072
461 99 19 9 0.071
812 160 10 13 0.071
246 218 9 14 0.070
260 311 15 16 0.070
901 184 9 12 0.070
388 149 7 9 0.069
293 268 12 14 0.069
940 147 11 11 0.069
959 179 10 18 0.069
531 129 7 9 0.069
849 174 9 16 0.069
938 165 12 12 0.068
161 124 6 8 0.068
888 161 8 24 0.068
907 164 10 12 0.068
884 271 10 22 0.067
869 187 10 16 0.067
402 122 7 11 0.067
543 6 8 8 0.067
998 145 9 19 0.067
3 275 22 52 0.067
481 108 7 10 0.066
776 189 9 11 0.066
448 99 10 12 0.066
964 5 9 9 0.066
882 144 10 18 0.065
388 27 7 15 0.064
529 3 7 8 0.064
412 212 21 10 0.064
965 162 9 17 0.064
422 134 8 12 0.063
206 227 35 8 0.063
798 250 12 12 0.062
667 81 8 8 0.062
977 5 9 9 0.061
728 199 11 10 0.061
497 135 9 9 0.060
570 205 8 11 0.060
294 298 13 41 0.060
897 107 8 17 0.059
167 124 7 8 0.059
230 101 9 9 0.059
264 230 9 15 0.059
699 223 11 25 0.058
427 170 8 18 0.058
216 287 9 12 0.058
805 176 9 11 0.058
295 261 12 20 0.057
189 242 8 11 0.057
793 247 17 20 0.056
255 208 12 21 0.056
297 244 10 16 0.056
580 166 8 9 0.055
455 187 8 9 0.055
134 58 8 10 0.055
324 327 14 14 0.054
213 85 8 9 0.054
491 24 8 9 0.054
678 237 9 12 0.054
826 159 10 16 0.054
283 206 10 12 0.054
938 204 15 11 0.054
127 178 8 9 0.053
203 316 10 13 0.053
986 135 19 13 0.053
366 262 10 11 0.052
244 301 10 12 0.052
976 179 19 15 0.052
0 266 11 54 0.052
266 228 10 12 0.052
518 128 20 9 0.051
499 132 8 14 0.051
998 128 8 31 0.051
94 366 20 24 0.051
737 116 14 13 0.051
847 191 10 11 0.051
908 21 8 8 0.051
8 289 26 35 0.051
731 293 22 40 0.051
235 58 10 10 0.050
462 97 10 8 0.050
986 215 15 17 0.050
441 293 38 46 0.049
667 319 34 39 0.049
189 265 9 11 0.049
963 145 8 18 0.049
413 217 9 10 0.049
806 145 8 12 0.049
727 301 21 23 0.049
259 241 9 16 0.049
1010 153 11 13 0.048
429 164 9 19 0.048
818 161 16 14 0.048
813 22 8 10 0.048
993 162 19 22 0.048
848 175 16 11 0.047
277 258 12 14 0.047
221 47 8 9 0.047
850 122 7 17 0.047
211 104 19 9 0.047
364 175 19 9 0.046
453 97 8 9 0.046
173 343 24 27 0.046
866 200 10 11 0.046
1017 231 7 12 0.045
957 112 19 19 0.045
834 149 11 12 0.045
118 149 7 8 0.045
333 293 13 16 0.045
833 134 24 10 0.045
397 194 9 29 0.045
289 268 11 14 0.044
249 36 7 8 0.044
998 212 12 15 0.044
427 112 29 9 0.044
127 129 10 9 0.044
312 18 8 11 0.044
849 177 8 22 0.044
243 237 9 20 0.044
553 249 13 10 0.044
705 24 8 8 0.043
794 259 15 20 0.043
939 111 7 7 0.043
773 217 10 12 0.043
302 188 7 8 0.043
964 2 7 18 0.043
512 252 14 26 0.043
161 122 8 12 0.042
269 192 16 19 0.042
693 94 8 9 0.042
501 125 30 8 0.042
977 98 7 8 0.042
912 113 8 31 0.041
726 116 22 11 0.041
791 256 14 28 0.041
660 326 34 39 0.041
345 38 7 8 0.041
889 265 11 16 0.041
868 276 22 13 0.040
678 216 34 10 0.040
371 276 15 22 0.040
347 178 16 10 0.040
794 20 7 8 0.040
151 21 8 13 0.040
847 93 8 10 0.040
202 308 10 12 0.040
400 10 13 10 0.039
414 181 8 17 0.039
306 302 16 12 0.039
90 137 9 15 0.038
399 135 29 9 0.038
783 219 12 13 0.038
282 205 11 22 0.038
868 277 12 16 0.038
433 287 23 30 0.038
88 140 8 10 0.038
983 228 20 31 0.038
443 209 8 10 0.037
547 142 8 8 0.037
102 174 23 10 0.037
0 252 21 61 0.037
744 220 11 13 0.037
573 217 11 13 0.036
400 7 9 9 0.036
485 0 9 12 0.036
750 175 8 15 0.036
352 150 7 8 0.036
992 224 12 18 0.036
883 284 12 18 0.036
680 319 31 35 0.036
1016 224 8 20 0.035
443 116 17 10 0.035
863 110 14 13 0.035
780 283 12 14 0.035
38 112 9 14 0.035
677 229 9 12 0.035
517 164 11 11 0.035
726 302 30 40 0.035
874 111 7 35 0.034
97 361 31 27 0.034
1 1 8 8 0.034
405 5 8 21 0.034
312 303 19 16 0.034
299 253 11 12 0.034
435 103 18 13 0.034
976 188 8 29 0.034
726 265 10 15 0.034
397 223 10 11 0.033
482 0 9 25 0.033
370 281 24 51 0.033
276 251 19 30 0.033
494 176 8 10 0.033
870 238 11 14 0.033
907 171 12 18 0.033
943 246 19 17 0.033
686 238 28 21 0.033
691 75 7 26 0.032
810 134 8 9 0.032
445 171 11 9 0.032
529 133 14 10 0.032
686 81 12 8 0.032
742 187 15 14 0.032
969 208 16 27 0.032
479 2 10 17 0.032
567 203 10 16 0.032
939 184 11 12 0.032
105 29 8 9 0.032
250 104 8 10 0.031
926 20 11 7 0.031
872 154 8 29 0.031
860 188 20 11 0.031
616 318 40 42 0.031
553 219 13 10 0.031
748 110 19 10 0.031
883 20 9 9 0.031
168 66 24 8 0.031
372 90 7 8 0.031
205 150 8 9 0.031
519 292 13 16 0.030
402 275 16 20 0.030
860 139 31 9 0.030
811 16 8 18 0.030
551 163 13 9 0.030
825 197 11 11 0.030
542 101 7 8 0.030
688 263 11 13 0.030
518 153 6 34 0.030
520 228 8 25 0.030
838 149 33 10 0.030
289 212 10 14 0.030
218 350 15 17 0.029
241 207 8 10 0.029
847 10 7 7 0.029
717 115 8 10 0.029
914 110 8 9 0.029
524 196 10 14 0.029
323 311 12 29 0.029
437 27 7 7 0.029
106 349 28 31 0.029
790 250 14 19 0.029
234 326 12 14 0.029
814 186 12 13 0.029
994 243 11 21 0.028
93 178 9 9 0.028
870 168 9 24 0.028
292 228 10 22 0.028
655 332 29 30 0.028
882 136 26 11 0.028
478 109 22 8 0.028
936 110 8 21 0.028
543 147 11 21 0.028
951 195 23 26 0.027
109 107 9 17 0.027
257 261 13 12 0.027
302 267 28 11 0.027
1008 0 11 10 0.027
303 309 18 19 0.027
0 241 19 50 0.027
920 110 7 8 0.027
794 241 14 47 0.027
806 144 12 23 0.026
951 301 40 45 0.026
119 148 10 10 0.026
926 15 7 18 0.026
213 284 13 63 0.026
275 35 8 8 0.026
900 325 35 35 0.026
992 259 13 17 0.025
156 64 7 7 0.025
627 8 9 8 0.025
191 267 10 10 0.025
658 343 27 33 0.025
324 310 14 20 0.025
465 97 28 14 0.025
847 8 7 16 0.025
870 104 12 33 0.025
882 105 17 29 0.025
244 102 15 10 0.025
344 152 17 12 0.025
205 254 14 18 0.025
366 127 8 9 0.025
1013 17 10 13 0.024
948 17 8 10 0.024
229 288 10 11 0.024
727 263 15 19 0.024
335 390 37 47 0.024
521 302 18 19 0.024
317 269 19 16 0.024
869 279 13 33 0.024
869 109 13 9 0.024
482 102 25 10 0.024
276 30 7 10 0.024
868 193 13 28 0.023
202 250 22 12 0.023
516 148 7 22 0.023
375 173 8 31 0.023
268 267 10 11 0.023
508 258 9 18 0.023
545 215 25 12 0.023
138 295 23 25 0.023
463 98 7 32 0.023
820 136 16 15 0.023
688 25 7 7 0.023
513 195 18 10 0.023
850 116 9 19 0.022
545 180 8 20 0.022
904 188 10 24 0.022
109 76 7 9 0.022
0 287 14 41 0.022
15 144 8 20 0.022
177 154 7 9 0.022
247 28 8 15 0.022
735 263 12 14 0.022
936 1 9 8 0.022
448 197 9 16 0.022
770 191 14 31 0.022
721 318 23 28 0.022
262 88 6 9 0.022
978 0 6 32 0.022
176 37 9 12 0.021
790 236 10 14 0.021
241 298 11 15 0.021
607 212 9 10 0.021
378 192 8 11 0.021
844 95 8 9 0.021
528 297 22 17 0.021
17 47 8 10 0.021
208 316 40 23 0.021
593 214 19 12 0.021
964 163 33 15 0.021
849 154 9 31 0.021
190 94 13 9 0.021
706 87 13 11 0.021
441 281 43 45 0.021
151 172 7 9 0.021
960 243 20 23 0.021
201 322 12 17 0.021
949 184 13 48 0.021
811 88 6 8 0.020
293 10 8 25 0.020
684 82 15 10 0.020
730 245 11 25 0.020
320 317 28 27 0.020
887 288 15 16 0.020
337 14 7 18 0.020
823 140 10 36 0.020
858 302 18 24 0.020
208 121 15 12 0.020
544 294 13 18 0.020
