0_Parade_marchingband_1_854
61
699 660 52 66 0.849
804 516 28 36 0.821
865 365 45 57 0.798
697 465 18 24 0.759
653 479 16 19 0.748
384 351 13 15 0.521
312 354 11 12 0.455
348 356 9 10 0.448
129 388 7 9 0.269
417 359 9 10 0.255
841 403 14 16 0.228
954 416 14 15 0.192
488 366 11 11 0.179
316 351 11 14 0.130
280 345 9 11 0.103
515 363 8 8 0.101
281 366 9 11 0.101
181 391 7 9 0.098
950 414 14 15 0.097
72 350 7 10 0.088
578 367 9 9 0.076
1016 446 7 8 0.070
71 352 7 9 0.069
419 358 8 9 0.066
172 369 6 6 0.064
1004 396 8 9 0.060
443 364 9 9 0.054
178 388 10 9 0.051
840 358 8 9 0.046
446 363 9 11 0.046
463 361 10 12 0.044
839 402 12 15 0.039
352 382 8 9 0.038
133 355 7 6 0.036
862 359 34 51 0.036
415 361 9 9 0.034
180 395 7 9 0.033
479 364 14 12 0.029
24 384 8 10 0.028
46 383 7 8 0.028
439 364 21 9 0.027
604 379 6 6 0.027
205 352 7 9 0.026
943 411 12 15 0.026
74 352 9 6 0.025
601 370 8 9 0.025
603 370 7 15 0.025
461 360 19 11 0.024
622 369 6 9 0.024
142 354 8 14 0.024
334 355 12 9 0.024
141 356 8 7 0.023
466 361 25 12 0.023
526 364 9 9 0.023
238 342 6 8 0.021
239 341 6 13 0.021
1002 298 21 42 0.021
140 382 15 14 0.021
623 369 7 8 0.020
807 378 8 8 0.020
778 379 7 6 0.020
