0_Parade_marchingband_1_405
96
488 503 18 21 0.797
276 489 18 24 0.757
882 459 16 20 0.718
723 459 18 24 0.715
850 455 13 17 0.692
296 472 13 16 0.638
707 461 15 19 0.619
816 455 11 14 0.595
414 464 10 12 0.590
835 463 10 14 0.588
450 457 10 11 0.580
798 461 14 16 0.575
768 469 14 17 0.573
307 453 10 12 0.567
5 526 18 26 0.565
774 449 12 13 0.558
366 445 9 10 0.546
922 456 9 12 0.545
379 459 9 12 0.535
560 453 13 18 0.518
621 452 17 19 0.484
402 442 8 9 0.421
429 462 10 12 0.385
221 475 10 13 0.377
364 465 10 12 0.359
346 463 8 9 0.355
327 481 8 10 0.341
759 458 14 17 0.309
987 450 11 15 0.279
1012 439 11 13 0.271
99 510 18 33 0.241
484 477 15 18 0.229
560 450 12 15 0.228
558 459 16 18 0.226
765 454 17 17 0.214
414 463 22 11 0.191
764 455 18 30 0.186
795 459 32 16 0.151
839 444 9 12 0.143
445 424 7 8 0.141
426 434 7 8 0.136
670 450 11 14 0.135
958 481 9 9 0.122
487 492 17 22 0.117
814 460 37 14 0.113
664 447 16 15 0.099
743 456 12 12 0.095
745 465 12 16 0.092
397 454 10 13 0.090
714 459 21 24 0.087
422 434 14 9 0.087
985 447 27 16 0.083
402 438 15 13 0.083
745 455 14 27 0.082
310 452 10 11 0.082
659 445 12 14 0.081
621 459 17 21 0.074
429 433 9 12 0.072
812 451 13 16 0.068
1010 531 14 24 0.067
894 464 13 14 0.063
617 455 17 21 0.060
370 477 9 10 0.054
542 435 7 10 0.053
924 457 13 10 0.051
399 445 20 10 0.051
450 419 10 8 0.042
230 513 7 9 0.041
355 462 18 15 0.039
442 421 21 9 0.038
666 424 8 12 0.037
977 459 11 17 0.036
409 430 6 6 0.036
380 463 12 14 0.036
372 464 16 19 0.036
609 456 11 14 0.035
615 501 14 17 0.035
561 444 9 16 0.034
976 465 10 12 0.034
458 415 11 16 0.032
841 441 11 12 0.030
364 450 10 25 0.030
795 459 13 13 0.029
952 493 10 11 0.028
707 450 12 24 0.027
626 439 10 22 0.025
484 473 13 15 0.025
356 449 33 38 0.025
475 429 11 10 0.024
665 424 10 27 0.024
443 423 7 7 0.024
604 455 12 11 0.023
222 481 9 13 0.023
489 475 11 14 0.021
452 452 22 11 0.020
940 453 10 12 0.020
