0_Parade_marchingband_1_30
31
171 185 63 67 0.752
404 195 51 54 0.710
773 259 27 27 0.668
567 225 47 50 0.652
467 241 30 33 0.642
665 272 26 31 0.508
635 245 20 22 0.481
690 265 26 30 0.453
855 265 18 21 0.357
806 263 18 25 0.344
522 262 23 24 0.342
884 275 18 16 0.206
672 277 26 30 0.153
814 266 24 25 0.141
870 273 20 17 0.091
824 259 23 27 0.085
683 281 31 28 0.080
728 271 12 12 0.073
464 225 38 39 0.053
577 216 46 47 0.053
672 268 23 27 0.037
759 254 30 31 0.036
767 251 30 28 0.034
764 249 17 20 0.033
821 270 21 23 0.030
878 258 15 17 0.028
696 282 20 23 0.028
153 153 64 72 0.026
866 257 20 16 0.024
487 238 23 27 0.023
745 262 13 15 0.021
