0_Parade_marchingband_1_860
149
442 367 16 19 0.741
170 387 17 20 0.674
311 377 17 20 0.673
350 374 14 17 0.635
94 391 19 21 0.626
30 387 15 17 0.623
543 381 13 15 0.603
280 383 12 15 0.574
215 393 14 16 0.532
636 386 11 13 0.443
157 399 13 15 0.442
791 400 9 9 0.415
723 390 8 11 0.394
585 399 10 12 0.384
615 387 10 11 0.338
110 393 16 19 0.326
397 397 10 11 0.311
266 390 8 10 0.302
668 401 9 10 0.279
369 381 12 13 0.274
974 393 9 10 0.270
755 387 10 11 0.262
736 383 10 12 0.252
709 394 9 10 0.251
254 398 8 10 0.242
881 388 8 10 0.239
596 381 11 11 0.227
49 400 10 12 0.218
468 380 11 15 0.218
847 389 9 10 0.216
863 373 9 9 0.208
570 389 10 11 0.205
741 388 10 10 0.201
846 378 7 9 0.198
780 382 9 11 0.196
900 400 8 10 0.177
422 397 9 11 0.166
140 391 11 10 0.160
705 377 9 10 0.157
203 385 14 15 0.151
692 387 10 16 0.148
692 385 11 12 0.146
489 383 11 12 0.144
296 387 14 16 0.137
987 388 11 11 0.136
918 379 9 10 0.135
801 380 11 12 0.135
878 390 9 10 0.132
866 375 12 10 0.131
888 375 10 9 0.131
806 377 9 11 0.128
37 394 14 16 0.125
732 379 10 10 0.122
998 366 9 10 0.117
664 384 15 10 0.116
332 385 12 14 0.113
1003 393 10 12 0.113
518 385 11 11 0.108
251 396 18 11 0.107
944 369 8 10 0.107
776 383 13 12 0.104
82 396 10 12 0.104
789 400 8 10 0.104
834 390 14 10 0.103
195 393 15 20 0.102
771 390 13 10 0.099
577 383 12 11 0.099
465 371 11 13 0.095
734 386 28 11 0.095
805 377 11 16 0.092
360 378 21 14 0.091
714 359 7 9 0.089
198 400 14 18 0.088
471 383 11 12 0.085
949 390 10 11 0.084
679 387 20 10 0.083
694 396 9 10 0.079
498 388 11 11 0.079
977 379 9 9 0.077
780 379 9 9 0.072
563 385 20 15 0.070
1006 380 10 12 0.069
677 389 21 11 0.069
545 381 20 16 0.068
262 390 10 10 0.066
889 375 17 9 0.065
409 396 27 11 0.064
509 386 20 10 0.064
490 387 25 9 0.063
845 373 9 29 0.061
59 386 8 9 0.060
884 372 9 26 0.059
658 387 12 14 0.059
199 384 13 16 0.058
234 400 10 10 0.057
378 386 17 11 0.057
600 400 9 11 0.057
114 390 12 13 0.056
791 393 12 16 0.055
869 374 14 21 0.053
859 373 20 16 0.053
755 379 10 10 0.050
635 368 10 11 0.050
831 367 6 6 0.050
213 387 17 17 0.049
581 380 9 9 0.049
921 388 14 13 0.048
1 387 8 12 0.048
645 382 29 11 0.048
133 390 10 10 0.047
964 376 10 8 0.046
820 384 10 19 0.046
17 388 11 13 0.044
216 392 27 18 0.043
518 401 9 10 0.041
599 380 10 9 0.040
817 398 9 10 0.040
521 385 11 16 0.038
489 378 9 10 0.037
803 381 17 20 0.036
244 398 12 11 0.035
798 376 16 9 0.034
976 375 9 35 0.034
513 382 13 24 0.034
742 379 11 9 0.032
595 380 9 10 0.032
702 373 15 32 0.031
891 373 16 20 0.031
519 402 10 11 0.031
900 401 10 11 0.030
667 392 12 23 0.029
816 377 22 20 0.029
963 375 10 25 0.028
588 383 27 21 0.027
722 387 23 13 0.027
715 352 6 34 0.027
827 362 6 11 0.026
896 395 28 13 0.026
663 401 12 10 0.025
994 380 23 21 0.025
935 388 22 13 0.024
722 395 9 9 0.024
921 396 9 10 0.024
400 377 10 12 0.024
1000 388 15 15 0.023
830 360 11 32 0.022
827 373 27 27 0.022
602 380 18 30 0.021
1012 362 9 9 0.020
