0_Parade_Parade_0_64
44
269 128 47 59 0.787
328 138 40 53 0.779
382 155 45 55 0.764
202 126 47 57 0.748
92 171 37 42 0.651
875 178 30 33 0.643
143 173 35 39 0.617
498 171 28 35 0.607
560 176 30 36 0.605
526 171 27 35 0.592
425 156 26 34 0.592
28 160 29 40 0.588
13 156 37 44 0.573
814 211 26 29 0.571
761 199 28 30 0.568
926 170 28 33 0.564
57 173 27 33 0.520
619 185 29 38 0.508
450 156 26 35 0.485
475 166 28 35 0.463
662 177 27 34 0.446
987 168 26 30 0.433
714 159 25 37 0.384
685 182 25 33 0.260
791 182 21 25 0.260
399 154 54 45 0.203
849 178 27 33 0.168
592 180 31 38 0.142
454 161 45 35 0.128
1013 173 11 27 0.116
1 157 31 42 0.095
751 195 28 30 0.067
422 150 39 46 0.061
936 169 25 31 0.056
496 167 50 43 0.052
604 180 36 38 0.049
546 177 36 33 0.049
841 177 27 31 0.048
395 171 31 42 0.043
477 160 41 46 0.028
773 184 36 33 0.025
991 177 19 24 0.024
589 189 21 31 0.020
935 177 24 33 0.020
