0_Parade_Parade_0_638
54
532 253 75 105 0.860
769 592 21 26 0.819
96 399 32 41 0.809
37 451 31 39 0.806
830 596 21 24 0.803
785 462 21 26 0.803
847 581 19 22 0.801
833 545 15 19 0.787
878 580 22 24 0.780
159 441 29 34 0.769
1000 534 23 32 0.767
900 492 20 23 0.767
918 467 18 22 0.767
757 456 20 26 0.757
160 386 22 27 0.753
953 466 19 22 0.741
59 393 25 29 0.716
181 417 25 32 0.710
37 409 31 34 0.667
823 471 22 26 0.653
0 459 21 43 0.653
946 529 16 18 0.633
266 439 25 31 0.509
855 467 17 22 0.411
993 476 15 23 0.395
895 556 19 22 0.346
131 409 26 34 0.315
40 401 42 37 0.207
895 465 17 19 0.206
1018 481 6 23 0.144
764 450 20 23 0.119
125 417 25 32 0.113
258 436 25 32 0.103
0 476 18 41 0.086
958 578 18 22 0.059
1 409 15 31 0.056
306 468 14 19 0.056
250 433 24 32 0.054
1018 464 6 34 0.049
20 366 14 17 0.047
731 583 14 18 0.037
0 397 11 39 0.035
166 429 28 34 0.031
191 401 19 26 0.030
211 619 53 66 0.029
761 503 21 25 0.027
52 360 20 24 0.024
770 461 34 26 0.024
60 358 15 16 0.024
55 409 23 27 0.023
215 424 22 30 0.022
290 468 29 20 0.022
155 694 47 52 0.022
788 452 17 19 0.022
