0_Parade_marchingband_1_157
113
542 478 20 23 0.813
882 440 19 22 0.809
550 436 20 23 0.806
610 442 18 20 0.803
763 394 18 20 0.802
353 395 16 18 0.802
795 437 19 23 0.799
681 347 18 21 0.795
491 383 17 20 0.795
21 362 18 20 0.792
613 390 17 21 0.792
215 378 17 20 0.791
512 354 17 18 0.791
842 487 20 24 0.790
305 476 20 24 0.789
727 399 18 21 0.789
330 340 16 18 0.788
845 407 17 20 0.787
591 292 17 19 0.786
415 296 16 19 0.786
914 299 18 21 0.785
532 301 17 20 0.785
707 432 18 21 0.782
397 441 18 20 0.782
431 462 18 22 0.781
373 340 16 18 0.780
256 375 16 18 0.780
740 494 21 24 0.778
93 311 16 18 0.776
338 440 19 21 0.773
283 342 17 19 0.773
416 345 16 19 0.772
227 434 17 19 0.772
166 290 16 18 0.772
215 295 17 20 0.771
649 392 18 20 0.770
737 341 17 20 0.770
488 445 18 21 0.769
629 487 20 23 0.769
42 302 17 19 0.768
641 285 17 19 0.767
687 399 18 20 0.766
286 437 18 20 0.766
162 478 21 23 0.764
978 385 19 23 0.764
307 387 17 19 0.763
612 342 17 19 0.763
465 354 17 19 0.762
67 383 16 19 0.762
484 302 16 19 0.762
121 340 17 19 0.762
557 346 17 20 0.761
312 291 17 20 0.760
534 391 18 19 0.760
572 396 17 19 0.759
232 351 16 18 0.756
928 381 19 22 0.755
443 380 17 19 0.754
175 338 17 19 0.752
96 414 18 21 0.751
795 247 16 19 0.746
839 245 18 20 0.746
362 230 17 20 0.746
798 356 18 22 0.740
720 237 17 19 0.735
359 305 16 18 0.734
263 285 17 20 0.734
116 384 16 18 0.733
159 221 15 17 0.731
396 384 16 18 0.730
697 302 18 20 0.729
806 396 18 21 0.711
169 417 19 21 0.708
285 231 16 18 0.705
230 225 15 17 0.700
564 241 16 19 0.700
467 243 17 19 0.698
883 396 19 21 0.680
168 374 16 18 0.662
802 303 17 21 0.630
857 298 17 22 0.625
751 312 17 21 0.559
78 349 15 19 0.442
724 275 18 22 0.408
641 316 15 20 0.365
142 338 14 18 0.330
235 479 15 20 0.275
328 383 16 20 0.259
207 242 14 18 0.241
45 277 14 15 0.183
623 235 16 19 0.155
467 326 16 17 0.153
858 306 15 19 0.119
883 369 17 19 0.080
641 323 16 20 0.080
222 214 16 19 0.076
843 376 17 19 0.068
398 248 16 18 0.065
561 239 15 19 0.063
755 320 15 21 0.055
10 386 14 21 0.050
883 375 18 34 0.049
764 262 16 19 0.044
469 317 18 19 0.044
693 303 17 21 0.041
372 383 15 18 0.037
859 290 17 21 0.036
225 479 22 21 0.034
213 342 22 18 0.033
128 236 14 17 0.028
594 335 14 17 0.025
466 251 17 20 0.024
285 394 14 16 0.023
