0_Parade_Parade_0_144
163
803 68 25 34 0.831
373 163 26 34 0.817
73 288 28 36 0.817
880 87 25 30 0.804
564 121 25 32 0.796
209 215 25 34 0.796
161 240 24 34 0.778
1004 578 17 23 0.778
694 98 22 32 0.776
638 145 23 30 0.775
278 212 28 34 0.775
659 108 24 33 0.769
831 549 17 20 0.764
827 576 18 22 0.756
7 404 24 29 0.754
328 195 22 27 0.751
578 178 25 28 0.748
955 563 16 20 0.742
333 551 18 22 0.737
932 569 20 26 0.735
462 564 20 25 0.724
883 552 18 20 0.713
922 546 18 20 0.690
735 77 23 31 0.689
986 538 16 19 0.663
291 244 22 29 0.661
253 238 23 27 0.659
742 564 18 24 0.654
888 601 23 26 0.644
967 536 15 18 0.643
96 277 18 25 0.628
0 321 15 32 0.622
532 563 15 20 0.587
1004 558 16 21 0.581
483 104 23 30 0.561
189 574 15 17 0.556
406 602 17 21 0.552
985 563 16 19 0.542
584 559 15 18 0.539
362 554 19 23 0.538
315 552 15 19 0.535
500 561 13 14 0.521
649 575 15 17 0.507
741 596 18 23 0.471
402 577 14 17 0.462
1012 532 12 18 0.450
632 552 17 19 0.448
365 576 19 21 0.431
484 574 15 17 0.428
357 575 21 24 0.425
937 551 15 16 0.416
411 576 14 18 0.402
867 549 16 19 0.382
928 549 21 19 0.376
228 558 18 21 0.354
269 558 13 16 0.331
364 194 20 26 0.328
989 560 23 21 0.327
664 600 20 25 0.304
266 562 16 21 0.284
608 82 20 25 0.275
762 76 21 26 0.272
668 570 16 19 0.262
819 608 20 26 0.249
582 563 18 25 0.243
580 575 19 22 0.238
358 555 21 35 0.235
539 566 15 19 0.221
476 571 20 22 0.215
263 568 19 22 0.199
0 253 9 35 0.183
296 585 16 23 0.183
394 167 20 29 0.175
231 556 16 18 0.173
432 572 14 19 0.167
143 581 15 17 0.157
246 645 20 26 0.153
415 141 23 30 0.151
103 287 18 32 0.140
223 563 20 19 0.137
508 100 25 28 0.133
0 317 10 26 0.131
482 118 24 28 0.130
330 580 19 24 0.125
496 571 16 17 0.115
533 152 22 25 0.109
94 605 24 24 0.108
649 609 19 24 0.105
972 539 33 22 0.097
630 578 17 21 0.096
446 194 21 27 0.089
729 602 26 22 0.088
589 100 19 23 0.085
648 575 22 28 0.084
772 580 20 26 0.084
372 577 15 18 0.081
0 268 10 36 0.077
400 580 15 20 0.076
433 565 15 21 0.075
857 549 17 19 0.074
723 604 18 23 0.074
502 630 24 29 0.071
221 560 16 18 0.070
508 636 22 29 0.070
236 609 19 23 0.068
310 556 16 18 0.063
1 322 30 30 0.061
62 275 22 29 0.061
433 559 13 20 0.059
18 324 17 23 0.058
629 112 23 33 0.057
608 81 29 44 0.054
912 552 19 19 0.054
894 609 19 23 0.050
516 650 19 23 0.049
101 282 19 22 0.047
587 612 18 22 0.045
84 613 28 28 0.045
716 579 15 22 0.043
673 570 16 19 0.042
77 275 36 28 0.042
221 634 17 21 0.041
651 562 14 15 0.040
241 623 17 22 0.038
265 582 20 26 0.038
646 603 19 25 0.037
329 248 19 24 0.036
458 645 18 22 0.036
538 581 15 17 0.036
85 623 21 20 0.035
557 555 12 14 0.035
106 301 17 24 0.035
848 548 17 19 0.035
464 640 15 21 0.035
678 565 11 13 0.034
233 605 23 52 0.033
261 571 24 29 0.033
411 145 21 32 0.033
884 597 22 25 0.033
972 568 16 20 0.032
904 560 13 17 0.032
582 202 22 25 0.032
625 554 13 16 0.031
278 586 27 27 0.031
898 559 17 19 0.030
48 645 10 12 0.029
419 584 14 16 0.029
67 642 15 19 0.029
83 617 18 20 0.029
196 568 29 16 0.029
128 286 14 20 0.027
725 594 22 23 0.027
425 565 17 20 0.026
293 590 19 26 0.026
443 112 23 26 0.026
816 595 20 31 0.025
823 613 25 27 0.024
877 544 19 17 0.024
631 585 20 23 0.023
627 102 24 32 0.021
125 293 15 16 0.021
356 174 14 22 0.021
131 283 15 20 0.020
