0_Parade_marchingband_1_76
231
296 601 8 10 0.530
45 609 10 12 0.468
171 403 9 11 0.332
485 200 7 7 0.293
531 196 6 7 0.276
210 149 8 8 0.230
194 143 7 9 0.229
133 135 7 8 0.226
150 148 7 9 0.226
492 287 10 11 0.222
118 120 7 8 0.221
207 221 6 7 0.214
39 159 6 8 0.211
282 102 8 9 0.196
78 223 7 8 0.185
18 228 8 8 0.176
591 268 7 7 0.176
128 383 9 10 0.172
225 140 8 8 0.168
324 132 6 8 0.168
29 138 7 9 0.167
94 131 8 9 0.165
243 146 8 10 0.159
531 278 6 7 0.150
313 148 6 6 0.146
62 221 8 7 0.137
205 220 6 7 0.133
221 105 7 10 0.130
463 353 8 7 0.128
296 122 8 10 0.126
718 2 7 7 0.116
437 302 6 7 0.114
28 89 7 9 0.114
186 82 6 15 0.113
10 124 7 10 0.111
30 136 8 9 0.111
149 108 8 15 0.110
205 100 8 14 0.110
63 96 8 8 0.110
222 119 7 16 0.109
102 114 7 13 0.106
187 58 8 14 0.099
275 88 8 10 0.096
24 108 9 11 0.093
678 4 7 10 0.091
299 113 6 22 0.091
118 114 7 17 0.090
798 378 7 7 0.090
324 10 6 8 0.086
47 611 11 22 0.083
403 314 8 9 0.083
607 188 6 6 0.082
358 333 7 8 0.079
9 141 8 9 0.079
256 127 8 17 0.076
563 276 6 7 0.076
109 140 8 9 0.076
640 1 7 9 0.075
637 1 8 7 0.075
142 11 6 17 0.074
183 344 8 9 0.073
465 295 8 8 0.073
171 65 7 20 0.073
863 404 7 8 0.072
63 93 9 17 0.071
169 71 10 13 0.071
264 133 9 16 0.069
40 111 10 12 0.069
56 152 7 8 0.069
210 352 7 8 0.067
207 112 7 31 0.066
132 2 7 5 0.065
742 343 8 8 0.065
84 118 7 15 0.063
184 77 7 22 0.063
359 73 6 23 0.061
92 123 10 22 0.061
167 143 8 12 0.060
690 133 7 8 0.060
875 398 7 7 0.060
225 33 7 22 0.060
29 29 8 8 0.060
192 15 6 32 0.060
80 92 7 19 0.059
294 129 8 17 0.059
165 402 10 12 0.059
224 146 25 7 0.059
156 6 7 7 0.058
373 144 7 7 0.058
5 37 8 9 0.058
241 211 7 8 0.058
245 61 13 9 0.058
406 126 7 9 0.057
10 137 10 14 0.057
634 312 8 9 0.056
94 20 9 11 0.055
313 139 7 20 0.055
170 87 7 33 0.053
369 12 7 7 0.053
202 43 6 16 0.052
628 118 7 9 0.052
829 403 7 8 0.052
404 312 7 16 0.052
493 147 7 9 0.052
18 98 8 17 0.051
176 341 7 9 0.051
708 245 7 7 0.051
281 201 5 6 0.051
121 80 7 23 0.050
318 342 6 8 0.050
413 306 8 8 0.050
5 143 9 9 0.050
49 621 11 15 0.049
244 5 8 7 0.049
12 137 6 18 0.049
653 38 8 9 0.048
132 383 8 9 0.048
179 342 13 10 0.048
44 112 8 14 0.048
831 23 7 10 0.047
61 222 7 9 0.047
30 87 9 12 0.046
333 102 7 23 0.043
568 139 7 7 0.043
478 100 6 17 0.043
171 4 8 9 0.042
182 147 20 9 0.041
636 309 8 9 0.040
135 155 8 9 0.040
329 339 8 7 0.040
31 4 9 9 0.040
723 238 7 7 0.040
277 77 8 29 0.039
335 141 7 7 0.038
99 7 6 23 0.037
760 6 8 9 0.037
165 112 10 34 0.037
51 3 9 8 0.037
154 80 6 43 0.037
814 397 7 8 0.035
655 254 8 10 0.035
253 213 6 8 0.034
654 6 8 7 0.034
323 341 9 8 0.034
483 200 6 7 0.034
679 45 7 15 0.033
248 52 6 31 0.033
134 102 7 34 0.033
856 179 7 9 0.033
248 156 7 7 0.033
773 14 8 8 0.033
16 4 8 9 0.032
65 116 7 22 0.032
126 92 22 19 0.032
773 370 7 8 0.032
670 61 7 9 0.032
724 118 9 12 0.032
4 38 7 9 0.032
226 132 14 25 0.031
276 114 9 30 0.031
620 149 8 8 0.030
860 404 9 8 0.030
171 407 10 17 0.030
123 387 10 10 0.030
97 134 23 14 0.030
299 120 20 14 0.029
319 341 23 7 0.029
296 17 5 29 0.029
102 0 6 37 0.029
206 147 34 8 0.029
635 191 6 6 0.028
98 100 10 31 0.028
347 144 11 7 0.028
408 128 7 8 0.028
496 287 9 10 0.027
141 155 11 9 0.027
260 66 8 24 0.027
219 42 6 44 0.027
9 59 7 11 0.027
909 386 8 8 0.027
478 57 5 25 0.027
606 191 6 6 0.027
604 262 7 7 0.026
873 397 15 8 0.026
869 398 13 9 0.026
119 12 7 31 0.026
704 2 27 8 0.026
591 5 8 10 0.025
479 142 7 8 0.025
45 106 7 32 0.025
191 67 17 19 0.025
817 19 7 8 0.025
24 88 8 38 0.025
135 107 5 47 0.024
158 43 26 11 0.024
185 58 6 45 0.024
141 70 7 43 0.024
856 407 7 7 0.024
398 142 7 7 0.024
206 132 12 35 0.024
82 225 5 6 0.023
629 106 7 28 0.023
65 5 8 7 0.023
667 252 6 6 0.023
609 74 7 15 0.023
48 131 15 10 0.022
704 30 7 23 0.022
178 423 9 11 0.022
485 85 6 17 0.022
165 127 10 31 0.022
743 343 7 6 0.022
133 129 15 30 0.022
160 395 8 10 0.022
634 308 13 18 0.022
454 77 6 22 0.022
365 327 6 7 0.022
705 245 7 7 0.022
773 363 6 23 0.021
743 49 8 10 0.021
560 62 7 11 0.021
0 89 8 32 0.021
460 98 9 27 0.021
250 51 11 29 0.021
648 37 23 11 0.021
640 257 8 11 0.021
25 11 7 29 0.021
366 6 11 19 0.021
32 64 9 11 0.021
132 28 9 27 0.020
102 3 13 10 0.020
728 110 9 18 0.020
