0_Parade_marchingband_1_837
62
742 162 60 75 0.872
80 300 60 67 0.871
374 197 60 71 0.864
611 213 30 38 0.835
236 208 30 38 0.830
963 197 21 25 0.768
176 223 21 28 0.766
94 229 13 16 0.713
703 206 20 22 0.709
1001 221 13 17 0.680
659 232 12 15 0.629
158 214 15 20 0.614
498 236 11 13 0.495
358 239 10 12 0.420
480 232 13 15 0.410
451 233 12 12 0.375
467 228 9 13 0.372
601 245 13 15 0.346
32 219 12 15 0.307
534 222 9 10 0.287
880 229 11 12 0.214
928 225 9 10 0.200
908 221 9 11 0.168
474 230 17 15 0.162
453 228 24 13 0.159
320 246 14 18 0.148
487 235 24 14 0.145
433 220 15 18 0.144
627 224 43 26 0.124
0 346 14 54 0.121
454 229 13 17 0.106
567 229 15 16 0.097
894 237 9 10 0.089
882 233 11 12 0.084
471 228 13 13 0.082
518 231 11 12 0.080
606 236 21 23 0.079
514 234 10 11 0.070
1016 232 7 14 0.067
362 238 11 14 0.066
506 234 22 10 0.062
928 224 12 16 0.057
534 219 18 16 0.053
320 239 15 18 0.049
910 237 9 11 0.048
326 232 13 15 0.048
557 245 12 15 0.047
438 220 12 14 0.045
464 231 12 12 0.041
560 224 17 16 0.041
658 217 8 10 0.040
341 230 14 13 0.039
560 235 16 19 0.038
335 237 40 15 0.035
356 231 16 23 0.034
552 224 12 16 0.034
489 231 41 18 0.031
330 231 21 13 0.027
875 229 10 12 0.025
516 230 10 10 0.025
572 233 12 14 0.025
428 210 22 34 0.023
