0_Parade_marchingband_1_369
51
526 463 22 27 0.817
462 466 21 26 0.801
250 356 18 22 0.800
191 337 21 24 0.785
421 400 19 23 0.782
640 403 20 23 0.774
799 318 21 26 0.769
712 371 20 22 0.759
864 327 20 26 0.752
364 396 19 21 0.750
604 343 19 21 0.743
308 344 18 19 0.742
102 343 20 21 0.741
828 328 21 24 0.740
444 317 17 19 0.738
472 333 17 20 0.735
385 330 18 20 0.721
655 336 17 20 0.721
333 320 17 19 0.717
356 347 17 19 0.713
408 329 16 19 0.710
285 398 18 21 0.703
574 329 17 19 0.701
534 345 19 21 0.690
505 329 17 19 0.686
631 332 18 19 0.680
738 335 18 19 0.677
690 339 17 20 0.664
759 333 19 23 0.663
211 343 17 21 0.660
282 345 17 20 0.611
570 404 21 19 0.602
244 333 17 18 0.602
674 321 16 18 0.586
502 396 20 21 0.562
554 324 16 17 0.473
308 402 17 20 0.355
630 334 43 21 0.190
826 329 61 25 0.178
714 330 17 24 0.158
278 344 49 19 0.155
502 332 46 19 0.139
742 336 26 21 0.117
637 459 18 22 0.086
239 334 16 18 0.082
225 341 14 19 0.055
645 334 68 21 0.055
249 332 17 22 0.052
712 323 16 19 0.048
708 317 15 19 0.025
106 307 15 18 0.024
