0_Parade_Parade_0_60
78
424 212 18 22 0.739
503 216 17 20 0.716
105 353 11 13 0.639
547 226 14 17 0.619
143 638 30 45 0.613
17 348 11 13 0.600
63 347 9 12 0.567
37 348 9 10 0.540
97 339 9 11 0.478
461 213 15 19 0.446
1006 347 8 9 0.431
966 349 9 10 0.349
920 389 10 12 0.332
225 313 12 14 0.303
333 392 47 42 0.285
934 351 8 10 0.261
213 323 11 13 0.256
711 216 11 14 0.245
939 384 10 12 0.229
764 203 9 10 0.194
985 346 7 9 0.179
98 337 10 22 0.159
931 353 11 10 0.156
859 167 12 14 0.145
915 488 15 26 0.135
69 368 9 12 0.129
663 221 13 15 0.128
924 357 8 9 0.114
739 219 13 14 0.101
94 366 8 10 0.101
26 347 24 12 0.100
988 378 9 11 0.098
781 61 10 12 0.095
214 409 18 25 0.094
762 205 9 11 0.090
420 53 10 10 0.090
931 460 16 18 0.087
742 63 8 10 0.082
296 199 15 20 0.078
221 314 13 15 0.072
381 140 15 16 0.064
714 211 14 18 0.057
996 357 9 12 0.054
143 317 11 12 0.054
718 201 13 16 0.053
1018 401 6 12 0.050
110 383 8 11 0.048
77 353 9 12 0.045
102 354 11 14 0.042
447 57 8 9 0.041
469 194 19 19 0.041
411 414 35 33 0.041
1017 476 7 21 0.037
551 225 14 17 0.036
1016 437 8 18 0.036
954 340 7 8 0.035
208 321 14 17 0.034
663 217 11 15 0.034
413 54 9 10 0.034
947 362 9 10 0.033
465 197 18 22 0.033
753 302 20 23 0.032
857 171 11 14 0.032
428 53 13 11 0.031
913 408 8 10 0.030
53 360 9 10 0.027
335 407 39 41 0.025
759 204 14 15 0.024
668 223 12 14 0.024
785 62 8 10 0.023
352 394 33 33 0.023
922 457 15 17 0.022
947 355 11 18 0.022
710 209 12 13 0.022
946 340 16 11 0.022
547 219 15 20 0.021
386 420 32 29 0.021
141 313 18 20 0.021
