0_Parade_marchingband_1_740
249
893 308 40 41 0.799
755 200 28 28 0.722
516 108 23 27 0.706
970 166 21 27 0.698
262 194 25 27 0.686
88 294 36 36 0.626
94 165 16 21 0.607
926 160 17 23 0.584
281 166 20 23 0.535
974 8 11 13 0.528
896 147 15 18 0.517
866 139 15 18 0.515
117 200 16 24 0.481
202 143 15 18 0.481
123 10 10 13 0.478
901 9 10 13 0.429
601 103 12 13 0.410
69 115 12 14 0.403
847 135 14 18 0.386
47 145 16 22 0.379
6 178 17 20 0.342
920 101 15 18 0.320
968 7 13 15 0.310
49 152 14 20 0.308
857 24 9 11 0.291
935 38 12 14 0.290
225 155 15 18 0.286
857 103 13 17 0.286
37 102 11 14 0.273
794 85 11 13 0.272
964 8 11 14 0.266
688 104 11 13 0.265
901 45 15 16 0.260
166 31 9 12 0.258
871 87 13 16 0.246
947 9 11 13 0.238
718 121 14 17 0.220
432 109 12 15 0.213
797 118 14 17 0.204
917 24 10 13 0.202
826 125 13 15 0.195
832 80 12 14 0.195
32 121 13 16 0.183
364 121 12 13 0.181
993 61 11 15 0.174
1014 174 9 23 0.162
145 122 12 14 0.159
448 102 11 13 0.148
367 119 12 13 0.143
932 14 11 13 0.139
284 138 14 16 0.136
891 57 13 16 0.133
162 80 11 12 0.131
121 139 13 16 0.130
955 161 40 26 0.127
864 41 10 11 0.126
799 122 14 17 0.126
48 118 11 15 0.124
923 98 14 16 0.124
931 13 21 13 0.124
122 205 14 21 0.123
703 103 10 13 0.122
170 151 14 18 0.122
962 160 18 24 0.117
728 83 11 12 0.114
644 106 11 15 0.112
94 160 22 40 0.108
24 363 24 28 0.107
641 102 12 16 0.106
775 28 10 13 0.105
2 180 15 20 0.104
79 133 12 15 0.104
927 13 13 15 0.104
891 52 13 16 0.103
851 46 10 17 0.103
766 85 11 13 0.100
389 105 10 12 0.099
720 128 14 17 0.096
174 148 21 21 0.094
868 91 16 18 0.092
853 98 13 17 0.087
710 74 12 13 0.087
903 28 13 40 0.086
837 136 51 18 0.085
858 39 17 13 0.085
899 12 11 13 0.085
786 56 10 13 0.085
989 40 12 15 0.084
413 136 12 15 0.083
655 121 12 13 0.082
824 129 12 14 0.082
765 54 10 13 0.082
45 130 16 33 0.082
650 115 13 15 0.081
694 77 11 13 0.081
170 122 12 16 0.078
783 133 14 16 0.078
855 108 14 17 0.078
220 83 10 13 0.078
821 89 14 14 0.077
181 148 13 15 0.076
125 112 11 14 0.076
186 146 34 16 0.075
813 42 15 11 0.075
830 123 13 15 0.073
1 368 20 24 0.070
857 27 12 16 0.068
639 99 11 12 0.064
912 48 11 13 0.063
626 104 11 13 0.062
845 93 13 15 0.062
115 132 19 25 0.061
934 9 23 16 0.061
813 113 14 17 0.061
700 76 21 12 0.060
204 63 10 13 0.058
43 183 13 18 0.057
919 106 13 15 0.056
784 85 10 11 0.056
868 142 26 17 0.055
812 43 10 12 0.054
99 113 13 17 0.054
786 86 21 14 0.052
641 100 16 25 0.052
257 106 12 14 0.051
1016 41 8 14 0.051
824 105 15 48 0.050
143 99 10 11 0.050
787 124 21 19 0.049
943 61 12 14 0.049
146 211 20 22 0.049
115 84 10 13 0.048
893 59 13 21 0.048
102 133 13 16 0.048
822 76 19 17 0.047
34 97 13 42 0.047
177 153 14 17 0.047
680 118 12 13 0.046
818 58 13 15 0.046
848 59 13 14 0.046
257 140 12 14 0.046
126 107 12 16 0.045
823 40 12 12 0.045
130 87 12 13 0.045
668 116 14 14 0.045
491 86 11 14 0.044
88 179 15 21 0.044
969 92 17 17 0.044
802 129 14 15 0.044
715 122 12 13 0.043
67 110 13 15 0.042
576 104 12 13 0.042
658 121 16 13 0.042
741 108 11 13 0.042
576 134 14 17 0.042
760 120 12 13 0.041
673 113 23 16 0.040
346 152 10 11 0.040
699 152 14 15 0.040
707 72 12 14 0.039
101 118 11 29 0.039
77 147 13 18 0.038
821 40 11 28 0.038
165 116 16 21 0.037
1008 169 15 26 0.037
306 111 13 14 0.037
137 157 15 17 0.036
167 97 11 13 0.036
125 139 15 23 0.036
216 99 12 16 0.036
624 102 26 12 0.035
867 42 10 14 0.035
858 65 26 61 0.035
966 94 13 17 0.035
850 40 14 32 0.035
390 115 11 13 0.034
669 90 10 12 0.034
763 115 14 18 0.034
41 101 10 13 0.034
811 73 11 13 0.034
54 138 15 18 0.033
238 96 10 13 0.033
793 90 11 15 0.033
178 117 16 16 0.033
1013 143 10 23 0.031
945 14 11 13 0.031
793 102 14 43 0.031
100 110 12 14 0.030
829 60 15 14 0.030
862 107 17 17 0.030
0 268 8 24 0.030
931 104 14 18 0.030
978 89 14 17 0.029
623 100 13 13 0.029
719 79 22 18 0.029
826 129 26 17 0.029
256 143 14 17 0.029
76 124 23 38 0.029
418 121 12 14 0.029
1016 198 8 31 0.028
233 33 12 12 0.028
125 121 12 25 0.028
261 111 11 14 0.028
992 65 17 16 0.028
288 166 18 20 0.028
763 121 19 17 0.028
431 116 14 14 0.028
225 35 10 11 0.028
617 96 11 12 0.028
188 155 14 17 0.028
758 102 13 16 0.026
45 261 16 18 0.026
187 110 14 17 0.026
359 115 14 18 0.026
921 9 12 12 0.026
146 117 16 15 0.026
293 105 11 15 0.026
78 153 12 17 0.026
758 111 16 24 0.025
598 102 36 13 0.025
910 67 11 17 0.025
967 85 16 28 0.025
286 36 8 10 0.025
189 102 18 13 0.025
148 216 20 26 0.025
227 127 14 17 0.025
14 148 14 19 0.025
728 113 20 16 0.024
931 6 13 15 0.024
90 120 18 24 0.024
896 94 12 15 0.024
575 97 12 13 0.023
60 221 17 22 0.023
88 149 16 26 0.023
296 108 17 13 0.023
594 103 13 13 0.023
517 134 19 21 0.022
146 206 16 19 0.022
144 99 17 12 0.022
206 140 18 21 0.022
763 98 13 22 0.022
901 1 11 15 0.022
253 139 12 15 0.021
317 99 13 14 0.021
408 137 12 15 0.021
732 66 10 11 0.020
426 106 14 15 0.020
116 85 23 16 0.020
773 23 11 31 0.020
