0_Parade_Parade_0_765
31
569 96 56 61 0.856
321 203 33 40 0.838
426 137 41 51 0.834
252 248 26 31 0.824
824 248 26 33 0.810
948 218 27 36 0.809
204 266 25 29 0.803
163 287 22 26 0.755
134 304 20 24 0.660
713 266 23 34 0.332
1015 403 9 19 0.184
61 341 12 14 0.079
31 393 7 8 0.077
879 241 23 28 0.068
115 408 10 10 0.055
795 311 22 28 0.044
31 364 11 11 0.043
73 393 8 9 0.042
69 392 8 9 0.036
796 318 23 32 0.034
712 388 26 23 0.032
891 404 12 12 0.032
577 550 21 29 0.030
97 390 8 8 0.027
75 391 8 9 0.027
706 387 27 32 0.023
699 408 21 21 0.022
727 356 17 19 0.022
440 626 24 26 0.021
68 395 8 9 0.020
721 271 18 27 0.020
