0_Parade_Parade_0_397
2117
803 654 9 12 0.617
744 503 10 12 0.615
744 671 10 11 0.583
795 682 10 11 0.582
683 750 11 13 0.582
951 732 12 15 0.572
644 675 11 13 0.566
924 735 11 13 0.564
262 736 11 14 0.549
539 609 10 12 0.548
818 542 9 11 0.541
490 748 9 12 0.534
983 719 10 12 0.533
606 574 9 12 0.530
971 460 9 12 0.525
300 677 11 13 0.525
721 711 11 13 0.523
961 511 9 12 0.521
670 633 10 12 0.518
657 741 11 14 0.515
871 663 10 14 0.514
716 677 10 12 0.512
927 550 10 12 0.512
461 599 10 11 0.511
956 612 10 13 0.507
997 557 9 11 0.506
889 499 9 11 0.504
834 636 9 12 0.500
831 433 9 11 0.495
524 683 10 12 0.490
929 492 10 12 0.488
806 572 10 12 0.486
717 537 9 10 0.483
769 602 12 14 0.481
924 421 9 12 0.479
927 526 9 11 0.478
704 739 10 12 0.477
492 656 10 11 0.475
987 741 10 13 0.475
669 681 11 12 0.474
703 700 11 13 0.470
626 607 9 12 0.469
887 448 9 11 0.466
932 216 8 9 0.463
565 696 9 12 0.460
318 662 11 12 0.460
814 696 11 14 0.459
820 669 10 12 0.453
838 613 10 11 0.451
998 468 9 12 0.449
773 578 10 12 0.449
834 507 10 12 0.446
959 654 10 12 0.445
959 546 9 12 0.445
586 673 9 12 0.444
224 291 9 11 0.442
1010 491 9 11 0.441
832 657 10 12 0.438
672 709 11 13 0.438
803 511 9 11 0.436
899 680 10 13 0.436
943 676 10 11 0.434
432 749 10 12 0.431
313 611 10 11 0.430
433 560 10 11 0.429
505 556 10 11 0.428
236 602 9 12 0.427
37 319 10 12 0.427
936 708 10 14 0.425
918 442 9 11 0.424
750 544 10 11 0.423
613 557 9 12 0.422
330 676 9 12 0.421
688 727 9 11 0.417
848 553 9 12 0.416
947 451 9 10 0.414
409 553 8 12 0.411
708 720 11 14 0.411
569 504 9 12 0.409
892 383 9 11 0.409
232 737 9 11 0.409
699 495 10 12 0.407
955 494 9 12 0.407
392 732 11 12 0.407
479 225 9 11 0.404
985 364 9 9 0.404
431 594 10 12 0.404
515 573 8 10 0.402
491 611 9 11 0.402
982 639 10 13 0.402
836 582 9 12 0.402
52 346 10 12 0.402
899 606 10 12 0.400
285 663 10 12 0.399
939 473 9 11 0.397
239 272 9 10 0.396
656 535 9 10 0.391
915 570 10 13 0.390
661 699 10 14 0.390
1001 747 10 12 0.388
1003 662 10 12 0.385
540 463 8 9 0.383
773 517 10 12 0.381
639 708 9 12 0.380
481 625 9 9 0.379
990 672 10 12 0.379
953 251 8 10 0.378
257 330 8 11 0.378
786 535 9 11 0.377
968 196 8 9 0.376
258 656 9 11 0.374
676 435 8 10 0.374
236 639 9 12 0.374
815 606 10 14 0.373
683 496 9 12 0.372
971 490 9 11 0.371
675 578 9 11 0.363
344 738 9 10 0.363
894 588 10 12 0.363
197 559 10 12 0.363
977 569 10 12 0.361
891 346 8 9 0.360
88 276 9 12 0.357
236 579 10 12 0.356
982 247 8 9 0.356
739 529 8 11 0.353
135 251 8 10 0.352
910 722 11 11 0.352
596 603 9 12 0.350
738 466 9 11 0.349
485 719 10 12 0.349
693 456 9 10 0.347
669 553 9 12 0.347
659 506 9 12 0.347
881 408 9 10 0.347
926 196 7 9 0.347
626 535 8 10 0.342
846 718 10 13 0.336
1005 442 8 9 0.335
78 448 10 12 0.332
927 284 8 10 0.328
780 418 10 11 0.327
459 740 10 12 0.327
287 599 10 12 0.326
377 754 10 11 0.326
531 702 10 12 0.325
949 567 10 12 0.325
856 643 9 11 0.324
445 649 9 12 0.321
904 189 8 9 0.321
540 506 9 11 0.320
95 660 10 12 0.320
709 460 10 12 0.318
685 701 10 12 0.318
414 725 9 11 0.318
644 729 12 13 0.318
668 469 8 10 0.317
585 694 10 11 0.317
895 100 8 9 0.317
655 446 9 11 0.317
471 706 10 12 0.316
477 414 10 12 0.316
381 232 8 9 0.315
476 517 9 9 0.313
914 215 7 10 0.312
484 501 9 10 0.311
771 672 11 12 0.310
871 430 8 9 0.310
137 437 9 11 0.309
312 278 8 10 0.309
807 621 10 12 0.309
336 620 9 11 0.308
511 236 9 10 0.307
319 328 10 12 0.307
229 669 10 12 0.307
145 674 12 14 0.306
233 560 11 11 0.306
593 586 9 11 0.306
540 529 9 10 0.305
505 498 8 10 0.305
378 594 10 12 0.305
597 126 8 10 0.305
903 395 9 11 0.304
887 126 8 10 0.304
905 117 8 9 0.302
419 508 9 10 0.299
612 532 9 12 0.298
952 355 8 9 0.297
165 648 10 14 0.295
683 603 10 13 0.294
958 380 9 11 0.294
537 430 10 12 0.292
260 168 8 9 0.292
485 558 9 10 0.291
202 309 9 11 0.290
490 536 10 12 0.290
902 317 8 10 0.288
829 368 9 10 0.287
1004 272 8 10 0.286
273 566 9 11 0.286
331 304 9 12 0.285
261 568 10 9 0.285
144 275 9 10 0.284
708 485 10 12 0.283
717 506 10 11 0.282
269 256 9 9 0.281
346 478 8 9 0.281
907 652 10 14 0.280
955 586 9 11 0.278
228 327 10 11 0.276
930 48 8 9 0.275
945 153 7 9 0.275
623 79 9 9 0.275
39 400 9 12 0.274
986 499 10 12 0.274
14 274 9 9 0.274
914 689 10 12 0.273
831 43 8 9 0.273
882 571 10 12 0.272
316 176 8 11 0.272
10 315 9 11 0.271
998 600 10 12 0.270
812 37 9 12 0.270
251 430 10 12 0.270
986 54 7 8 0.270
433 177 8 9 0.269
1007 397 9 9 0.268
409 177 8 9 0.268
726 554 9 12 0.267
582 92 8 9 0.267
337 508 9 12 0.265
266 532 9 11 0.264
986 345 9 9 0.262
915 129 8 10 0.261
141 561 10 13 0.261
376 719 9 11 0.260
412 753 10 12 0.259
209 471 9 12 0.258
364 727 9 11 0.257
7 434 9 11 0.257
341 132 8 9 0.256
829 24 8 10 0.256
191 660 10 13 0.256
1009 548 9 11 0.255
609 636 10 13 0.254
850 695 11 14 0.254
196 615 10 12 0.253
992 388 9 12 0.253
434 671 10 12 0.252
600 746 12 15 0.250
694 541 10 11 0.249
63 535 10 12 0.248
906 185 8 11 0.247
1 693 10 14 0.247
424 111 7 9 0.246
794 469 10 11 0.246
141 91 8 9 0.244
261 487 9 11 0.243
1007 720 10 12 0.243
57 472 9 11 0.241
579 108 7 9 0.240
589 440 8 9 0.239
325 457 8 10 0.238
689 429 8 10 0.236
737 432 9 10 0.234
553 634 10 12 0.234
473 598 9 11 0.234
604 105 7 9 0.233
885 731 12 12 0.233
123 556 8 11 0.232
651 566 9 12 0.232
497 42 7 9 0.231
867 712 11 14 0.230
213 193 8 9 0.229
978 424 9 12 0.228
93 505 9 9 0.228
632 588 10 12 0.227
184 322 10 12 0.227
96 484 9 9 0.226
889 424 8 10 0.225
291 283 9 12 0.225
481 690 11 14 0.224
470 597 10 12 0.224
516 641 9 12 0.223
920 365 8 10 0.223
194 305 9 10 0.223
165 392 9 11 0.222
931 657 10 12 0.222
208 212 8 10 0.221
367 574 9 10 0.220
214 696 10 14 0.219
869 556 10 12 0.219
719 507 10 14 0.219
465 165 7 9 0.218
230 154 8 10 0.218
365 370 9 12 0.215
84 722 9 11 0.215
625 416 8 11 0.215
398 181 8 9 0.214
959 269 8 10 0.214
629 431 8 9 0.214
120 357 9 11 0.212
517 732 10 12 0.212
256 221 8 10 0.210
442 240 9 11 0.209
815 14 9 10 0.208
161 219 8 9 0.208
229 430 9 12 0.207
970 231 8 11 0.207
781 383 8 9 0.207
74 691 11 13 0.206
45 503 9 11 0.206
416 577 9 12 0.206
954 418 9 10 0.206
875 46 9 9 0.206
665 30 7 9 0.205
289 745 9 10 0.205
165 296 9 10 0.204
950 280 8 9 0.203
223 492 9 12 0.203
533 93 8 9 0.202
795 39 8 10 0.200
780 454 8 9 0.200
663 651 10 14 0.200
722 510 10 12 0.200
254 542 9 11 0.199
842 629 10 12 0.199
676 705 13 15 0.199
326 378 9 11 0.198
1006 701 10 12 0.198
862 750 10 12 0.198
990 538 10 12 0.197
692 665 11 13 0.196
680 523 10 11 0.196
514 714 11 13 0.196
664 705 16 15 0.196
347 175 9 10 0.196
505 183 8 10 0.195
14 249 9 11 0.194
476 249 10 11 0.194
830 390 8 10 0.193
1001 61 8 9 0.193
905 557 10 12 0.193
603 655 10 12 0.192
927 351 9 11 0.192
845 6 9 11 0.191
996 628 10 13 0.191
365 22 7 9 0.191
389 648 10 12 0.191
878 618 10 12 0.190
554 291 8 11 0.189
396 510 10 12 0.189
624 561 10 12 0.188
888 8 9 10 0.188
332 748 9 12 0.187
785 668 11 12 0.186
827 526 9 11 0.186
381 147 8 9 0.185
363 120 8 9 0.185
725 756 10 12 0.185
682 28 7 8 0.184
114 267 8 11 0.184
494 589 8 11 0.184
671 735 10 12 0.184
286 666 11 17 0.184
652 448 9 9 0.183
1011 142 8 9 0.182
534 252 9 11 0.182
9 475 9 9 0.181
333 427 9 12 0.180
855 471 10 12 0.180
313 752 11 12 0.179
712 426 8 9 0.179
961 527 10 13 0.179
645 502 8 12 0.179
613 702 11 14 0.178
904 517 9 11 0.178
125 754 9 10 0.178
436 641 10 12 0.178
298 165 8 9 0.177
414 318 10 11 0.177
998 521 10 12 0.176
126 610 9 10 0.176
168 713 11 12 0.176
827 470 9 12 0.175
926 537 10 15 0.175
26 307 9 9 0.174
2 661 9 12 0.174
812 490 9 12 0.174
349 535 10 11 0.174
371 79 8 9 0.173
937 302 8 10 0.173
102 257 9 10 0.173
233 190 8 9 0.173
1004 229 8 9 0.173
457 668 10 12 0.173
922 255 9 11 0.173
42 400 10 11 0.172
616 725 12 12 0.172
318 696 10 12 0.171
335 226 9 12 0.171
96 529 9 12 0.171
330 31 8 9 0.170
282 167 8 9 0.170
978 379 8 9 0.170
119 280 9 12 0.169
540 268 10 12 0.169
565 585 10 10 0.169
868 433 10 11 0.168
141 639 10 12 0.167
875 8 9 10 0.167
141 214 8 9 0.167
985 717 9 33 0.167
721 602 10 11 0.167
317 299 8 10 0.166
67 587 10 12 0.166
766 466 9 9 0.165
160 87 7 8 0.164
434 639 10 12 0.164
55 694 10 11 0.162
312 244 9 12 0.162
442 291 10 11 0.162
33 688 10 12 0.161
0 619 8 13 0.161
218 177 7 10 0.161
33 352 8 9 0.161
393 610 10 12 0.161
190 737 9 11 0.160
608 400 8 9 0.160
35 180 8 9 0.160
957 220 8 9 0.160
614 37 7 9 0.160
470 575 8 11 0.160
768 699 10 13 0.160
342 279 10 11 0.159
294 539 10 11 0.159
107 457 9 9 0.159
571 129 7 9 0.158
677 415 9 9 0.158
739 636 11 12 0.158
513 482 9 11 0.158
298 230 9 10 0.158
446 124 9 10 0.157
927 72 8 9 0.157
930 320 8 10 0.157
541 502 8 10 0.157
142 496 9 11 0.157
364 93 7 9 0.156
603 457 9 9 0.156
291 191 8 10 0.156
526 423 9 12 0.156
986 230 9 10 0.155
164 412 9 11 0.154
879 675 10 14 0.153
880 639 9 12 0.153
471 109 8 8 0.152
51 666 11 13 0.152
338 133 9 9 0.151
566 58 8 9 0.151
469 87 8 8 0.150
465 128 8 9 0.150
799 397 8 11 0.150
391 42 7 9 0.150
456 450 10 10 0.150
613 357 8 11 0.149
500 119 7 9 0.149
986 744 11 14 0.149
956 335 8 10 0.148
194 502 10 12 0.148
375 640 9 9 0.147
239 180 8 10 0.147
861 515 10 11 0.146
347 571 9 12 0.146
56 521 9 12 0.146
197 81 8 9 0.146
673 56 8 10 0.146
735 430 9 10 0.146
290 574 9 11 0.145
114 626 9 11 0.145
333 350 8 10 0.145
361 523 9 12 0.145
650 488 9 11 0.144
843 681 10 14 0.144
197 171 9 9 0.143
24 710 9 11 0.143
655 464 10 11 0.143
921 619 11 13 0.142
706 486 9 15 0.141
459 376 8 9 0.141
994 105 8 10 0.141
316 480 9 10 0.140
1017 301 7 9 0.140
60 253 9 12 0.139
87 40 8 8 0.139
323 442 9 10 0.139
515 405 8 10 0.139
271 232 9 12 0.138
12 742 9 12 0.138
243 82 7 9 0.138
863 394 10 9 0.138
805 616 10 13 0.138
958 492 9 27 0.138
842 66 8 9 0.137
87 56 8 10 0.137
120 666 11 13 0.137
900 139 8 9 0.137
954 253 9 12 0.137
282 348 9 11 0.136
11 369 9 11 0.136
413 643 10 13 0.136
157 529 9 9 0.136
1 241 6 9 0.136
651 621 10 13 0.135
338 228 9 11 0.135
135 720 11 12 0.135
303 261 10 12 0.135
144 351 9 11 0.135
993 560 12 12 0.134
796 424 9 10 0.134
303 420 9 10 0.134
660 14 8 10 0.134
6 542 10 12 0.133
535 216 8 11 0.133
781 640 11 11 0.133
955 704 11 12 0.133
323 668 12 15 0.133
474 708 14 13 0.133
12 222 7 9 0.133
539 740 12 13 0.132
168 589 10 11 0.132
387 126 8 9 0.131
229 227 9 10 0.131
702 643 10 12 0.131
217 401 10 11 0.131
843 566 10 11 0.130
436 366 8 9 0.130
558 82 8 9 0.130
430 93 8 9 0.130
792 586 10 11 0.130
107 545 9 11 0.129
499 377 9 10 0.129
716 436 9 12 0.129
467 85 8 9 0.129
465 310 8 9 0.129
279 114 8 9 0.128
79 746 9 11 0.128
699 49 9 9 0.128
36 552 10 13 0.127
829 406 9 9 0.127
99 75 8 9 0.127
736 409 8 9 0.127
956 309 9 11 0.127
910 471 11 12 0.126
930 643 10 11 0.126
159 728 11 12 0.126
21 500 10 11 0.126
645 730 13 20 0.125
688 513 10 14 0.125
980 299 9 10 0.125
354 247 9 9 0.125
584 620 9 12 0.125
1009 358 8 9 0.125
592 538 10 11 0.125
422 196 9 9 0.124
421 535 8 10 0.124
1003 62 8 10 0.124
376 168 9 10 0.124
104 736 10 9 0.124
771 737 11 13 0.124
68 211 8 9 0.124
27 489 9 12 0.124
859 714 17 14 0.123
369 608 10 11 0.123
350 84 8 9 0.123
97 403 9 9 0.123
894 94 9 10 0.123
547 484 8 10 0.123
495 422 9 9 0.122
69 498 10 12 0.122
923 554 12 14 0.122
34 372 9 11 0.121
566 720 13 12 0.121
981 274 8 9 0.121
96 444 9 10 0.121
171 714 13 14 0.121
654 466 15 12 0.121
233 687 11 13 0.121
30 658 10 13 0.121
237 63 8 8 0.120
660 660 10 16 0.120
673 61 9 9 0.119
524 388 8 10 0.119
374 195 8 9 0.119
874 669 11 16 0.119
264 184 8 10 0.118
985 633 14 17 0.118
252 303 9 11 0.118
54 379 9 11 0.118
1013 526 10 11 0.118
971 197 9 10 0.118
393 542 11 11 0.118
132 369 9 11 0.117
685 6 7 9 0.117
511 716 10 12 0.117
111 418 11 13 0.117
910 461 10 18 0.117
978 576 10 12 0.116
695 676 11 22 0.116
95 364 9 12 0.116
202 433 9 9 0.116
606 726 12 14 0.116
646 89 8 10 0.115
896 363 10 9 0.115
853 598 11 12 0.115
358 740 9 12 0.115
468 450 8 9 0.114
368 305 8 10 0.114
186 37 8 10 0.113
312 343 9 12 0.113
938 115 9 12 0.113
705 609 10 12 0.113
986 725 10 35 0.113
653 535 9 12 0.113
556 394 7 10 0.113
626 666 10 13 0.113
392 679 10 12 0.112
480 681 11 15 0.112
241 319 10 12 0.112
382 217 9 12 0.111
855 460 10 13 0.111
1002 750 12 14 0.111
419 154 9 12 0.111
364 553 9 11 0.110
751 396 10 12 0.110
297 571 10 12 0.110
317 586 9 12 0.110
307 453 9 10 0.110
625 79 8 12 0.110
537 661 9 11 0.110
454 451 9 9 0.110
222 250 9 12 0.109
783 722 13 14 0.109
719 735 11 14 0.109
206 717 10 13 0.109
711 430 10 11 0.109
932 408 9 10 0.108
771 649 9 11 0.108
566 543 9 12 0.108
418 751 17 12 0.107
161 546 10 12 0.107
43 506 10 12 0.107
409 204 12 11 0.107
503 291 9 11 0.107
772 644 10 15 0.106
974 492 15 13 0.106
996 464 10 12 0.106
25 150 8 9 0.106
565 657 11 12 0.106
678 524 9 12 0.106
557 433 9 11 0.105
681 518 11 15 0.105
865 591 11 12 0.105
508 572 11 11 0.105
525 231 9 11 0.104
807 612 15 21 0.104
302 572 10 11 0.104
610 534 24 9 0.104
1012 258 8 12 0.104
542 577 11 11 0.104
481 506 10 14 0.103
40 723 10 12 0.103
1008 204 8 9 0.103
405 308 9 10 0.102
29 431 10 11 0.102
291 618 10 12 0.102
360 497 10 11 0.101
957 38 8 9 0.101
543 50 8 10 0.101
868 589 14 11 0.101
395 378 9 11 0.101
782 501 9 14 0.101
350 561 9 10 0.101
592 606 12 14 0.101
320 151 8 9 0.101
537 270 9 11 0.101
285 696 11 13 0.101
379 448 10 11 0.101
305 146 9 9 0.100
272 721 10 12 0.100
324 445 9 12 0.100
851 666 12 12 0.100
457 496 9 12 0.100
306 363 9 11 0.100
118 721 10 12 0.100
812 451 9 11 0.100
8 316 9 15 0.100
996 521 10 15 0.100
751 702 12 15 0.099
693 683 12 19 0.099
12 337 9 12 0.099
306 394 9 10 0.099
100 637 11 12 0.099
908 334 9 9 0.099
396 147 8 9 0.099
364 59 8 10 0.099
597 382 9 10 0.099
346 299 9 10 0.099
211 116 9 9 0.099
944 371 9 10 0.099
155 176 8 11 0.099
905 402 9 12 0.098
19 679 10 13 0.098
527 520 10 13 0.098
787 677 20 17 0.098
481 145 8 10 0.098
879 575 10 13 0.098
398 179 14 11 0.098
5 200 7 10 0.097
473 178 8 9 0.097
534 289 9 12 0.097
210 639 10 12 0.097
379 594 11 18 0.097
782 10 9 9 0.097
972 403 12 11 0.096
904 723 12 15 0.096
165 434 9 11 0.096
101 319 10 12 0.096
302 700 11 13 0.095
596 417 8 9 0.095
626 420 10 21 0.095
624 642 11 13 0.095
279 645 10 12 0.095
60 756 10 10 0.094
407 206 9 10 0.094
827 483 12 12 0.094
505 436 8 9 0.094
936 669 12 16 0.094
293 184 9 13 0.093
963 511 10 12 0.093
664 27 7 15 0.093
724 17 8 10 0.093
482 124 8 12 0.093
114 238 8 9 0.093
42 583 10 11 0.093
16 99 8 10 0.093
139 437 9 21 0.092
81 324 9 11 0.091
349 702 11 12 0.091
935 300 9 20 0.091
554 630 11 12 0.091
262 448 8 12 0.091
196 172 8 10 0.090
403 102 9 9 0.090
446 38 7 9 0.090
747 574 10 12 0.090
654 600 10 15 0.090
844 56 9 13 0.090
480 305 8 10 0.090
697 418 9 10 0.090
408 753 10 12 0.090
483 196 9 9 0.089
271 427 9 10 0.089
453 684 10 15 0.089
568 54 9 11 0.088
584 25 7 10 0.088
93 634 10 11 0.088
415 201 9 11 0.088
120 354 10 20 0.088
144 741 18 10 0.087
774 513 20 15 0.087
450 264 10 11 0.087
117 495 10 9 0.087
914 472 11 11 0.087
143 230 10 10 0.087
849 600 11 16 0.087
470 42 8 10 0.087
423 484 9 9 0.086
964 153 10 10 0.086
193 409 9 11 0.086
80 419 9 11 0.086
188 95 8 8 0.086
553 751 12 13 0.086
800 742 10 13 0.085
543 559 8 12 0.085
381 525 8 21 0.085
305 115 8 10 0.085
843 378 8 9 0.085
919 616 11 13 0.085
382 362 8 10 0.085
734 529 11 9 0.085
771 572 12 23 0.085
327 195 10 11 0.085
483 694 11 13 0.085
249 301 10 12 0.085
289 460 9 9 0.084
871 691 10 16 0.084
423 631 10 13 0.084
972 281 8 19 0.084
132 732 9 19 0.084
992 668 15 13 0.084
968 230 21 10 0.084
139 452 10 11 0.084
795 511 10 9 0.084
958 21 7 9 0.084
832 638 12 32 0.084
717 564 12 14 0.083
231 560 9 11 0.083
422 430 9 11 0.083
946 427 10 12 0.083
909 460 9 13 0.083
298 673 13 22 0.083
580 99 7 24 0.083
406 221 9 10 0.083
207 642 10 12 0.083
736 729 12 13 0.083
954 403 15 11 0.082
799 21 8 14 0.082
788 602 10 12 0.082
872 674 16 16 0.082
248 490 9 9 0.082
881 615 8 24 0.082
726 631 10 11 0.082
305 510 8 10 0.082
392 107 8 11 0.082
858 331 9 9 0.082
217 269 9 10 0.082
668 672 11 28 0.082
501 247 9 15 0.081
728 456 9 12 0.081
786 470 22 11 0.081
259 600 10 15 0.081
90 444 17 12 0.081
250 716 10 12 0.081
445 40 7 8 0.081
502 467 9 11 0.081
0 330 9 14 0.081
612 64 8 15 0.081
73 400 10 11 0.080
800 409 9 11 0.080
618 725 12 14 0.080
878 117 13 9 0.080
825 405 11 14 0.080
488 171 9 10 0.080
858 333 8 11 0.080
678 561 10 13 0.080
751 697 17 14 0.079
326 561 10 12 0.079
152 737 10 18 0.079
131 185 8 9 0.079
276 293 11 10 0.079
157 729 10 18 0.079
248 115 9 9 0.079
460 565 9 10 0.079
507 146 7 11 0.079
608 38 15 9 0.079
893 169 8 9 0.078
814 727 12 13 0.078
194 359 9 10 0.078
474 514 9 12 0.078
812 40 8 15 0.078
447 325 9 12 0.078
864 377 8 10 0.078
741 500 14 18 0.078
122 216 9 9 0.078
577 746 11 17 0.078
65 183 8 10 0.078
498 453 9 10 0.077
384 215 9 10 0.077
53 650 10 12 0.077
234 183 10 15 0.077
173 130 8 10 0.077
443 539 10 12 0.077
54 727 11 12 0.077
451 688 11 17 0.077
455 208 12 9 0.077
0 597 8 14 0.077
403 68 8 10 0.076
998 663 15 15 0.076
477 654 9 12 0.076
371 705 9 12 0.076
366 87 7 19 0.076
136 453 10 10 0.076
295 303 9 11 0.076
803 573 19 13 0.076
614 481 9 12 0.076
740 576 16 12 0.076
206 47 9 10 0.076
492 303 9 12 0.075
24 82 8 9 0.075
527 522 14 14 0.075
550 717 14 14 0.075
350 209 9 13 0.075
100 702 10 12 0.075
1007 372 9 11 0.075
939 705 26 12 0.075
907 407 9 12 0.075
347 697 10 13 0.075
308 164 15 12 0.075
487 436 9 11 0.075
231 153 8 17 0.074
178 105 8 9 0.074
348 394 9 9 0.074
752 701 20 15 0.074
332 76 8 12 0.074
448 309 9 11 0.074
712 739 19 11 0.074
887 73 8 9 0.074
802 708 11 12 0.074
331 24 7 28 0.074
212 599 10 12 0.074
314 347 16 10 0.074
18 591 11 12 0.074
39 680 11 14 0.074
498 419 8 11 0.074
180 67 8 9 0.074
97 177 8 9 0.073
15 117 8 9 0.073
221 132 9 10 0.073
362 60 8 14 0.073
984 696 10 12 0.073
47 196 9 9 0.073
516 662 11 13 0.073
289 613 10 14 0.072
28 525 10 14 0.072
378 588 10 31 0.072
227 20 10 12 0.072
95 340 9 12 0.072
31 487 9 12 0.072
0 303 7 11 0.072
950 396 10 15 0.072
36 44 8 10 0.072
265 688 11 13 0.072
735 579 12 13 0.072
810 489 18 12 0.072
522 353 8 10 0.071
615 30 7 20 0.071
466 199 9 12 0.071
477 254 10 13 0.071
438 409 9 13 0.071
252 539 15 14 0.071
555 105 12 10 0.071
801 475 15 9 0.071
904 474 10 14 0.071
775 382 16 10 0.071
653 724 17 39 0.071
834 656 12 13 0.070
77 147 8 9 0.070
329 113 9 14 0.070
655 14 14 10 0.070
870 60 7 14 0.070
826 690 17 12 0.070
75 744 15 12 0.070
1003 720 11 13 0.070
288 733 11 11 0.070
208 338 10 13 0.070
422 58 8 9 0.070
953 526 15 13 0.070
968 290 8 19 0.070
49 730 16 14 0.070
992 100 7 11 0.070
802 552 10 13 0.069
902 156 9 12 0.069
580 523 11 12 0.069
849 698 17 14 0.069
922 355 9 24 0.069
372 321 10 11 0.069
993 308 9 10 0.069
101 449 13 18 0.069
919 99 8 9 0.069
937 522 10 12 0.069
109 194 9 10 0.069
229 17 8 10 0.069
114 316 10 12 0.069
369 514 13 12 0.069
949 271 12 18 0.069
976 563 12 24 0.069
732 728 14 18 0.068
345 297 16 11 0.068
911 364 22 9 0.068
290 574 23 9 0.068
6 547 11 14 0.068
448 703 12 16 0.068
583 397 9 10 0.068
120 617 11 13 0.068
886 729 26 13 0.068
555 102 9 16 0.067
157 454 9 12 0.067
156 63 8 9 0.067
686 515 12 17 0.067
876 24 7 9 0.067
920 244 9 12 0.067
257 294 10 17 0.067
776 26 10 11 0.067
348 535 20 11 0.067
310 649 9 12 0.066
24 493 9 26 0.066
818 723 12 15 0.066
970 749 13 12 0.066
197 254 9 10 0.066
896 641 10 12 0.066
346 8 9 10 0.065
246 243 11 11 0.065
463 200 10 16 0.065
145 496 9 10 0.065
968 152 11 8 0.065
361 271 10 12 0.065
406 256 10 12 0.065
703 737 17 16 0.065
60 228 9 11 0.065
630 714 13 15 0.064
273 272 8 19 0.064
647 624 11 15 0.064
657 393 11 17 0.064
750 578 21 11 0.064
475 352 10 12 0.064
0 381 6 12 0.064
203 48 9 11 0.064
87 586 9 9 0.064
582 619 9 17 0.063
707 568 17 12 0.063
341 174 13 16 0.063
286 719 10 12 0.063
111 234 10 12 0.063
749 694 10 13 0.063
103 249 9 21 0.063
235 592 10 27 0.063
23 642 13 12 0.063
438 399 9 10 0.063
371 535 15 12 0.063
168 757 10 11 0.063
413 684 10 14 0.063
383 214 8 24 0.063
116 264 8 27 0.063
26 270 11 11 0.062
573 489 9 10 0.062
269 238 9 33 0.062
1002 187 10 12 0.062
235 630 11 24 0.062
376 430 9 11 0.062
238 703 10 13 0.062
112 586 10 11 0.062
281 325 10 15 0.062
296 93 12 10 0.062
435 511 8 12 0.062
905 79 8 9 0.062
135 723 11 22 0.062
765 498 17 13 0.062
349 141 9 18 0.062
304 333 9 11 0.062
265 207 9 11 0.062
936 691 12 34 0.062
418 57 14 8 0.061
668 468 15 12 0.061
837 356 8 10 0.061
302 51 10 9 0.061
147 118 8 11 0.061
9 313 19 12 0.061
55 551 10 12 0.061
334 741 20 14 0.061
341 651 10 12 0.061
420 150 9 10 0.061
970 451 11 26 0.061
154 128 9 11 0.061
369 302 8 16 0.061
393 109 10 10 0.061
40 735 11 17 0.061
22 706 10 14 0.061
38 89 7 10 0.060
438 148 10 12 0.060
985 432 9 13 0.060
126 720 22 12 0.060
616 65 8 19 0.060
246 354 10 12 0.060
839 568 19 17 0.060
831 384 7 30 0.060
592 540 10 17 0.060
755 707 13 15 0.060
904 648 16 16 0.060
160 367 9 12 0.060
594 750 16 14 0.060
948 133 7 12 0.060
389 645 11 12 0.060
459 661 11 13 0.060
159 719 13 18 0.060
768 482 10 23 0.060
857 103 9 12 0.059
522 3 8 12 0.059
507 150 8 9 0.059
647 639 11 13 0.059
760 579 10 14 0.059
376 194 11 10 0.059
149 756 10 10 0.059
153 5 8 9 0.059
579 725 12 16 0.059
292 746 10 11 0.059
368 610 10 13 0.059
11 337 10 21 0.059
30 268 9 9 0.058
552 293 15 10 0.058
29 529 10 13 0.058
701 42 7 14 0.058
42 724 10 27 0.058
273 276 10 20 0.058
486 102 12 14 0.058
448 119 8 16 0.058
146 606 10 13 0.058
137 349 9 12 0.058
423 291 9 11 0.058
522 39 9 16 0.058
721 684 12 54 0.058
510 602 11 19 0.058
857 536 11 12 0.058
475 262 11 12 0.058
218 252 13 14 0.058
829 529 12 11 0.058
552 676 10 20 0.058
221 536 10 12 0.058
268 58 12 9 0.058
555 681 11 12 0.057
23 579 10 12 0.057
420 157 10 11 0.057
727 693 11 14 0.057
924 332 8 13 0.057
128 734 10 26 0.057
870 525 11 17 0.057
950 196 9 9 0.057
206 382 9 9 0.057
27 144 8 17 0.057
430 334 9 12 0.057
228 735 13 12 0.057
99 481 9 10 0.057
165 675 11 13 0.056
283 398 10 11 0.056
348 246 12 14 0.056
449 433 9 11 0.056
1001 400 12 10 0.056
236 731 12 14 0.056
463 276 10 11 0.056
489 400 9 10 0.056
606 0 7 6 0.056
344 639 9 14 0.056
927 254 10 13 0.056
614 0 8 9 0.056
55 134 8 13 0.056
141 592 12 11 0.055
582 726 18 12 0.055
652 603 9 12 0.055
939 102 8 9 0.055
897 722 38 19 0.055
575 107 23 9 0.055
385 539 14 13 0.055
945 157 11 9 0.055
550 637 10 13 0.055
831 634 32 13 0.055
334 274 12 18 0.055
155 222 12 12 0.055
768 438 10 13 0.055
175 295 10 12 0.054
216 579 10 12 0.054
872 156 8 12 0.054
859 97 8 25 0.054
537 252 9 29 0.054
58 102 9 9 0.054
408 127 8 12 0.054
576 0 8 6 0.054
772 636 11 14 0.054
196 267 8 18 0.054
361 351 10 11 0.054
839 6 17 9 0.054
810 623 10 11 0.054
107 233 12 10 0.054
521 189 8 14 0.054
920 551 18 15 0.053
439 726 16 13 0.053
155 695 12 11 0.053
832 739 10 13 0.053
90 34 9 10 0.053
156 33 8 10 0.053
864 560 13 13 0.053
417 651 11 12 0.053
378 282 9 17 0.053
89 249 9 11 0.053
139 298 10 12 0.053
93 93 9 12 0.053
100 68 8 19 0.052
887 123 13 25 0.052
311 223 9 12 0.052
238 450 10 12 0.052
657 6 8 20 0.052
975 400 9 25 0.052
68 306 10 12 0.052
794 424 18 11 0.052
27 189 8 20 0.052
397 325 9 9 0.052
958 537 11 31 0.052
37 214 10 12 0.052
325 438 7 34 0.051
165 410 8 27 0.051
64 180 8 18 0.051
873 375 9 15 0.051
91 323 22 10 0.051
928 478 13 32 0.051
304 651 9 12 0.051
586 673 10 35 0.051
320 439 8 10 0.051
427 720 15 13 0.051
205 674 13 13 0.051
353 293 14 13 0.051
545 743 20 19 0.051
186 657 17 12 0.050
781 9 9 15 0.050
270 34 6 9 0.050
475 323 10 10 0.050
82 114 9 9 0.050
174 510 9 12 0.050
468 83 10 13 0.050
605 569 12 19 0.050
450 745 10 12 0.050
441 141 8 21 0.050
27 503 10 20 0.050
906 488 11 15 0.050
273 495 9 12 0.050
942 573 16 12 0.050
973 586 16 14 0.050
828 398 9 16 0.050
333 718 11 13 0.050
345 633 10 21 0.050
692 630 11 12 0.050
934 177 10 12 0.050
814 728 24 12 0.050
836 699 11 15 0.050
182 257 14 10 0.050
172 563 9 11 0.050
169 30 13 9 0.050
114 429 11 12 0.049
309 243 23 14 0.049
382 664 11 13 0.049
773 411 17 12 0.049
686 0 5 33 0.049
985 359 11 16 0.049
190 438 9 12 0.049
494 219 12 11 0.049
272 370 9 15 0.049
995 302 9 10 0.049
38 250 9 12 0.049
877 375 11 14 0.049
515 731 19 15 0.049
826 348 8 12 0.049
547 720 11 13 0.049
220 24 13 10 0.049
865 376 21 9 0.049
387 308 10 10 0.049
4 306 10 20 0.049
601 337 8 9 0.049
361 153 12 15 0.049
126 484 10 11 0.049
80 345 9 11 0.048
104 306 9 18 0.048
727 410 20 9 0.048
406 242 10 13 0.048
859 476 13 17 0.048
521 663 21 12 0.048
36 757 13 9 0.048
575 564 10 12 0.048
300 534 11 12 0.048
955 309 21 12 0.048
925 75 15 8 0.048
613 361 9 9 0.048
515 633 10 18 0.048
542 576 25 12 0.048
830 725 14 18 0.048
434 203 12 10 0.048
325 245 13 13 0.048
176 192 8 14 0.048
946 71 9 10 0.048
136 37 9 11 0.047
118 492 12 12 0.047
415 502 10 16 0.047
408 208 8 27 0.047
296 534 11 12 0.047
546 153 8 9 0.047
80 744 14 13 0.047
798 22 7 22 0.047
243 202 9 15 0.047
820 524 11 42 0.047
18 415 10 11 0.047
118 663 11 13 0.047
37 477 9 12 0.047
547 222 8 9 0.047
897 587 11 36 0.047
59 678 10 12 0.047
552 670 11 13 0.047
412 456 10 16 0.047
55 412 10 13 0.047
389 578 9 16 0.046
217 173 8 27 0.046
36 350 10 13 0.046
627 589 9 12 0.046
348 346 11 12 0.046
524 676 12 39 0.046
852 78 20 11 0.046
465 539 9 12 0.046
746 672 19 14 0.046
90 136 8 16 0.046
756 405 12 14 0.046
569 334 8 12 0.046
565 18 7 16 0.046
238 407 10 12 0.046
812 18 7 37 0.046
341 321 10 14 0.046
232 271 17 15 0.046
497 373 10 12 0.046
196 433 15 12 0.046
188 385 10 10 0.046
601 75 12 14 0.046
420 639 27 13 0.046
130 142 8 9 0.045
933 385 8 13 0.045
1005 201 11 14 0.045
389 112 7 29 0.045
1014 462 10 13 0.045
677 412 10 36 0.045
925 351 18 14 0.045
956 405 15 20 0.045
773 715 14 16 0.045
844 54 8 32 0.045
702 568 12 12 0.045
855 671 15 14 0.045
52 73 7 21 0.045
104 198 10 11 0.045
102 147 9 14 0.045
535 87 8 25 0.045
913 461 18 14 0.045
675 460 27 9 0.045
1 692 20 14 0.045
870 728 26 14 0.045
896 732 13 20 0.045
636 582 14 16 0.045
634 100 10 9 0.045
474 657 11 18 0.044
942 149 8 11 0.044
891 603 18 12 0.044
957 708 12 13 0.044
653 383 10 14 0.044
460 6 8 20 0.044
444 112 12 14 0.044
903 651 30 15 0.044
981 272 11 22 0.044
36 212 8 16 0.044
594 356 12 10 0.044
502 541 11 38 0.044
206 43 7 24 0.044
258 330 19 11 0.043
448 318 9 20 0.043
566 412 8 10 0.043
37 728 10 18 0.043
1003 269 12 13 0.043
318 84 11 20 0.043
544 377 8 10 0.043
870 354 9 9 0.043
652 591 14 12 0.043
50 303 9 12 0.043
522 195 10 11 0.043
901 133 12 22 0.043
808 445 10 11 0.043
906 332 10 16 0.043
289 471 10 13 0.043
646 80 7 22 0.043
389 729 11 21 0.043
497 268 10 12 0.043
276 515 10 11 0.043
719 411 11 12 0.043
909 491 10 22 0.043
407 219 9 21 0.043
270 367 10 12 0.043
748 485 16 11 0.043
638 464 14 11 0.042
1001 126 8 15 0.042
29 649 10 29 0.042
534 280 8 24 0.042
542 420 9 10 0.042
529 87 11 27 0.042
745 620 11 12 0.042
173 270 11 12 0.042
434 205 14 12 0.042
910 307 10 18 0.042
633 694 10 14 0.042
290 77 9 16 0.042
14 501 11 17 0.042
901 515 10 23 0.042
476 22 13 13 0.042
293 281 8 34 0.042
358 706 23 12 0.042
637 6 10 17 0.042
543 554 8 26 0.042
481 644 8 20 0.042
603 358 22 9 0.042
321 151 9 20 0.041
321 250 11 27 0.041
1 243 10 11 0.041
801 558 11 17 0.041
10 447 10 15 0.041
96 204 12 9 0.041
191 255 17 11 0.041
173 374 10 10 0.041
939 696 11 13 0.041
127 15 8 15 0.041
83 97 9 10 0.041
510 231 13 17 0.041
47 432 15 16 0.041
66 503 14 15 0.041
360 488 10 22 0.041
824 334 8 9 0.041
182 230 9 13 0.041
1015 579 8 15 0.041
621 101 23 9 0.041
819 0 7 8 0.041
279 92 10 13 0.041
62 601 10 16 0.040
264 56 11 10 0.040
390 37 7 27 0.040
330 193 20 12 0.040
138 335 15 10 0.040
169 270 12 14 0.040
235 458 15 12 0.040
277 641 10 17 0.040
437 597 42 13 0.040
693 492 20 19 0.040
737 600 10 12 0.040
403 93 8 22 0.040
261 594 10 15 0.040
173 711 11 13 0.040
85 216 8 11 0.040
349 27 8 21 0.040
472 106 9 23 0.040
285 728 13 19 0.040
244 303 14 20 0.040
191 675 19 14 0.040
145 664 16 31 0.040
865 480 10 15 0.040
329 626 12 12 0.040
232 510 10 18 0.040
246 115 18 9 0.040
664 68 10 10 0.040
767 547 17 17 0.040
866 477 12 12 0.040
187 444 10 15 0.040
192 195 8 23 0.040
1004 181 7 33 0.039
769 375 9 14 0.039
417 472 10 13 0.039
265 186 10 14 0.039
253 169 38 8 0.039
166 280 9 27 0.039
801 396 8 30 0.039
817 417 11 20 0.039
96 344 10 13 0.039
481 146 7 19 0.039
216 94 14 9 0.039
596 651 16 20 0.039
983 169 9 12 0.039
49 68 8 10 0.039
406 55 25 9 0.039
870 343 8 21 0.039
547 482 12 12 0.039
157 52 8 24 0.039
344 621 13 24 0.039
1 728 9 12 0.039
995 321 11 11 0.038
532 290 18 10 0.038
441 589 10 13 0.038
145 593 10 22 0.038
790 717 19 16 0.038
644 636 12 19 0.038
30 525 13 16 0.038
389 400 10 10 0.038
586 719 17 13 0.038
432 668 13 19 0.038
855 413 10 12 0.038
543 36 9 30 0.038
699 680 15 56 0.038
384 449 9 17 0.038
979 121 8 11 0.038
524 194 9 19 0.038
593 593 12 18 0.038
275 719 22 11 0.038
465 424 9 25 0.038
180 185 10 19 0.038
235 309 11 14 0.038
602 699 12 12 0.038
24 744 22 9 0.038
41 441 10 24 0.038
754 745 10 13 0.038
354 172 10 16 0.038
437 342 11 11 0.037
512 595 12 13 0.037
378 691 12 16 0.037
167 703 12 27 0.037
421 433 15 11 0.037
204 92 17 14 0.037
418 617 10 11 0.037
602 402 11 17 0.037
176 192 18 12 0.037
992 143 9 14 0.037
33 640 10 12 0.037
409 357 10 11 0.037
351 193 18 12 0.037
835 92 9 12 0.036
464 307 24 12 0.036
890 141 9 24 0.036
88 343 17 12 0.036
849 446 12 12 0.036
53 420 10 25 0.036
160 50 8 10 0.036
498 0 9 19 0.036
751 632 11 13 0.036
943 370 20 12 0.036
39 242 9 22 0.036
8 145 18 10 0.036
395 322 16 12 0.036
916 289 8 27 0.036
516 35 16 21 0.036
39 157 6 29 0.036
380 501 17 12 0.036
79 171 9 12 0.036
855 727 19 16 0.036
901 393 12 20 0.036
440 311 17 10 0.036
920 623 10 13 0.036
755 744 19 13 0.036
38 454 11 13 0.036
45 113 9 16 0.036
499 264 11 17 0.036
98 435 14 21 0.036
201 580 19 12 0.036
50 134 9 27 0.036
106 191 13 16 0.035
130 697 12 13 0.035
116 129 11 12 0.035
827 361 8 21 0.035
862 744 22 12 0.035
519 182 8 11 0.035
985 695 8 33 0.035
191 535 9 11 0.035
99 152 10 9 0.035
421 471 9 27 0.035
723 674 28 12 0.035
182 717 22 14 0.035
973 118 19 10 0.035
488 520 11 38 0.035
443 726 18 15 0.035
846 72 11 21 0.035
682 592 17 12 0.035
77 254 14 10 0.035
428 717 21 17 0.035
630 476 12 16 0.035
769 539 12 17 0.035
117 332 10 13 0.035
281 241 9 18 0.035
87 53 11 22 0.035
626 586 12 39 0.035
396 436 11 11 0.035
244 426 19 17 0.035
972 705 18 12 0.035
879 551 12 15 0.035
591 641 14 14 0.035
259 277 10 24 0.035
586 525 12 19 0.035
464 423 11 15 0.035
171 166 12 12 0.035
853 464 13 23 0.035
289 63 9 14 0.035
11 251 10 13 0.035
773 436 9 11 0.035
419 628 10 20 0.035
751 17 9 10 0.035
778 551 14 15 0.035
417 270 10 17 0.034
465 199 14 15 0.034
1011 420 9 25 0.034
969 288 18 23 0.034
62 522 11 30 0.034
179 67 10 15 0.034
2 720 9 18 0.034
54 381 16 10 0.034
275 290 21 13 0.034
894 708 13 13 0.034
867 443 16 12 0.034
570 502 11 25 0.034
701 594 12 12 0.034
178 101 12 19 0.034
502 453 8 30 0.034
323 197 12 16 0.034
927 521 10 59 0.034
208 173 18 20 0.034
161 444 11 19 0.034
216 583 9 20 0.034
448 707 10 33 0.034
248 711 13 21 0.034
950 451 14 12 0.034
917 687 13 12 0.034
310 750 18 15 0.033
461 163 9 14 0.033
778 8 9 19 0.033
373 685 10 13 0.033
235 402 12 14 0.033
410 686 12 19 0.033
540 693 15 15 0.033
195 431 10 13 0.033
55 252 14 11 0.033
475 344 9 22 0.033
519 411 9 14 0.033
1000 246 10 17 0.033
377 427 8 24 0.033
287 593 10 15 0.033
383 249 9 17 0.033
394 102 16 17 0.033
408 242 13 19 0.033
897 428 9 11 0.033
959 472 9 68 0.033
769 465 13 30 0.033
266 57 16 14 0.033
913 289 9 12 0.033
516 483 11 12 0.033
866 502 9 13 0.033
55 669 11 16 0.033
201 330 10 15 0.033
513 566 10 17 0.033
224 245 13 16 0.033
537 746 16 13 0.033
997 152 16 13 0.033
499 696 12 14 0.033
450 431 9 20 0.033
92 254 23 13 0.033
1016 640 8 17 0.033
588 337 13 9 0.033
1006 690 11 43 0.033
534 603 15 24 0.033
164 314 10 19 0.033
744 486 14 12 0.033
205 717 12 21 0.032
151 332 17 10 0.032
338 710 10 14 0.032
40 148 8 33 0.032
941 97 6 27 0.032
594 488 13 14 0.032
248 243 14 12 0.032
490 169 9 11 0.032
432 310 9 12 0.032
901 478 11 26 0.032
190 185 11 28 0.032
557 698 17 17 0.032
482 304 22 12 0.032
850 571 11 16 0.032
955 15 10 15 0.032
925 254 9 28 0.032
237 624 9 13 0.032
945 138 8 33 0.032
502 525 17 12 0.032
154 99 8 12 0.032
897 636 11 14 0.032
390 543 13 15 0.032
327 118 23 9 0.032
338 46 7 30 0.032
485 369 9 11 0.032
622 448 9 11 0.032
465 157 13 33 0.032
126 183 21 10 0.032
896 597 15 33 0.032
600 103 29 9 0.032
160 388 13 11 0.032
798 746 10 12 0.031
193 517 10 20 0.031
135 537 10 12 0.031
100 306 12 12 0.031
402 723 30 18 0.031
894 159 14 23 0.031
770 33 10 10 0.031
54 486 9 24 0.031
984 301 16 21 0.031
20 673 19 27 0.031
195 141 11 18 0.031
471 196 23 9 0.031
338 714 15 14 0.031
523 449 10 12 0.031
972 299 17 22 0.031
510 525 20 13 0.031
437 409 8 27 0.031
182 24 11 24 0.031
340 571 14 17 0.031
115 88 6 22 0.031
912 3 13 9 0.031
788 482 15 11 0.031
177 723 17 23 0.031
1003 437 11 19 0.031
716 33 9 9 0.031
337 193 26 9 0.031
393 346 9 12 0.031
717 522 10 33 0.031
777 683 15 17 0.031
802 708 13 24 0.031
245 382 10 14 0.030
397 165 9 30 0.030
1 205 24 9 0.030
173 165 15 14 0.030
460 631 9 12 0.030
56 621 10 13 0.030
595 493 10 22 0.030
687 478 12 12 0.030
539 736 23 25 0.030
780 582 23 17 0.030
905 42 10 9 0.030
186 27 8 15 0.030
903 750 12 14 0.030
157 588 23 12 0.030
245 378 10 13 0.030
985 405 12 18 0.030
415 275 11 16 0.030
149 675 11 12 0.030
76 683 11 32 0.030
147 754 20 12 0.030
2 121 5 28 0.030
279 251 14 22 0.030
567 337 14 9 0.030
407 702 17 12 0.030
158 691 12 16 0.030
48 303 15 14 0.030
656 707 11 23 0.030
467 112 6 31 0.030
317 232 27 9 0.030
103 383 16 13 0.030
318 47 12 22 0.029
627 500 18 11 0.029
295 263 18 22 0.029
296 608 32 21 0.029
223 527 10 16 0.029
58 552 21 13 0.029
281 92 7 35 0.029
254 517 9 17 0.029
992 307 9 36 0.029
770 732 17 18 0.029
739 578 12 19 0.029
358 159 9 27 0.029
42 192 14 20 0.029
228 410 18 12 0.029
800 549 23 12 0.029
326 90 8 33 0.029
343 731 13 21 0.029
10 421 10 26 0.029
674 559 11 43 0.029
956 17 7 30 0.029
104 292 10 24 0.029
125 486 11 16 0.029
209 597 15 17 0.029
309 195 8 17 0.029
414 245 13 13 0.029
740 711 13 24 0.029
189 459 15 12 0.029
461 126 31 9 0.029
826 463 10 29 0.029
317 746 28 11 0.029
626 644 11 27 0.029
934 116 30 8 0.029
351 442 10 11 0.029
249 525 12 13 0.029
626 388 9 11 0.028
1008 423 12 14 0.028
116 361 9 27 0.028
131 274 19 9 0.028
607 1 23 10 0.028
126 496 30 10 0.028
942 695 16 16 0.028
400 0 7 6 0.028
299 233 8 31 0.028
352 554 17 20 0.028
204 295 8 27 0.028
204 147 11 23 0.028
332 729 18 19 0.028
33 432 24 17 0.028
952 190 7 24 0.028
386 640 15 27 0.028
331 194 11 16 0.028
698 420 15 9 0.028
777 657 21 30 0.028
260 182 12 25 0.028
942 73 18 9 0.028
69 553 10 12 0.028
609 753 23 13 0.028
364 385 9 20 0.028
984 165 10 20 0.028
441 637 12 38 0.028
527 680 24 14 0.028
269 231 24 14 0.028
404 225 9 21 0.027
14 112 6 25 0.027
120 216 34 8 0.027
563 135 12 13 0.027
41 585 16 12 0.027
385 701 19 12 0.027
598 603 13 23 0.027
428 210 10 11 0.027
858 79 9 30 0.027
868 328 9 9 0.027
336 615 12 18 0.027
117 719 12 33 0.027
430 435 23 10 0.027
346 6 8 24 0.027
23 400 9 11 0.027
46 669 21 30 0.027
847 667 10 91 0.027
357 277 9 30 0.027
979 720 12 16 0.027
518 310 9 12 0.027
593 479 11 12 0.027
885 148 14 22 0.027
247 99 11 30 0.027
373 101 8 17 0.027
363 516 22 28 0.027
725 735 20 20 0.027
169 522 15 12 0.027
405 85 10 18 0.027
283 82 9 28 0.027
1000 100 6 30 0.027
261 565 20 13 0.027
515 0 14 18 0.027
131 115 9 17 0.027
97 630 25 18 0.026
236 96 7 27 0.026
113 17 9 10 0.026
658 599 12 12 0.026
402 5 6 31 0.026
3 457 9 25 0.026
804 453 16 16 0.026
4 502 18 9 0.026
772 508 14 24 0.026
500 1 8 6 0.026
299 90 7 28 0.026
270 566 15 15 0.026
140 407 12 15 0.026
299 52 28 9 0.026
259 203 14 19 0.026
635 10 19 12 0.026
322 366 13 14 0.026
966 194 12 13 0.026
407 252 17 18 0.026
611 444 17 15 0.026
540 47 24 16 0.026
212 690 23 25 0.026
549 630 10 12 0.026
483 615 15 19 0.026
925 618 12 13 0.026
32 474 12 18 0.026
162 330 14 11 0.026
208 584 11 19 0.026
7 351 12 17 0.026
289 70 7 27 0.026
183 460 12 13 0.026
668 0 8 6 0.026
452 190 9 15 0.026
251 544 11 14 0.026
920 609 11 12 0.026
565 12 6 36 0.026
189 383 15 11 0.025
529 119 11 23 0.025
208 211 21 18 0.025
311 302 16 13 0.025
691 55 10 12 0.025
415 689 15 16 0.025
65 264 9 20 0.025
777 484 18 17 0.025
955 279 26 20 0.025
315 156 17 30 0.025
103 288 14 15 0.025
375 690 11 21 0.025
157 583 10 12 0.025
167 357 12 14 0.025
378 285 20 12 0.025
373 194 10 19 0.025
206 478 9 23 0.025
248 384 14 10 0.025
971 219 14 21 0.025
423 27 7 27 0.025
132 306 16 11 0.025
293 128 15 18 0.025
115 57 9 20 0.025
35 87 14 12 0.025
432 550 9 19 0.025
391 128 27 9 0.025
370 34 15 20 0.025
221 127 18 17 0.025
180 147 10 22 0.025
949 311 14 31 0.025
328 723 11 21 0.025
798 451 15 13 0.025
465 345 21 12 0.025
316 261 18 26 0.025
961 741 20 16 0.025
847 734 15 14 0.025
393 702 22 13 0.025
665 584 18 17 0.024
457 135 9 22 0.024
349 627 21 12 0.024
305 693 19 20 0.024
111 380 10 22 0.024
43 444 27 14 0.024
190 438 11 30 0.024
417 197 22 22 0.024
139 300 11 23 0.024
1004 651 12 24 0.024
975 592 11 12 0.024
850 122 8 12 0.024
959 17 6 30 0.024
721 690 16 18 0.024
528 232 10 27 0.024
358 392 19 11 0.024
517 171 9 10 0.024
597 487 22 14 0.024
853 447 18 23 0.024
388 283 13 12 0.024
132 69 16 9 0.024
588 52 7 36 0.024
371 127 21 12 0.024
836 483 17 14 0.024
799 36 24 12 0.024
896 529 12 13 0.024
189 86 8 36 0.024
958 641 11 26 0.024
74 144 18 12 0.024
381 239 9 19 0.024
588 136 10 12 0.024
908 38 10 17 0.024
29 248 11 31 0.024
463 540 11 18 0.024
892 152 22 16 0.024
412 315 12 17 0.024
875 687 16 18 0.024
736 449 15 12 0.024
954 115 22 10 0.024
989 495 29 13 0.024
721 10 10 30 0.024
772 565 10 24 0.024
464 538 22 12 0.024
485 487 8 24 0.024
254 137 12 13 0.024
170 512 10 22 0.023
557 77 7 31 0.023
533 654 12 17 0.023
479 18 16 21 0.023
21 617 11 12 0.023
568 544 13 19 0.023
433 367 11 12 0.023
55 81 16 9 0.023
314 511 27 9 0.023
985 212 12 31 0.023
306 528 12 14 0.023
219 535 23 12 0.023
293 536 13 17 0.023
7 433 10 30 0.023
505 500 9 16 0.023
634 44 14 22 0.023
551 233 9 22 0.023
59 438 12 15 0.023
1015 238 9 27 0.023
175 144 18 15 0.023
588 439 22 9 0.023
465 445 11 23 0.023
286 447 10 23 0.023
30 748 14 20 0.023
58 726 22 24 0.023
111 393 15 16 0.023
852 417 12 17 0.023
520 468 10 19 0.023
283 201 12 21 0.023
592 558 11 22 0.023
563 738 20 19 0.023
969 328 15 21 0.023
308 146 15 29 0.023
510 255 14 17 0.023
504 465 27 10 0.023
217 457 12 11 0.023
764 375 9 11 0.023
268 425 21 11 0.023
340 273 13 23 0.023
979 584 18 21 0.023
568 0 8 6 0.023
12 475 17 22 0.023
210 406 17 11 0.023
655 499 13 24 0.023
608 670 10 19 0.023
975 5 8 9 0.023
832 744 9 12 0.023
657 0 9 6 0.023
138 630 10 12 0.023
616 434 19 17 0.023
117 33 9 20 0.023
656 387 9 12 0.023
356 751 12 14 0.023
733 456 13 22 0.023
348 328 8 33 0.022
101 403 14 26 0.022
68 535 10 12 0.022
454 174 7 28 0.022
374 480 13 18 0.022
739 741 21 15 0.022
363 498 26 17 0.022
516 690 14 73 0.022
112 630 12 12 0.022
385 53 9 28 0.022
133 180 30 9 0.022
491 325 8 24 0.022
879 603 10 50 0.022
13 266 13 19 0.022
516 0 8 6 0.022
812 368 9 10 0.022
253 346 13 18 0.022
942 433 9 14 0.022
114 452 18 12 0.022
369 474 19 16 0.022
35 25 8 8 0.022
196 269 26 13 0.022
26 98 15 21 0.022
972 4 15 9 0.022
198 749 21 11 0.022
131 589 15 13 0.022
365 395 11 11 0.022
861 72 18 17 0.022
337 56 7 31 0.022
540 58 9 30 0.022
272 377 10 19 0.022
29 375 9 27 0.022
739 484 9 16 0.022
424 674 22 16 0.022
361 90 8 36 0.022
868 593 16 30 0.022
548 564 18 22 0.022
409 663 16 15 0.022
31 420 17 19 0.022
813 50 15 13 0.022
534 321 9 11 0.022
370 324 13 12 0.022
771 19 13 27 0.022
690 565 19 14 0.021
941 99 10 17 0.021
1011 77 9 19 0.021
569 408 10 15 0.021
767 746 12 13 0.021
171 753 19 12 0.021
153 126 10 24 0.021
566 115 13 29 0.021
17 154 8 33 0.021
675 415 9 28 0.021
186 471 14 12 0.021
8 666 24 15 0.021
316 636 14 19 0.021
1003 154 9 22 0.021
957 379 11 17 0.021
154 474 10 12 0.021
351 412 9 11 0.021
183 229 15 12 0.021
564 413 11 16 0.021
34 124 6 29 0.021
364 269 21 16 0.021
106 39 14 10 0.021
56 556 11 13 0.021
488 400 18 10 0.021
341 681 10 24 0.021
572 750 15 15 0.021
319 121 10 25 0.021
566 256 10 12 0.021
477 499 12 33 0.021
961 72 9 17 0.021
600 337 7 33 0.021
572 533 20 21 0.021
508 212 16 13 0.021
219 753 10 12 0.021
196 252 25 14 0.021
137 378 10 20 0.021
381 73 14 18 0.021
239 579 12 15 0.021
901 315 11 15 0.021
355 473 20 16 0.021
384 564 10 17 0.021
301 89 28 13 0.021
990 142 12 27 0.021
665 664 25 83 0.021
475 1 7 6 0.021
199 355 17 12 0.021
270 370 25 12 0.021
291 381 17 18 0.021
576 277 12 12 0.020
196 512 17 13 0.020
345 682 11 19 0.020
777 642 13 30 0.020
598 1 26 11 0.020
580 71 11 31 0.020
1007 217 14 21 0.020
699 570 9 15 0.020
753 466 16 13 0.020
474 753 21 12 0.020
110 580 10 13 0.020
984 666 11 15 0.020
156 527 13 15 0.020
233 714 13 19 0.020
583 10 8 33 0.020
968 147 16 14 0.020
245 227 10 28 0.020
350 432 12 20 0.020
613 509 15 18 0.020
901 739 23 13 0.020
535 500 24 21 0.020
621 82 7 30 0.020
569 332 7 22 0.020
191 78 11 32 0.020
325 498 9 24 0.020
998 459 20 39 0.020
177 624 11 16 0.020
4 552 10 30 0.020
