0_Parade_marchingband_1_1007
71
319 335 30 36 0.824
139 346 30 36 0.755
715 425 28 33 0.754
94 369 23 26 0.751
597 389 21 25 0.722
476 398 18 20 0.721
527 384 23 26 0.697
243 385 21 24 0.668
644 382 20 24 0.614
391 400 20 23 0.567
685 361 13 16 0.458
0 337 25 34 0.451
449 409 15 18 0.373
0 349 22 29 0.203
44 440 26 30 0.165
775 411 13 16 0.160
803 410 13 17 0.119
792 401 13 16 0.113
3 366 26 29 0.103
1 359 20 28 0.102
775 409 21 15 0.100
642 373 19 24 0.096
821 380 10 11 0.094
734 402 11 12 0.073
396 404 19 20 0.071
791 407 24 18 0.069
849 408 9 9 0.068
787 402 15 15 0.065
772 419 13 15 0.063
5 329 24 32 0.058
794 396 12 13 0.057
547 404 18 20 0.057
32 446 31 32 0.056
636 385 15 19 0.056
600 384 20 23 0.055
731 399 16 18 0.051
662 394 17 18 0.051
707 405 13 15 0.050
852 408 9 12 0.049
836 411 12 20 0.048
582 392 13 16 0.047
670 394 14 15 0.043
225 382 15 19 0.042
800 401 15 19 0.039
650 389 26 20 0.037
666 390 15 18 0.035
833 432 10 12 0.032
165 378 26 29 0.032
454 404 14 16 0.031
834 415 16 26 0.030
622 406 16 19 0.029
854 425 11 11 0.029
689 387 13 17 0.029
5 375 27 32 0.029
627 398 15 22 0.029
584 385 19 23 0.027
771 387 12 14 0.026
672 389 21 18 0.026
843 407 17 19 0.025
837 421 25 10 0.025
420 405 14 15 0.025
823 379 10 11 0.025
142 438 29 34 0.025
728 394 15 15 0.024
27 452 27 31 0.022
384 400 19 24 0.022
836 400 10 18 0.022
0 372 19 31 0.022
9 338 26 27 0.021
699 394 23 36 0.020
816 415 23 13 0.020
