0_Parade_Parade_0_258
90
718 620 13 16 0.732
454 577 11 14 0.658
134 753 20 15 0.629
359 550 14 16 0.393
384 547 8 10 0.326
334 549 9 9 0.319
753 105 40 49 0.298
300 570 8 10 0.288
658 596 13 15 0.283
34 651 8 9 0.275
296 432 16 18 0.256
1 658 9 12 0.205
315 543 8 9 0.179
0 746 11 17 0.178
395 555 8 10 0.177
548 558 10 12 0.177
61 574 7 7 0.158
461 555 10 12 0.141
67 726 14 16 0.136
578 197 54 58 0.123
283 552 8 9 0.110
124 747 22 21 0.108
20 640 7 8 0.108
694 627 12 18 0.106
59 574 6 7 0.089
360 549 37 14 0.088
695 624 22 16 0.088
312 544 10 11 0.085
118 738 20 24 0.085
25 645 10 12 0.081
412 565 10 12 0.074
300 548 7 8 0.073
0 718 8 16 0.069
415 565 10 9 0.065
293 436 18 23 0.065
410 568 10 10 0.063
345 550 9 9 0.063
196 578 7 8 0.060
497 571 11 14 0.054
527 582 10 12 0.053
14 716 13 17 0.052
289 453 19 23 0.051
609 554 11 11 0.050
611 553 11 11 0.050
337 549 35 12 0.047
284 552 8 7 0.047
2 743 12 16 0.042
381 547 13 13 0.041
615 662 12 14 0.041
476 558 11 13 0.040
477 553 10 14 0.039
56 724 15 19 0.038
368 554 17 22 0.038
951 633 11 12 0.037
343 554 16 12 0.036
529 585 10 12 0.035
137 563 8 9 0.035
664 603 12 16 0.034
639 549 9 10 0.034
195 582 7 7 0.033
705 603 11 13 0.032
563 556 11 11 0.031
297 572 19 9 0.030
622 565 9 9 0.030
589 559 9 9 0.029
376 573 12 15 0.029
586 560 9 11 0.029
600 598 11 13 0.028
118 735 16 18 0.028
146 538 7 8 0.028
522 576 10 13 0.027
39 672 9 12 0.027
558 549 17 15 0.027
548 556 14 25 0.027
553 579 12 15 0.027
386 559 12 29 0.026
389 572 15 11 0.026
3 655 10 13 0.026
768 626 12 14 0.024
332 548 22 13 0.024
177 587 7 9 0.024
690 633 14 18 0.023
915 631 9 10 0.023
552 551 15 15 0.022
598 573 10 12 0.022
556 548 10 12 0.022
0 753 12 15 0.022
287 548 25 11 0.022
73 726 13 16 0.021
642 632 12 13 0.020
