0_Parade_Parade_0_111
169
129 390 32 36 0.837
26 215 26 33 0.837
61 396 33 40 0.806
68 172 26 32 0.790
21 416 33 41 0.787
107 450 30 31 0.785
63 296 28 37 0.768
175 313 24 30 0.767
154 71 20 26 0.765
209 81 18 24 0.761
332 23 18 24 0.747
264 83 17 20 0.715
853 99 17 22 0.710
723 198 18 23 0.708
417 221 21 26 0.707
208 51 18 24 0.700
906 125 19 25 0.696
625 124 19 23 0.696
740 131 19 24 0.696
673 115 23 28 0.693
846 173 18 25 0.692
495 30 14 16 0.690
254 190 24 30 0.678
622 295 33 41 0.676
546 260 25 31 0.676
725 111 20 23 0.661
319 188 19 27 0.661
698 341 27 30 0.657
164 132 22 29 0.650
120 165 22 27 0.648
780 346 30 37 0.630
223 213 20 27 0.630
653 249 23 28 0.624
663 174 17 27 0.614
742 290 21 28 0.608
982 235 19 24 0.603
115 196 21 28 0.602
806 165 18 24 0.591
368 32 15 21 0.586
789 228 18 28 0.574
0 313 14 39 0.573
948 304 21 24 0.568
447 32 13 17 0.566
973 153 18 24 0.556
876 329 24 26 0.553
566 19 11 13 0.532
526 183 21 29 0.532
1007 154 13 21 0.526
589 144 22 30 0.524
541 145 21 29 0.520
779 159 20 28 0.515
434 107 19 25 0.512
431 23 12 14 0.506
523 18 13 15 0.495
594 148 26 27 0.480
937 189 21 25 0.448
818 308 25 28 0.426
189 358 26 37 0.410
684 116 19 24 0.403
0 147 10 42 0.386
684 271 20 29 0.340
508 125 17 20 0.327
892 159 18 24 0.318
890 170 17 24 0.313
468 156 20 28 0.306
481 2 11 13 0.299
882 242 18 24 0.290
0 160 13 34 0.277
413 7 12 15 0.275
1014 210 10 31 0.272
887 177 19 26 0.262
825 207 20 22 0.241
561 105 16 18 0.232
156 208 21 28 0.228
135 189 23 34 0.228
462 139 20 27 0.209
825 147 20 22 0.204
606 149 19 26 0.193
898 228 17 23 0.187
463 146 23 31 0.185
887 92 15 19 0.183
865 135 20 24 0.183
655 167 24 30 0.179
447 3 10 12 0.168
947 137 15 19 0.163
0 397 14 31 0.148
581 46 10 12 0.148
769 197 20 25 0.146
292 171 19 23 0.138
185 177 18 22 0.137
481 200 28 36 0.128
533 131 19 26 0.122
873 130 17 21 0.110
860 138 17 22 0.109
975 239 19 22 0.104
931 83 14 14 0.102
946 187 18 22 0.098
692 119 13 18 0.095
340 231 23 30 0.093
887 234 18 24 0.093
982 115 17 22 0.092
128 196 40 30 0.089
946 113 18 24 0.087
935 398 28 34 0.086
899 160 15 21 0.082
527 17 12 14 0.081
254 162 20 24 0.078
434 20 12 15 0.078
948 115 16 40 0.077
529 12 11 14 0.076
875 123 18 24 0.073
688 113 17 20 0.072
944 137 29 24 0.072
789 159 37 27 0.066
512 121 19 22 0.066
439 183 25 30 0.063
342 222 22 27 0.062
953 309 19 23 0.062
942 302 20 24 0.061
566 101 15 19 0.053
520 16 12 14 0.053
784 145 18 28 0.052
291 240 22 29 0.050
1014 98 10 20 0.048
397 0 10 9 0.047
931 192 16 23 0.047
787 135 19 23 0.044
944 296 20 25 0.044
443 183 33 34 0.042
1 172 14 27 0.041
643 169 18 24 0.041
213 542 41 34 0.040
169 127 18 22 0.040
877 245 17 24 0.039
0 428 12 31 0.038
824 300 23 27 0.038
45 398 46 43 0.037
522 23 12 14 0.037
0 142 7 27 0.036
461 15 11 14 0.036
726 323 21 26 0.035
230 209 16 26 0.034
145 395 24 28 0.034
881 100 17 22 0.033
563 21 11 13 0.033
885 156 19 22 0.033
539 134 20 31 0.032
141 196 22 27 0.031
938 134 19 20 0.031
367 166 17 21 0.030
524 12 14 17 0.030
885 87 14 17 0.030
1005 312 18 23 0.029
515 113 17 18 0.027
959 302 17 23 0.027
28 388 24 35 0.027
943 110 15 20 0.026
0 438 10 25 0.024
556 255 21 28 0.024
469 201 30 36 0.023
677 110 21 26 0.022
0 303 12 38 0.022
897 164 15 24 0.022
347 220 27 25 0.021
446 125 23 32 0.021
414 2 13 15 0.021
258 120 14 18 0.021
902 231 20 22 0.021
853 202 18 23 0.020
