0_Parade_Parade_0_263
38
800 362 17 20 0.760
925 373 9 11 0.561
873 365 9 10 0.445
363 340 17 19 0.390
655 342 11 15 0.368
676 362 13 15 0.302
586 344 17 21 0.211
611 334 13 17 0.205
882 364 7 9 0.167
851 388 9 12 0.164
940 365 9 10 0.145
536 372 11 13 0.115
606 335 17 18 0.084
654 338 23 29 0.066
975 384 7 9 0.066
681 365 11 13 0.064
749 370 10 11 0.064
893 392 6 8 0.054
1001 392 7 7 0.050
945 366 8 8 0.042
525 295 9 10 0.042
860 367 28 9 0.042
645 342 19 15 0.041
17 363 9 11 0.040
962 380 8 7 0.039
557 369 11 12 0.038
850 368 8 8 0.036
785 368 9 11 0.035
1016 238 7 12 0.034
677 368 14 17 0.033
42 321 10 11 0.028
640 344 13 15 0.028
844 369 20 9 0.028
747 402 7 8 0.024
869 363 14 17 0.024
853 381 8 16 0.023
617 331 12 17 0.023
856 368 12 8 0.021
