0_Parade_Parade_0_635
32
504 372 25 30 0.787
616 369 27 31 0.785
404 435 22 27 0.783
715 376 24 28 0.778
422 381 22 26 0.755
765 379 21 23 0.703
912 369 25 28 0.686
166 270 27 38 0.679
811 374 25 27 0.598
323 441 21 24 0.472
787 378 20 25 0.435
357 374 20 27 0.201
201 373 25 31 0.176
722 468 21 21 0.108
813 392 20 22 0.100
751 387 18 21 0.087
839 381 20 20 0.068
678 409 12 14 0.047
670 414 12 11 0.044
720 472 17 19 0.043
155 269 29 37 0.041
353 366 20 24 0.040
137 419 22 36 0.032
681 406 12 14 0.032
835 386 19 23 0.029
139 430 27 31 0.028
843 377 22 20 0.026
880 377 20 22 0.024
28 30 9 11 0.024
886 377 25 21 0.022
237 381 20 25 0.022
925 472 14 18 0.020
