0_Parade_marchingband_1_179
102
460 301 19 27 0.753
374 312 26 32 0.727
83 289 18 24 0.726
844 303 17 21 0.711
565 333 23 29 0.706
86 330 31 38 0.663
1001 315 14 17 0.662
694 289 17 24 0.628
638 291 9 10 0.596
337 290 12 15 0.561
36 308 28 33 0.543
245 322 20 25 0.526
783 296 9 10 0.504
800 303 13 15 0.503
763 307 12 14 0.496
505 293 15 18 0.482
315 286 17 20 0.479
254 297 14 17 0.478
202 296 18 22 0.456
993 294 8 10 0.441
815 306 14 15 0.433
607 297 12 14 0.426
434 301 12 15 0.413
875 306 10 12 0.406
887 297 11 14 0.388
973 319 15 16 0.363
191 293 23 22 0.304
184 292 16 20 0.273
802 304 19 16 0.269
784 295 13 15 0.259
939 302 12 13 0.239
56 335 22 28 0.229
878 303 11 14 0.222
207 294 19 24 0.217
446 332 9 11 0.211
328 289 22 17 0.211
433 335 10 12 0.210
248 309 23 38 0.198
963 311 10 12 0.188
292 300 13 15 0.171
966 314 15 16 0.131
611 298 11 12 0.131
882 300 14 15 0.125
433 336 22 10 0.118
633 305 10 11 0.115
705 282 19 21 0.115
762 302 10 14 0.112
504 292 12 15 0.110
732 299 12 16 0.105
698 287 22 24 0.103
100 325 30 39 0.094
763 302 21 14 0.093
636 292 12 14 0.089
808 294 10 11 0.085
515 297 13 15 0.079
900 324 10 12 0.078
993 293 12 16 0.078
714 305 14 17 0.075
50 323 25 33 0.074
18 329 20 25 0.072
290 297 24 20 0.068
257 322 21 26 0.065
572 309 14 15 0.057
170 316 16 21 0.056
984 316 12 15 0.056
41 303 28 32 0.055
32 300 26 33 0.054
614 292 11 14 0.053
711 285 15 16 0.051
911 305 9 10 0.048
27 319 21 28 0.045
933 301 8 9 0.045
727 292 28 21 0.043
247 301 18 28 0.043
257 306 22 22 0.040
168 313 14 18 0.039
957 308 17 15 0.039
961 293 9 9 0.039
50 308 26 31 0.038
435 331 12 14 0.036
608 297 23 14 0.034
202 287 20 22 0.034
211 289 17 20 0.034
961 295 9 22 0.033
243 291 11 13 0.032
896 319 15 18 0.031
299 330 18 19 0.031
727 288 16 17 0.029
549 344 12 17 0.028
174 324 15 18 0.027
315 298 17 22 0.024
711 282 17 34 0.024
527 238 12 13 0.024
362 320 19 19 0.024
760 309 13 15 0.023
251 295 20 25 0.023
338 312 11 13 0.023
1010 291 11 10 0.023
807 313 13 14 0.022
887 302 21 13 0.022
716 309 13 15 0.022
438 299 10 14 0.021
