0_Parade_Parade_0_712
96
579 167 42 51 0.827
668 197 16 19 0.760
478 193 64 83 0.757
379 210 17 21 0.707
158 225 16 21 0.706
352 187 13 15 0.702
348 276 13 17 0.693
680 179 12 14 0.693
259 223 18 22 0.688
743 160 11 12 0.679
818 268 21 22 0.678
253 201 15 19 0.671
313 196 13 15 0.637
1002 277 14 17 0.617
639 173 12 14 0.605
977 281 15 17 0.590
203 201 37 51 0.579
108 212 21 25 0.566
287 208 15 18 0.564
763 184 15 18 0.563
731 283 15 19 0.561
652 202 12 15 0.517
812 330 19 22 0.499
12 190 11 13 0.470
31 195 10 13 0.469
395 190 17 21 0.426
433 137 8 11 0.425
422 216 14 16 0.347
71 209 15 18 0.327
45 218 21 24 0.326
749 182 15 18 0.317
6 250 15 17 0.243
397 142 11 15 0.236
12 209 12 15 0.175
791 193 11 14 0.175
677 182 13 16 0.152
61 315 15 17 0.150
16 229 14 18 0.139
166 178 9 11 0.137
13 188 17 19 0.124
399 134 11 13 0.123
752 183 18 21 0.115
18 193 27 15 0.109
63 211 18 20 0.108
10 239 17 30 0.092
311 181 10 13 0.087
240 236 19 23 0.086
154 200 16 14 0.082
139 211 17 18 0.080
397 137 10 14 0.077
745 175 13 17 0.071
959 235 10 11 0.071
386 201 21 21 0.071
115 217 19 21 0.069
56 64 6 8 0.059
689 63 8 10 0.056
68 209 14 16 0.054
395 138 20 19 0.054
372 193 12 15 0.053
101 207 17 19 0.052
99 348 12 13 0.051
256 205 27 18 0.046
841 207 13 15 0.046
21 260 18 22 0.046
73 83 8 10 0.046
91 55 8 9 0.044
652 208 12 14 0.043
19 225 19 19 0.043
90 209 26 19 0.041
57 209 24 30 0.038
148 201 14 17 0.038
41 210 19 23 0.037
715 264 14 15 0.037
133 211 18 19 0.036
89 92 8 19 0.031
453 119 8 10 0.030
40 64 7 7 0.030
216 138 12 16 0.028
159 177 13 47 0.028
772 190 27 14 0.027
117 108 9 11 0.027
144 96 7 8 0.026
116 107 8 10 0.025
164 211 79 35 0.025
215 218 22 28 0.024
395 180 16 21 0.024
218 199 26 36 0.024
4 245 21 26 0.023
195 190 36 48 0.023
82 96 15 11 0.022
12 273 18 23 0.021
102 57 6 7 0.021
800 304 22 24 0.021
429 168 20 29 0.021
418 114 9 9 0.021
96 247 24 28 0.020
