0_Parade_Parade_0_91
52
886 444 24 30 0.759
757 406 25 30 0.754
620 430 32 33 0.747
692 417 26 28 0.732
823 415 26 28 0.725
243 435 17 19 0.681
294 435 16 20 0.673
922 451 19 23 0.657
505 456 13 17 0.634
41 439 12 14 0.632
439 435 16 18 0.632
63 435 13 15 0.628
143 440 12 13 0.606
118 438 13 15 0.602
186 442 16 17 0.571
24 436 11 14 0.569
391 440 15 18 0.509
96 447 12 14 0.487
345 437 12 13 0.359
576 457 14 16 0.343
8 438 10 12 0.253
472 458 11 14 0.251
198 442 12 14 0.192
31 437 22 15 0.189
48 437 31 13 0.170
1016 476 8 36 0.147
4 439 9 13 0.134
166 445 10 12 0.117
202 440 13 15 0.110
92 444 13 15 0.102
98 444 15 15 0.102
918 432 20 19 0.099
325 437 16 17 0.093
140 443 26 12 0.082
228 449 12 13 0.077
453 453 34 22 0.057
320 438 14 16 0.057
11 437 19 14 0.051
729 438 17 21 0.046
204 430 15 16 0.046
205 426 14 15 0.044
81 440 12 14 0.044
228 443 16 16 0.043
344 437 29 13 0.036
188 437 18 18 0.034
667 451 13 13 0.033
365 434 14 16 0.027
359 437 13 15 0.025
908 442 22 24 0.025
597 435 23 23 0.024
574 455 19 24 0.021
445 432 14 15 0.020
