0_Parade_Parade_0_41
481
285 525 20 28 0.593
989 338 9 11 0.563
687 389 10 12 0.557
917 338 9 11 0.556
567 344 9 11 0.543
256 525 25 30 0.538
601 309 8 10 0.456
870 338 9 11 0.446
610 341 8 10 0.441
506 325 9 10 0.438
775 333 9 11 0.406
721 340 8 9 0.400
997 534 11 12 0.398
481 305 7 9 0.393
539 329 8 10 0.377
634 330 8 9 0.375
660 336 8 11 0.372
310 479 16 19 0.368
521 306 9 10 0.366
466 318 8 9 0.352
857 325 8 10 0.341
558 310 8 10 0.339
587 328 8 9 0.324
448 417 11 13 0.314
542 245 8 9 0.302
928 237 6 9 0.300
518 426 11 12 0.296
648 445 10 10 0.293
537 207 6 8 0.283
703 346 8 10 0.280
673 326 8 10 0.278
561 439 11 13 0.276
571 305 8 9 0.265
352 536 24 21 0.260
274 449 11 14 0.258
952 539 13 14 0.253
614 275 8 9 0.253
829 305 8 9 0.250
285 472 15 20 0.244
894 328 8 9 0.243
444 505 11 14 0.240
532 281 9 9 0.240
652 90 33 42 0.238
494 288 8 9 0.232
989 299 7 9 0.231
379 503 13 15 0.229
697 287 8 9 0.228
440 300 8 9 0.224
679 445 10 12 0.222
968 319 9 10 0.219
379 291 7 9 0.214
21 346 7 9 0.207
760 321 8 9 0.207
512 251 8 9 0.205
477 222 8 9 0.204
952 327 9 11 0.203
635 298 8 10 0.200
558 192 7 7 0.197
972 249 6 8 0.197
734 254 8 9 0.195
460 290 8 9 0.194
299 390 8 10 0.193
784 294 8 9 0.192
928 321 9 11 0.188
0 472 24 38 0.187
653 270 7 8 0.182
588 323 7 17 0.178
303 292 7 8 0.176
453 401 10 12 0.176
794 311 8 11 0.173
458 291 8 10 0.172
722 468 10 12 0.170
602 285 8 12 0.167
415 500 12 15 0.165
504 197 7 9 0.164
248 454 11 13 0.161
588 245 7 10 0.161
88 308 7 9 0.158
710 310 9 10 0.157
1 428 12 19 0.154
669 287 10 9 0.154
562 309 10 10 0.151
941 327 10 11 0.151
772 465 9 11 0.150
634 334 9 10 0.150
964 314 9 10 0.150
503 241 8 10 0.149
304 408 8 10 0.148
491 216 9 9 0.148
842 320 9 11 0.148
638 298 9 10 0.147
899 257 8 9 0.145
871 247 7 8 0.143
653 462 12 14 0.142
595 201 6 8 0.141
920 257 8 9 0.140
555 291 8 10 0.140
464 256 7 8 0.139
821 338 8 10 0.139
721 268 11 9 0.138
910 319 8 10 0.132
970 321 8 9 0.130
801 483 9 11 0.130
685 472 10 15 0.129
514 308 10 11 0.127
336 346 7 9 0.125
717 205 7 9 0.124
406 329 8 8 0.119
22 277 8 8 0.119
284 408 9 10 0.119
875 312 8 14 0.117
466 506 13 18 0.115
945 505 9 11 0.115
504 225 6 16 0.111
523 269 7 10 0.111
836 330 8 14 0.108
659 332 16 13 0.108
704 225 7 18 0.108
983 538 11 13 0.106
556 219 7 9 0.106
867 516 9 12 0.103
481 253 7 8 0.103
177 374 9 9 0.103
905 524 13 14 0.102
59 510 31 40 0.102
543 455 11 14 0.102
203 460 14 19 0.101
440 254 8 9 0.101
538 300 8 16 0.099
304 453 11 14 0.098
357 277 7 7 0.098
1011 266 8 10 0.097
378 266 7 8 0.097
655 456 14 20 0.097
417 355 8 11 0.096
653 225 7 21 0.096
356 255 7 8 0.096
672 286 11 13 0.096
734 341 8 8 0.096
600 430 8 11 0.095
338 298 7 7 0.094
1012 314 9 11 0.094
433 280 7 8 0.093
659 456 12 14 0.093
747 471 9 9 0.093
934 274 9 8 0.093
634 296 16 11 0.092
959 521 11 12 0.091
573 274 8 16 0.091
81 524 29 33 0.089
151 521 32 36 0.089
153 316 8 10 0.089
761 231 8 19 0.088
898 256 8 18 0.087
498 281 8 17 0.086
730 314 8 22 0.086
608 303 9 10 0.085
411 521 14 15 0.085
368 398 10 12 0.085
758 275 8 18 0.084
350 189 7 8 0.084
259 265 7 9 0.083
577 541 11 13 0.083
556 309 21 9 0.083
936 518 10 11 0.082
989 295 12 10 0.081
742 277 8 17 0.080
473 207 7 8 0.080
928 322 17 13 0.080
563 195 6 7 0.080
653 264 7 23 0.079
14 398 12 15 0.079
734 328 8 10 0.078
64 425 13 15 0.078
505 195 6 16 0.076
735 227 7 8 0.076
1013 160 9 10 0.075
654 201 6 7 0.075
65 514 43 41 0.074
496 304 14 10 0.074
557 284 9 15 0.074
565 280 12 14 0.074
749 223 8 10 0.073
920 254 7 22 0.073
733 323 8 28 0.073
887 337 10 10 0.071
282 293 7 8 0.070
372 464 15 16 0.070
632 205 10 12 0.070
481 409 10 11 0.069
542 327 9 12 0.069
633 269 8 16 0.067
92 417 12 16 0.067
987 338 8 10 0.067
938 247 7 17 0.067
236 377 8 9 0.067
797 255 7 29 0.065
710 309 10 18 0.065
595 198 6 20 0.064
314 501 16 20 0.063
950 519 22 10 0.062
578 446 11 13 0.061
716 518 11 12 0.060
606 260 11 22 0.060
291 365 10 10 0.059
363 300 9 10 0.059
851 507 9 10 0.059
380 463 13 15 0.059
255 451 11 13 0.059
841 294 18 9 0.058
782 292 19 14 0.058
829 543 9 13 0.058
557 187 6 20 0.057
899 527 11 12 0.057
1 359 8 10 0.057
229 263 9 9 0.056
246 287 7 8 0.056
271 387 9 11 0.055
759 318 14 15 0.055
415 498 12 28 0.055
194 364 9 9 0.055
947 335 11 11 0.055
817 280 11 17 0.054
100 405 12 13 0.054
334 484 12 15 0.054
974 538 19 13 0.054
521 241 15 13 0.054
587 237 7 21 0.054
832 231 7 33 0.053
155 409 11 11 0.053
463 301 9 28 0.053
861 302 10 21 0.053
360 494 15 15 0.053
96 406 13 16 0.053
521 424 12 14 0.052
370 401 10 18 0.052
330 497 16 18 0.052
816 340 11 9 0.052
906 258 26 7 0.051
789 311 13 16 0.051
350 404 8 9 0.050
395 218 7 7 0.050
148 513 30 34 0.050
678 305 12 15 0.050
466 503 12 15 0.050
893 500 9 12 0.050
543 526 12 14 0.049
169 267 9 9 0.049
874 313 18 16 0.048
904 288 9 16 0.048
588 239 7 33 0.048
853 510 11 13 0.047
667 218 8 27 0.047
338 296 12 9 0.047
561 252 20 14 0.047
803 279 19 13 0.047
693 288 30 10 0.046
1003 315 20 11 0.046
787 221 7 32 0.046
504 245 17 19 0.045
523 263 11 20 0.045
50 359 8 10 0.045
893 320 17 19 0.045
369 500 18 19 0.044
344 415 9 10 0.044
718 200 7 28 0.044
448 505 35 17 0.043
721 264 8 28 0.043
412 451 12 13 0.043
7 418 16 19 0.043
493 209 11 23 0.043
690 315 12 18 0.043
707 205 21 10 0.043
942 337 9 10 0.042
131 499 35 40 0.042
516 286 8 26 0.042
569 214 6 35 0.042
1 416 13 35 0.042
280 258 7 8 0.042
592 289 19 14 0.042
818 502 10 12 0.042
611 251 18 13 0.042
650 466 11 13 0.042
971 538 12 14 0.042
551 532 14 16 0.041
470 501 13 16 0.041
772 480 9 11 0.041
616 199 8 9 0.041
70 377 8 9 0.041
734 244 14 29 0.041
71 392 12 12 0.041
603 277 18 20 0.040
982 320 18 10 0.040
837 512 9 11 0.040
990 329 10 14 0.039
724 181 8 8 0.039
759 227 10 36 0.039
675 273 16 25 0.039
650 441 12 36 0.039
58 426 16 15 0.039
303 449 11 14 0.038
403 329 8 8 0.038
406 521 13 15 0.038
480 250 16 17 0.038
823 243 9 35 0.037
305 288 7 12 0.037
832 522 10 13 0.037
695 198 8 20 0.037
891 335 9 11 0.037
282 366 13 11 0.037
498 263 9 28 0.037
1015 251 7 9 0.037
860 235 6 17 0.037
477 258 7 26 0.036
831 516 7 36 0.036
574 258 12 35 0.036
741 235 15 25 0.035
872 294 11 36 0.035
555 189 7 7 0.035
506 243 20 17 0.035
941 246 14 8 0.035
583 334 14 13 0.035
16 403 13 14 0.035
707 244 8 33 0.035
220 283 7 8 0.035
369 411 10 15 0.034
658 462 11 14 0.034
730 478 14 15 0.034
353 254 20 9 0.034
615 212 8 42 0.034
675 312 13 26 0.034
226 443 11 14 0.034
715 288 17 21 0.034
985 253 8 18 0.033
1005 252 6 7 0.033
542 188 6 7 0.033
906 519 12 13 0.033
348 402 9 15 0.033
629 204 8 30 0.033
891 289 22 11 0.033
301 295 7 8 0.033
822 280 9 35 0.033
535 288 12 28 0.033
191 452 23 22 0.032
669 240 7 37 0.032
687 475 12 12 0.032
1001 534 11 13 0.032
552 220 31 6 0.032
775 526 11 13 0.032
1008 298 12 10 0.031
67 421 13 16 0.031
846 507 15 13 0.031
965 242 13 18 0.031
686 262 22 19 0.031
89 339 7 9 0.031
1 393 10 13 0.031
926 323 14 13 0.031
65 298 6 8 0.031
662 241 24 14 0.031
751 288 16 16 0.031
871 282 8 33 0.031
722 339 11 12 0.030
732 510 12 16 0.030
766 275 17 21 0.030
564 281 15 36 0.030
68 252 7 8 0.030
41 378 9 10 0.030
963 238 7 8 0.030
712 315 29 12 0.030
931 519 13 13 0.030
318 493 22 23 0.030
38 396 12 13 0.030
628 262 18 22 0.030
588 250 10 33 0.029
637 335 11 11 0.029
316 478 13 17 0.029
358 402 22 12 0.029
726 515 18 14 0.029
87 419 21 17 0.029
836 272 8 30 0.029
728 305 11 24 0.029
510 503 10 12 0.029
557 207 6 38 0.029
845 240 7 34 0.029
948 324 15 14 0.029
260 348 9 11 0.029
858 262 19 18 0.029
358 501 15 16 0.029
875 266 8 36 0.028
959 280 11 28 0.028
143 273 8 9 0.028
325 484 24 33 0.028
720 475 15 14 0.028
670 325 11 15 0.028
451 248 7 9 0.028
120 333 7 9 0.028
446 259 11 22 0.028
553 534 17 15 0.027
871 238 7 40 0.027
684 306 19 15 0.027
497 226 31 10 0.027
523 212 9 39 0.027
725 279 25 15 0.027
263 478 12 15 0.027
849 287 8 41 0.027
415 405 9 12 0.027
525 280 14 41 0.027
251 288 11 9 0.027
547 254 12 31 0.026
503 530 17 21 0.026
577 222 15 25 0.026
471 510 13 15 0.026
815 531 10 15 0.026
368 467 12 13 0.026
712 296 14 33 0.026
959 341 9 11 0.026
771 278 13 27 0.026
614 465 8 11 0.026
639 227 26 21 0.026
365 419 10 11 0.025
514 276 12 22 0.025
606 225 6 40 0.025
94 409 14 22 0.025
187 446 16 19 0.025
641 195 8 14 0.025
286 190 7 8 0.025
794 214 8 6 0.025
367 482 22 48 0.025
282 403 13 13 0.025
950 520 15 37 0.025
973 297 11 27 0.025
640 270 13 24 0.025
797 244 10 35 0.024
498 188 7 12 0.024
0 470 21 27 0.024
329 421 10 10 0.023
499 185 7 12 0.023
312 455 13 14 0.023
667 253 12 34 0.023
65 475 18 24 0.023
12 401 17 26 0.023
358 253 9 9 0.023
1009 253 11 27 0.023
735 509 15 15 0.023
739 474 11 17 0.023
135 391 10 11 0.023
719 220 12 31 0.023
614 233 11 37 0.022
854 240 23 19 0.022
309 264 7 7 0.022
645 316 10 25 0.022
761 257 5 31 0.022
424 483 12 14 0.022
672 300 15 18 0.022
697 276 20 25 0.022
636 262 27 22 0.022
622 250 24 16 0.022
703 212 13 29 0.022
792 275 24 17 0.022
648 287 20 20 0.022
800 485 11 15 0.022
360 388 10 11 0.022
39 360 22 8 0.022
724 279 18 30 0.021
767 467 15 13 0.021
639 239 13 39 0.021
884 282 16 27 0.021
218 356 8 10 0.021
677 531 8 10 0.021
568 250 27 18 0.021
375 455 11 14 0.021
851 516 11 13 0.021
1 401 15 20 0.021
312 354 8 8 0.021
13 394 21 14 0.020
665 209 13 31 0.020
602 221 18 27 0.020
284 471 27 25 0.020
334 493 26 21 0.020
22 415 16 17 0.020
808 498 19 13 0.020
