0_Parade_Parade_0_671
103
707 207 31 38 0.813
585 201 32 37 0.805
797 218 26 31 0.796
71 299 19 22 0.791
293 284 15 19 0.765
235 292 18 23 0.752
336 280 17 22 0.736
310 292 15 18 0.675
415 268 23 24 0.674
1001 365 10 12 0.636
964 391 10 11 0.615
1000 387 11 14 0.600
170 302 15 17 0.588
986 379 10 11 0.586
539 230 23 28 0.575
984 333 8 9 0.545
849 311 11 14 0.475
970 334 8 10 0.458
127 387 10 12 0.458
875 306 8 9 0.421
1010 308 8 10 0.411
868 389 11 13 0.396
947 305 8 9 0.374
977 305 7 9 0.311
902 314 8 10 0.284
872 320 9 11 0.270
455 270 18 22 0.265
389 287 16 19 0.255
940 295 8 10 0.245
992 418 10 11 0.237
1007 321 9 10 0.221
943 344 8 11 0.207
837 329 9 11 0.204
830 396 10 10 0.156
829 379 10 10 0.153
969 344 8 10 0.141
990 479 10 11 0.138
764 296 12 15 0.133
966 310 8 14 0.123
967 332 25 10 0.106
960 388 28 12 0.099
287 287 61 18 0.092
973 292 8 8 0.088
887 305 9 9 0.086
987 397 10 12 0.084
942 297 12 19 0.076
925 309 13 9 0.074
985 373 18 21 0.073
969 334 7 26 0.073
938 333 8 9 0.072
1002 370 12 13 0.071
168 309 15 16 0.066
992 362 16 13 0.065
871 324 10 11 0.064
816 331 11 11 0.062
890 337 12 14 0.061
939 333 8 14 0.060
997 346 9 12 0.057
976 358 9 13 0.056
895 304 11 9 0.052
831 375 9 33 0.048
163 303 17 18 0.046
986 288 21 7 0.046
926 292 8 8 0.046
978 299 14 31 0.044
889 374 13 14 0.043
1014 479 9 11 0.043
857 308 8 9 0.042
920 311 10 12 0.042
1008 287 14 8 0.041
533 233 20 28 0.039
993 288 23 7 0.039
419 271 58 20 0.038
655 299 17 19 0.038
898 315 12 16 0.037
825 344 10 10 0.036
843 381 8 10 0.035
840 321 13 14 0.035
872 319 15 14 0.034
827 417 10 13 0.034
999 284 5 31 0.034
971 469 12 12 0.033
815 331 9 12 0.031
998 333 10 22 0.031
815 343 19 13 0.029
891 331 12 17 0.029
398 276 28 23 0.029
816 327 13 24 0.027
830 377 13 14 0.026
815 346 11 13 0.025
1009 306 13 14 0.025
926 291 9 28 0.024
933 388 11 12 0.023
788 349 12 15 0.022
959 389 12 13 0.022
828 394 11 18 0.022
432 295 14 17 0.021
992 339 13 20 0.021
548 234 22 26 0.021
221 308 11 13 0.021
959 294 25 17 0.021
342 277 16 19 0.021
44 386 7 11 0.020
