0_Parade_marchingband_1_754
183
558 382 9 9 0.698
605 390 9 10 0.691
635 447 11 12 0.691
887 453 9 12 0.684
449 432 10 12 0.680
746 451 10 12 0.680
512 384 8 10 0.667
759 393 9 10 0.665
850 447 10 12 0.653
673 447 10 13 0.652
181 438 10 12 0.645
598 447 10 12 0.642
780 452 10 11 0.633
618 441 10 12 0.629
85 447 10 12 0.629
710 453 10 12 0.628
300 453 10 12 0.626
663 429 9 12 0.626
501 441 11 14 0.625
444 452 10 12 0.620
566 415 9 12 0.618
221 435 10 12 0.617
522 406 9 12 0.617
334 431 10 12 0.616
365 449 10 12 0.613
812 451 10 13 0.611
288 432 9 12 0.610
724 420 9 10 0.603
550 441 9 12 0.603
946 418 9 11 0.601
375 402 9 10 0.600
693 423 9 12 0.592
269 448 11 14 0.588
334 455 9 11 0.587
704 400 8 10 0.582
405 442 10 13 0.581
707 433 10 10 0.579
563 448 9 10 0.577
802 421 9 12 0.575
428 420 9 12 0.569
526 447 10 12 0.564
480 450 10 12 0.564
418 403 9 11 0.563
465 415 9 10 0.559
722 390 9 10 0.556
488 432 9 10 0.547
740 399 9 10 0.541
787 406 8 10 0.540
664 390 8 9 0.533
574 403 8 12 0.526
115 453 10 12 0.521
372 434 10 12 0.517
308 389 8 9 0.511
387 421 9 9 0.489
872 390 8 9 0.488
846 398 7 9 0.478
634 418 8 12 0.472
917 420 8 10 0.462
669 403 9 11 0.456
254 389 8 9 0.448
164 443 9 11 0.442
623 403 9 9 0.437
498 420 8 10 0.434
343 406 8 11 0.429
578 380 10 12 0.391
118 439 9 11 0.391
728 441 9 12 0.385
760 431 10 12 0.382
606 414 8 10 0.380
306 405 9 10 0.377
261 435 10 12 0.370
344 416 9 12 0.357
410 428 9 12 0.354
232 422 9 11 0.348
269 403 9 12 0.308
475 407 8 9 0.308
537 415 8 10 0.281
575 428 10 11 0.273
571 406 10 13 0.270
375 435 12 12 0.264
147 450 9 10 0.248
762 421 9 11 0.244
530 384 9 12 0.217
664 391 9 19 0.208
466 412 11 11 0.206
304 403 9 9 0.203
408 427 10 28 0.200
563 418 10 11 0.199
115 442 11 25 0.194
199 424 9 9 0.181
266 428 10 11 0.176
203 406 8 9 0.175
482 409 8 10 0.156
744 429 8 9 0.154
645 403 9 10 0.149
385 437 9 11 0.142
307 385 8 25 0.141
553 446 20 12 0.138
368 402 9 10 0.134
420 402 11 25 0.132
517 446 21 12 0.131
790 427 8 9 0.129
236 426 10 12 0.126
599 438 9 24 0.125
624 384 9 10 0.125
628 443 15 14 0.124
826 429 7 9 0.124
241 434 9 11 0.118
797 424 11 10 0.116
877 393 7 9 0.110
149 447 26 10 0.107
463 441 9 12 0.101
363 402 9 10 0.101
580 383 11 12 0.099
111 451 13 17 0.091
169 436 8 8 0.090
528 382 10 9 0.090
371 427 10 24 0.089
874 392 8 9 0.086
431 384 11 12 0.085
466 418 9 12 0.084
228 424 10 20 0.082
804 424 7 10 0.076
811 439 10 34 0.076
514 424 9 11 0.075
784 453 10 12 0.075
311 408 9 10 0.075
500 433 13 29 0.075
824 430 8 13 0.075
570 420 17 16 0.075
446 425 11 44 0.073
609 404 22 12 0.073
884 453 9 10 0.071
825 385 7 8 0.070
202 428 10 12 0.068
499 437 19 15 0.065
480 380 10 12 0.065
558 436 15 30 0.060
310 389 9 9 0.055
483 385 9 13 0.054
299 431 11 50 0.051
664 410 10 44 0.048
152 452 8 9 0.046
555 403 9 10 0.044
660 404 15 13 0.043
863 394 14 9 0.043
596 443 10 18 0.043
588 425 22 11 0.040
367 450 11 13 0.040
201 401 9 27 0.040
197 402 10 10 0.039
103 427 9 10 0.038
693 418 16 26 0.036
824 436 9 11 0.035
431 380 11 12 0.035
32 434 6 8 0.035
637 406 16 20 0.035
791 458 11 11 0.034
165 438 11 14 0.033
521 424 21 16 0.033
110 433 15 17 0.032
337 449 11 14 0.030
335 404 9 92 0.030
484 393 8 21 0.030
428 434 12 19 0.029
908 440 8 9 0.028
419 398 12 15 0.028
359 472 10 12 0.028
114 452 21 11 0.028
252 389 7 9 0.028
27 433 8 8 0.027
89 472 9 10 0.026
707 407 12 92 0.025
599 410 12 12 0.025
855 450 9 12 0.025
698 442 9 14 0.024
778 455 13 11 0.024
746 394 25 14 0.024
512 384 10 22 0.022
3 427 7 10 0.022
805 408 8 10 0.022
100 427 11 9 0.021
453 402 18 12 0.021
