0_Parade_marchingband_1_703
40
408 303 40 45 0.846
579 291 37 44 0.827
750 291 44 50 0.826
482 300 31 38 0.802
647 277 31 39 0.774
935 270 31 32 0.772
124 313 29 33 0.771
233 334 35 39 0.767
13 324 26 32 0.740
308 289 25 30 0.674
543 276 26 29 0.671
390 319 26 30 0.605
378 289 23 30 0.592
221 306 23 29 0.499
343 331 29 36 0.247
891 271 33 36 0.195
81 331 22 30 0.149
705 260 38 46 0.126
470 274 22 24 0.116
113 275 23 28 0.114
711 249 40 50 0.109
754 253 29 33 0.107
823 270 25 27 0.100
721 246 31 38 0.073
699 268 30 42 0.061
1 339 14 29 0.047
800 268 29 30 0.046
890 283 32 36 0.045
325 310 26 30 0.045
578 254 26 31 0.043
695 282 26 33 0.039
718 266 32 40 0.035
224 313 24 30 0.033
878 262 32 39 0.031
792 258 28 35 0.028
316 298 32 33 0.027
555 267 28 32 0.025
475 270 26 29 0.022
704 277 33 36 0.022
98 322 20 27 0.021
