0_Parade_Parade_0_203
30
545 470 23 27 0.771
922 370 20 28 0.737
493 467 20 22 0.723
338 387 18 23 0.665
826 377 17 23 0.646
793 403 21 23 0.616
539 407 18 22 0.461
215 465 16 24 0.392
528 422 18 22 0.307
533 412 22 26 0.257
299 441 13 16 0.168
707 499 16 20 0.086
441 390 13 18 0.082
543 400 17 20 0.060
802 367 22 24 0.058
436 408 12 17 0.058
815 371 22 26 0.057
234 414 16 24 0.056
438 393 15 23 0.051
365 415 16 23 0.042
682 477 18 27 0.037
312 458 15 23 0.033
890 364 6 9 0.032
798 366 17 23 0.031
697 490 27 30 0.029
870 363 8 8 0.028
224 454 23 24 0.028
307 449 17 30 0.024
707 504 19 22 0.024
227 409 19 22 0.022
