0_Parade_marchingband_1_60
99
359 203 17 21 0.838
431 234 17 22 0.832
567 251 18 22 0.828
277 137 16 21 0.827
854 307 20 25 0.826
287 265 21 25 0.824
430 279 20 26 0.822
527 180 16 20 0.822
326 236 19 24 0.820
856 229 18 24 0.820
395 252 19 24 0.820
304 196 17 22 0.819
651 286 18 22 0.819
721 301 20 26 0.819
576 285 18 23 0.817
191 238 20 26 0.816
495 293 22 25 0.815
791 238 18 23 0.815
140 279 22 26 0.812
682 178 15 21 0.812
775 270 19 25 0.811
555 225 17 23 0.811
792 309 19 25 0.810
731 226 17 22 0.808
576 175 15 19 0.808
787 175 16 21 0.805
691 141 15 19 0.805
538 142 16 19 0.803
318 176 16 21 0.800
674 222 17 21 0.800
660 325 19 24 0.800
379 140 15 18 0.800
493 225 17 21 0.800
329 140 17 20 0.799
654 196 16 21 0.799
927 289 21 25 0.799
475 179 16 19 0.799
358 288 20 24 0.797
507 134 14 18 0.797
759 151 15 20 0.796
604 191 16 20 0.795
602 117 14 16 0.795
715 275 20 25 0.794
627 158 16 21 0.792
461 111 14 18 0.792
258 244 19 25 0.790
252 202 17 21 0.790
761 201 16 21 0.788
217 281 21 25 0.785
191 202 17 21 0.785
630 125 15 18 0.783
419 154 14 18 0.783
593 155 15 18 0.781
68 291 22 27 0.781
374 217 17 20 0.780
710 195 17 21 0.779
406 209 16 19 0.776
497 191 15 20 0.775
236 221 18 22 0.773
619 223 17 22 0.771
352 105 14 17 0.770
509 256 17 23 0.769
458 202 16 21 0.768
814 165 15 19 0.766
316 218 19 24 0.766
477 131 16 19 0.765
554 201 18 21 0.759
377 179 15 18 0.756
519 115 14 18 0.756
566 132 14 18 0.751
642 138 14 19 0.750
262 124 15 18 0.747
444 128 14 18 0.744
429 169 14 19 0.741
707 106 16 18 0.737
651 116 13 16 0.732
734 184 15 18 0.724
373 158 15 18 0.692
261 156 15 19 0.687
401 110 13 17 0.682
559 121 13 16 0.651
286 109 15 16 0.604
323 124 16 19 0.485
632 128 16 21 0.415
839 242 12 18 0.331
500 248 18 28 0.299
396 210 29 19 0.295
784 236 22 38 0.213
237 168 12 15 0.161
717 287 21 28 0.109
720 129 17 17 0.105
492 258 17 20 0.104
641 122 17 37 0.097
377 171 16 21 0.089
504 114 13 16 0.047
505 125 48 33 0.040
260 151 14 18 0.034
419 155 20 25 0.021
634 129 20 28 0.021
