0_Parade_marchingband_1_201
53
549 234 76 84 0.834
654 117 34 34 0.811
917 144 41 43 0.809
970 93 34 34 0.799
310 161 29 32 0.776
112 119 22 25 0.762
792 99 23 26 0.733
816 212 57 57 0.701
247 115 20 27 0.675
39 277 89 65 0.674
766 107 11 13 0.671
469 214 42 40 0.653
868 122 29 33 0.651
392 103 21 24 0.634
278 139 14 16 0.618
692 108 10 11 0.607
747 118 14 15 0.606
522 141 19 20 0.563
199 94 17 20 0.557
364 113 12 13 0.519
337 121 12 13 0.457
355 133 12 14 0.356
162 176 29 28 0.316
133 149 17 22 0.309
455 163 15 18 0.281
747 113 22 16 0.215
380 136 14 18 0.210
447 133 10 12 0.158
337 125 26 18 0.137
745 113 13 14 0.117
389 93 25 26 0.116
335 119 21 15 0.107
702 123 11 13 0.098
737 146 20 22 0.063
872 112 29 36 0.059
448 141 14 32 0.057
224 137 18 29 0.054
73 138 17 20 0.054
205 96 14 18 0.052
899 95 15 20 0.051
737 109 8 11 0.050
283 139 11 15 0.042
80 114 10 13 0.039
341 120 12 12 0.039
195 96 17 21 0.035
236 121 19 25 0.028
744 115 20 22 0.027
520 140 14 17 0.024
1014 165 10 46 0.023
1015 90 9 25 0.022
75 107 17 27 0.022
709 122 10 12 0.021
798 93 27 31 0.021
