0_Parade_Parade_0_910
275
182 77 21 25 0.815
174 111 26 30 0.808
444 81 21 25 0.803
569 102 21 25 0.796
757 107 22 26 0.794
647 104 23 25 0.794
434 53 20 23 0.794
246 103 23 26 0.792
29 92 23 26 0.790
708 87 22 25 0.787
265 80 20 24 0.787
843 105 22 26 0.784
330 87 21 25 0.783
609 85 22 25 0.782
101 73 22 26 0.781
889 92 21 26 0.781
920 114 24 27 0.780
866 102 21 24 0.780
472 39 19 21 0.779
868 64 21 24 0.779
538 79 22 25 0.779
484 88 24 26 0.778
205 68 20 24 0.777
588 55 20 22 0.776
50 61 20 24 0.775
742 78 22 24 0.775
517 119 24 25 0.773
840 67 21 24 0.769
287 41 19 22 0.765
562 67 21 24 0.764
914 81 22 26 0.764
685 24 17 19 0.763
807 92 21 25 0.763
19 66 21 25 0.762
872 19 20 23 0.762
778 61 19 22 0.761
782 99 20 24 0.761
125 60 21 24 0.760
573 41 16 19 0.760
268 56 18 19 0.760
789 22 17 20 0.759
534 47 17 20 0.757
515 55 20 22 0.756
797 56 18 20 0.756
382 41 17 20 0.756
635 82 20 23 0.755
716 22 18 19 0.755
817 44 21 24 0.754
731 112 24 28 0.754
395 73 18 22 0.754
673 60 19 23 0.753
678 99 22 24 0.752
614 50 19 22 0.751
90 52 20 24 0.751
996 46 20 25 0.750
168 53 19 23 0.744
897 49 18 21 0.743
466 75 20 22 0.740
402 92 22 26 0.740
842 36 20 23 0.739
319 59 19 23 0.737
752 39 16 19 0.733
716 51 21 24 0.732
0 46 19 26 0.732
827 85 18 21 0.731
944 21 19 22 0.731
763 72 18 21 0.730
937 75 24 26 0.729
487 12 17 20 0.729
237 39 18 19 0.728
733 36 17 19 0.724
370 76 22 27 0.722
769 27 18 21 0.722
44 36 19 21 0.721
634 44 18 22 0.720
417 28 17 22 0.715
589 92 20 25 0.714
213 42 18 21 0.712
301 61 17 22 0.711
416 67 18 20 0.711
145 61 20 23 0.711
307 36 16 20 0.709
914 42 18 23 0.709
247 67 19 23 0.707
633 19 18 20 0.706
227 67 18 23 0.704
411 9 15 19 0.702
505 92 21 25 0.694
937 41 19 23 0.694
192 51 18 20 0.687
178 0 15 16 0.684
229 14 15 18 0.683
342 4 17 17 0.681
527 17 18 20 0.680
820 111 23 25 0.679
423 92 18 23 0.676
71 57 17 21 0.674
109 24 16 19 0.673
969 64 21 25 0.672
371 21 16 18 0.670
390 11 17 19 0.668
345 59 20 22 0.667
167 28 15 17 0.665
489 68 19 22 0.665
613 22 16 19 0.664
131 16 15 17 0.660
322 8 16 17 0.655
145 37 17 19 0.647
209 14 14 17 0.643
257 31 17 20 0.641
351 87 19 24 0.638
68 36 17 19 0.636
91 28 16 19 0.631
556 47 19 20 0.630
156 10 16 17 0.627
189 26 18 21 0.627
346 32 17 19 0.619
452 39 17 19 0.619
456 17 18 19 0.619
596 30 16 19 0.617
494 38 17 19 0.611
510 32 15 16 0.605
274 26 15 18 0.602
249 4 15 17 0.601
666 34 18 20 0.601
552 23 18 19 0.597
656 76 18 20 0.591
302 15 17 17 0.587
399 39 16 19 0.527
439 32 15 18 0.524
977 60 21 26 0.519
329 35 16 19 0.495
266 3 14 16 0.494
654 40 14 17 0.485
132 61 30 24 0.470
522 84 17 23 0.445
195 0 15 8 0.390
724 43 20 24 0.370
71 36 15 37 0.367
955 71 24 23 0.363
282 74 18 24 0.360
1014 35 10 21 0.358
115 45 18 24 0.352
390 40 23 20 0.333
783 57 31 22 0.328
201 46 22 22 0.325
337 87 24 24 0.324
362 49 16 22 0.315
476 39 33 21 0.314
190 0 19 12 0.291
757 105 44 26 0.288
694 49 17 22 0.281
624 45 25 23 0.277
731 36 35 19 0.271
834 72 26 25 0.262
894 44 38 23 0.261
456 80 23 23 0.261
353 81 40 26 0.259
256 38 17 21 0.257
187 33 17 18 0.246
940 29 20 28 0.230
23 41 14 17 0.230
989 50 23 25 0.217
119 56 21 24 0.212
370 45 21 22 0.210
224 66 40 22 0.205
369 25 17 23 0.203
689 79 19 21 0.197
320 50 20 25 0.184
124 44 17 19 0.184
594 27 29 19 0.182
691 57 18 23 0.180
784 98 47 25 0.178
731 104 37 32 0.172
347 36 15 42 0.168
840 42 22 50 0.161
321 72 27 40 0.160
914 41 46 22 0.155
805 54 20 21 0.148
552 50 19 22 0.147
30 24 16 17 0.143
399 78 36 38 0.135
166 51 40 22 0.131
514 50 31 25 0.130
146 52 42 26 0.130
810 95 47 35 0.128
561 36 28 26 0.126
320 5 42 19 0.124
374 76 34 24 0.119
204 42 21 50 0.119
587 47 33 27 0.119
635 16 17 54 0.117
588 76 30 43 0.117
146 2 14 12 0.115
962 60 18 28 0.115
204 37 19 19 0.114
95 54 50 45 0.111
235 25 21 31 0.107
95 24 35 20 0.103
149 3 18 17 0.103
762 27 40 22 0.097
717 22 26 38 0.096
470 33 19 51 0.094
296 43 44 43 0.094
62 34 54 20 0.093
284 8 39 30 0.093
252 46 36 34 0.090
560 48 33 44 0.086
557 18 15 18 0.086
357 18 35 30 0.083
322 43 43 45 0.081
481 10 31 62 0.080
331 22 33 34 0.080
277 48 39 36 0.079
503 73 42 48 0.076
489 28 19 69 0.075
246 73 18 22 0.075
211 0 20 11 0.074
733 34 55 21 0.074
762 62 35 37 0.073
679 26 57 17 0.072
533 2 17 74 0.072
248 21 41 34 0.071
673 24 19 19 0.071
414 35 32 61 0.070
222 0 21 9 0.065
336 69 20 19 0.064
692 73 19 22 0.062
382 37 32 51 0.062
668 62 26 56 0.062
225 37 32 59 0.058
660 58 78 23 0.057
140 20 48 37 0.056
377 234 29 36 0.054
147 5 50 27 0.054
594 45 22 22 0.053
584 98 23 25 0.053
700 42 16 19 0.053
176 0 44 50 0.052
212 58 19 23 0.052
302 1 33 66 0.051
66 23 18 21 0.049
194 2 15 18 0.049
206 0 21 74 0.048
339 42 65 37 0.047
611 16 28 60 0.044
803 96 21 25 0.042
0 90 8 23 0.042
434 23 38 17 0.040
1010 49 14 27 0.040
630 23 17 21 0.040
234 16 18 19 0.039
669 48 21 24 0.038
958 48 16 22 0.037
118 7 43 60 0.037
951 55 18 21 0.036
426 14 46 58 0.035
346 1 18 17 0.031
401 7 27 24 0.031
786 105 25 26 0.030
64 18 16 17 0.029
268 0 27 15 0.028
378 0 33 82 0.027
850 22 17 20 0.027
466 13 17 19 0.026
728 91 19 21 0.025
501 98 20 25 0.024
683 83 21 22 0.023
449 17 16 18 0.023
303 0 25 12 0.023
286 0 24 12 0.023
897 130 18 21 0.022
376 223 29 33 0.022
278 4 21 24 0.022
964 48 23 19 0.020
