0_Parade_marchingband_1_284
31
395 223 34 42 0.798
771 196 53 62 0.786
520 293 24 30 0.745
607 337 21 25 0.735
894 293 34 38 0.734
667 343 20 24 0.726
209 201 43 46 0.648
15 315 23 27 0.420
109 301 28 33 0.383
324 321 22 26 0.311
456 390 15 17 0.155
0 234 17 41 0.143
862 273 33 45 0.117
319 327 21 24 0.112
98 293 36 35 0.112
390 286 28 31 0.099
89 289 24 31 0.070
948 292 36 37 0.064
562 308 23 29 0.058
705 307 32 35 0.055
908 298 33 39 0.053
921 301 27 36 0.053
856 285 33 39 0.039
314 326 17 23 0.037
10 324 22 26 0.033
550 309 25 27 0.031
0 222 15 33 0.029
332 320 19 24 0.026
485 342 16 19 0.026
0 109 25 49 0.024
831 276 33 40 0.023
