0_Parade_marchingband_1_9
45
854 271 33 42 0.828
360 321 24 29 0.817
176 312 20 22 0.798
720 279 24 31 0.792
521 290 26 29 0.792
751 164 24 29 0.784
616 195 19 23 0.772
681 297 30 33 0.744
345 226 17 19 0.740
323 300 20 23 0.735
336 140 14 18 0.732
436 284 20 26 0.729
26 313 18 20 0.728
137 251 15 17 0.713
84 325 17 20 0.712
476 143 14 18 0.671
528 115 16 19 0.651
129 312 15 18 0.648
170 206 14 15 0.639
517 188 22 24 0.627
409 110 14 16 0.615
220 248 19 21 0.600
278 316 20 23 0.527
168 259 15 18 0.502
263 174 15 17 0.497
554 285 22 24 0.481
371 295 19 22 0.457
232 174 15 17 0.381
315 190 13 15 0.221
226 303 19 21 0.213
274 278 18 19 0.206
248 318 20 21 0.189
421 225 18 19 0.092
149 321 16 18 0.072
522 184 21 25 0.070
317 251 18 20 0.069
711 241 17 21 0.063
202 158 16 20 0.051
399 229 14 16 0.044
301 285 15 18 0.041
129 228 12 15 0.036
292 245 16 17 0.031
519 198 20 22 0.031
175 208 15 16 0.026
340 142 15 17 0.021
