0_Parade_Parade_0_565
168
64 677 8 8 0.269
23 676 7 9 0.206
95 641 6 8 0.154
166 626 7 8 0.138
130 688 7 8 0.131
21 658 8 8 0.113
46 658 7 8 0.110
167 695 8 9 0.109
89 498 8 8 0.106
150 688 7 8 0.100
29 531 6 9 0.100
87 687 8 10 0.099
29 502 8 8 0.099
37 628 7 8 0.098
14 384 8 9 0.091
56 620 7 9 0.088
185 664 7 7 0.084
134 673 9 8 0.082
100 696 8 8 0.079
45 673 6 8 0.078
46 536 8 9 0.074
204 448 7 9 0.072
19 479 9 8 0.072
294 692 8 9 0.071
16 521 7 14 0.070
503 166 162 217 0.070
198 665 7 17 0.066
133 669 6 17 0.062
229 460 7 8 0.059
212 696 9 8 0.059
103 618 7 9 0.059
16 611 7 19 0.057
14 695 9 10 0.057
6 672 7 16 0.056
299 19 6 6 0.055
234 680 7 13 0.054
72 628 8 11 0.054
33 383 6 8 0.052
255 141 8 9 0.051
299 145 8 8 0.048
30 611 8 11 0.048
312 401 9 9 0.046
239 672 8 11 0.046
40 431 7 17 0.046
118 503 7 12 0.045
254 688 12 8 0.045
158 668 7 24 0.045
26 496 13 12 0.044
21 422 8 9 0.044
166 425 10 10 0.043
54 682 7 20 0.043
13 698 9 7 0.042
13 547 7 22 0.042
184 643 7 8 0.042
64 605 7 9 0.042
265 431 8 9 0.042
7 7 6 8 0.041
179 478 8 11 0.040
204 5 7 7 0.040
0 433 16 10 0.040
39 255 6 15 0.039
257 396 7 8 0.039
53 539 6 28 0.039
104 501 7 9 0.039
5 481 6 16 0.039
76 633 8 10 0.039
87 683 7 10 0.039
185 302 7 11 0.039
145 596 7 8 0.037
152 512 8 8 0.036
59 588 9 8 0.035
113 665 9 9 0.035
14 540 5 44 0.034
360 192 8 9 0.034
74 390 8 9 0.034
45 675 8 12 0.033
99 648 11 9 0.033
119 641 7 12 0.033
111 351 8 11 0.033
29 536 6 34 0.033
130 491 7 7 0.033
152 678 9 25 0.032
80 456 7 28 0.032
5 215 6 10 0.032
208 593 7 14 0.032
160 10 6 9 0.032
280 439 7 9 0.032
135 657 5 33 0.032
305 689 11 11 0.032
319 114 7 8 0.031
168 418 8 20 0.031
96 692 13 12 0.031
147 465 13 10 0.031
299 284 7 10 0.031
215 611 8 12 0.030
184 425 7 18 0.030
197 659 9 21 0.029
73 656 17 9 0.029
23 420 9 16 0.029
133 605 6 17 0.029
25 629 9 25 0.029
159 436 7 22 0.029
32 267 6 25 0.029
248 682 16 16 0.029
68 690 9 12 0.029
100 616 10 13 0.028
182 267 8 8 0.028
10 365 7 9 0.028
43 64 9 8 0.027
194 124 7 8 0.027
245 493 8 10 0.027
320 112 7 13 0.027
45 61 7 14 0.027
178 201 7 15 0.027
89 40 9 7 0.027
1 109 7 14 0.027
60 97 7 9 0.027
245 208 8 12 0.026
220 346 7 9 0.026
7 3 7 16 0.026
359 611 6 16 0.025
341 446 9 9 0.025
93 451 11 22 0.025
144 434 6 31 0.025
14 554 6 42 0.025
82 403 10 20 0.025
322 139 9 14 0.025
103 42 6 7 0.025
134 401 8 10 0.025
154 501 6 29 0.025
37 106 7 9 0.024
86 612 17 9 0.024
143 690 9 15 0.024
76 383 7 20 0.024
64 651 13 8 0.024
272 504 7 19 0.024
276 460 7 9 0.023
140 235 8 23 0.023
40 528 15 24 0.023
223 294 8 9 0.023
6 83 7 11 0.023
94 633 9 28 0.023
268 679 7 26 0.022
29 444 8 36 0.022
25 699 14 6 0.022
46 649 5 29 0.022
184 2 6 7 0.022
245 620 7 20 0.022
14 476 14 18 0.021
220 340 7 18 0.021
8 256 8 25 0.021
325 455 7 15 0.021
140 360 7 28 0.021
299 457 9 11 0.021
48 380 11 14 0.021
165 513 7 31 0.021
366 532 8 11 0.021
113 347 8 23 0.020
351 632 5 30 0.020
299 480 8 10 0.020
20 639 7 34 0.020
85 654 8 12 0.020
326 76 7 7 0.020
110 688 27 8 0.020
166 350 8 17 0.020
103 604 9 30 0.020
138 10 8 12 0.020
157 305 6 36 0.020
