0_Parade_Parade_0_689
27
218 191 9 10 0.576
612 178 9 11 0.421
264 193 8 9 0.419
525 178 8 12 0.390
414 196 8 9 0.350
632 178 9 9 0.328
0 210 7 14 0.271
116 198 10 11 0.271
56 210 9 9 0.263
389 189 8 11 0.180
477 228 13 17 0.166
320 196 9 9 0.148
227 208 7 9 0.113
121 196 10 12 0.112
613 181 10 11 0.060
266 195 8 9 0.046
610 177 8 9 0.040
307 185 8 9 0.039
143 196 10 12 0.036
609 177 20 13 0.036
598 204 9 11 0.027
632 180 10 12 0.026
807 378 9 11 0.024
319 192 9 9 0.023
527 180 14 12 0.022
370 190 13 12 0.020
479 222 12 14 0.020
