0_Parade_Parade_0_419
88
352 238 46 51 0.850
448 212 41 46 0.841
609 314 46 51 0.828
405 176 29 36 0.825
570 125 27 35 0.814
756 150 36 44 0.806
512 93 24 31 0.804
347 112 24 33 0.802
324 127 19 23 0.799
997 164 23 30 0.759
942 220 22 30 0.744
792 133 21 27 0.743
406 137 15 16 0.727
923 121 21 28 0.709
597 134 17 22 0.637
826 156 14 18 0.539
10 120 15 19 0.486
809 156 13 17 0.473
636 137 12 15 0.453
217 138 8 10 0.434
822 135 16 20 0.392
299 142 11 12 0.370
857 155 14 19 0.367
907 134 19 25 0.357
139 130 10 13 0.322
275 134 10 11 0.301
993 127 17 18 0.254
173 134 8 10 0.234
665 112 25 31 0.225
941 132 14 21 0.188
190 138 9 12 0.173
229 135 8 9 0.159
931 127 20 25 0.155
822 137 13 32 0.145
623 151 11 14 0.117
19 121 16 17 0.110
816 156 55 17 0.108
97 134 10 12 0.103
270 138 11 12 0.098
837 152 15 16 0.088
456 137 11 12 0.085
386 129 10 15 0.084
190 134 11 12 0.083
166 121 6 8 0.082
278 132 9 11 0.078
425 132 12 13 0.078
385 126 11 12 0.077
559 126 30 31 0.071
862 147 15 19 0.068
560 120 15 22 0.067
256 132 10 9 0.066
170 135 28 9 0.063
652 143 12 15 0.062
421 130 18 25 0.057
246 132 10 10 0.057
177 131 10 11 0.056
876 134 12 14 0.055
448 134 12 12 0.054
446 136 22 12 0.053
433 134 11 11 0.050
386 140 11 11 0.050
425 142 12 15 0.048
259 142 10 9 0.047
980 204 21 27 0.045
245 141 8 9 0.044
629 138 14 15 0.040
190 162 9 10 0.039
427 134 27 12 0.038
113 128 9 12 0.038
609 136 20 22 0.037
255 134 18 15 0.036
552 130 18 22 0.034
888 154 16 20 0.029
244 132 12 16 0.029
452 139 12 12 0.027
695 106 19 26 0.026
107 119 8 9 0.026
299 128 11 14 0.024
864 144 13 15 0.024
999 129 14 18 0.023
428 145 12 15 0.023
856 144 44 28 0.023
379 123 14 17 0.022
804 157 14 19 0.021
888 147 21 23 0.021
827 133 14 16 0.021
959 216 16 24 0.020
378 131 11 18 0.020
