0_Parade_marchingband_1_55
131
138 262 26 34 0.746
897 275 25 32 0.733
612 122 48 57 0.679
92 343 13 15 0.646
732 296 23 28 0.644
58 399 13 16 0.639
331 358 12 12 0.598
316 353 12 14 0.563
240 344 12 14 0.544
42 347 15 16 0.526
442 362 10 12 0.521
354 360 10 13 0.506
70 351 15 16 0.504
289 341 12 14 0.494
205 344 12 13 0.465
486 306 18 26 0.465
110 396 13 14 0.462
370 377 10 12 0.432
5 376 15 17 0.418
801 349 12 13 0.384
427 349 11 13 0.347
292 384 11 12 0.345
1006 347 8 11 0.332
177 349 10 12 0.330
376 360 10 13 0.320
110 354 11 13 0.310
268 385 10 11 0.308
403 355 13 13 0.287
950 335 12 15 0.261
264 346 11 12 0.259
524 329 8 9 0.255
0 348 10 16 0.251
83 409 13 15 0.249
228 384 11 13 0.249
300 373 10 12 0.247
238 346 12 14 0.234
992 354 8 10 0.231
525 361 9 10 0.212
539 360 10 10 0.209
350 356 11 14 0.201
217 343 13 15 0.195
260 346 11 11 0.190
220 344 15 19 0.185
567 359 9 11 0.177
948 332 13 15 0.167
105 355 12 13 0.163
707 328 12 14 0.155
558 338 8 10 0.154
451 331 11 13 0.151
304 343 10 12 0.145
382 387 9 12 0.140
98 353 25 15 0.132
375 380 11 12 0.127
70 346 37 15 0.121
89 401 17 15 0.121
425 353 11 12 0.109
428 350 16 22 0.105
799 353 10 12 0.104
854 347 9 12 0.100
524 326 8 17 0.094
999 347 17 12 0.092
118 334 10 13 0.090
444 356 11 18 0.088
353 359 18 13 0.086
317 356 38 13 0.084
725 288 21 28 0.084
222 353 12 14 0.083
93 396 13 15 0.083
540 349 10 24 0.082
776 365 11 12 0.080
199 344 34 15 0.078
553 338 15 10 0.076
98 395 18 17 0.075
807 355 13 15 0.071
523 356 14 16 0.068
945 327 11 15 0.066
266 381 11 12 0.064
585 339 10 13 0.062
308 355 14 13 0.062
542 382 9 11 0.061
991 350 9 10 0.060
517 343 8 18 0.059
511 361 8 10 0.057
539 326 15 19 0.055
398 354 15 14 0.055
264 365 10 12 0.052
210 355 11 14 0.051
854 344 9 12 0.050
997 357 10 10 0.046
279 382 29 15 0.045
405 353 48 16 0.043
539 358 18 15 0.042
516 344 7 29 0.040
541 329 7 31 0.039
408 348 13 13 0.038
347 350 10 10 0.038
823 358 10 10 0.037
775 371 12 13 0.037
334 355 22 13 0.036
847 349 16 12 0.036
371 378 13 16 0.036
946 334 12 16 0.035
469 334 10 14 0.034
48 354 15 16 0.032
832 355 15 11 0.032
188 373 10 15 0.032
282 336 12 12 0.031
853 342 13 19 0.031
778 360 10 11 0.031
426 336 11 10 0.030
560 337 11 10 0.030
511 361 22 10 0.030
567 350 16 18 0.030
461 346 11 12 0.029
381 354 18 16 0.029
786 397 8 10 0.028
488 295 17 26 0.028
869 321 15 16 0.027
549 327 7 7 0.027
545 326 15 24 0.026
429 340 24 18 0.026
539 377 21 14 0.025
543 342 23 26 0.025
522 373 9 18 0.023
397 263 8 10 0.023
843 356 12 12 0.023
813 361 23 13 0.022
36 346 13 15 0.022
291 337 12 12 0.021
169 348 43 16 0.021
361 359 24 38 0.020
