0_Parade_Parade_0_331
128
744 132 35 39 0.831
160 144 26 29 0.826
17 133 27 31 0.820
1004 132 20 38 0.819
59 136 34 40 0.812
434 133 35 37 0.805
964 134 30 35 0.799
249 144 24 29 0.792
339 136 20 24 0.787
197 123 19 21 0.777
362 134 20 23 0.777
274 127 16 19 0.767
402 130 18 21 0.761
124 121 22 26 0.755
522 126 19 23 0.731
472 146 23 28 0.730
585 124 15 17 0.729
939 139 23 26 0.680
833 111 12 14 0.615
644 102 11 14 0.590
157 124 19 20 0.558
305 145 19 22 0.553
403 97 7 9 0.528
873 118 13 15 0.522
380 122 13 15 0.499
662 112 12 12 0.493
970 67 7 10 0.491
553 129 15 17 0.472
220 101 10 12 0.471
568 107 10 12 0.427
604 120 14 15 0.421
358 105 7 8 0.399
916 79 11 13 0.388
497 133 14 14 0.375
631 117 11 13 0.367
232 133 16 17 0.352
909 131 13 13 0.297
285 106 8 10 0.281
728 137 19 24 0.271
855 111 12 14 0.228
471 116 11 12 0.220
912 128 15 17 0.214
930 139 17 21 0.207
256 116 17 11 0.191
310 99 7 8 0.191
609 122 13 14 0.188
247 110 11 12 0.185
792 119 13 16 0.182
890 125 12 16 0.180
421 115 11 14 0.166
238 143 27 25 0.152
266 119 15 17 0.148
567 131 13 15 0.142
102 126 14 16 0.141
719 129 14 18 0.136
561 129 15 16 0.135
930 126 19 24 0.134
296 125 13 16 0.134
895 127 21 15 0.130
234 146 17 22 0.129
723 134 18 21 0.121
831 108 12 16 0.120
968 112 15 15 0.119
788 119 14 14 0.115
999 93 8 9 0.113
861 120 11 13 0.111
837 112 23 13 0.109
276 130 48 24 0.106
487 125 10 11 0.100
886 90 8 9 0.099
951 83 10 11 0.096
362 119 12 13 0.092
394 110 11 13 0.089
926 135 26 27 0.087
999 93 9 14 0.080
950 72 10 11 0.078
224 124 15 19 0.078
505 132 16 20 0.076
343 109 10 11 0.076
275 108 16 10 0.070
922 126 15 16 0.067
413 113 17 18 0.067
307 100 9 7 0.066
220 122 13 16 0.059
617 116 10 11 0.057
1000 100 10 11 0.056
327 121 12 13 0.056
301 120 15 12 0.054
270 128 18 24 0.045
1002 102 10 10 0.043
753 112 14 13 0.043
774 115 13 13 0.043
295 122 22 20 0.042
882 91 9 10 0.040
798 117 18 17 0.037
674 112 16 12 0.036
426 113 13 13 0.036
808 98 12 26 0.036
497 143 17 20 0.035
716 113 12 27 0.033
807 99 11 13 0.033
122 119 17 20 0.033
779 112 12 15 0.031
785 122 14 17 0.030
307 99 19 7 0.030
226 119 24 23 0.030
715 113 10 14 0.029
469 112 17 34 0.029
128 117 24 24 0.028
230 128 21 28 0.027
737 91 23 13 0.027
798 123 14 15 0.027
319 123 17 16 0.026
184 112 11 13 0.025
898 115 12 14 0.025
374 92 6 23 0.025
206 79 8 9 0.025
948 71 8 10 0.024
380 108 26 10 0.024
943 82 10 10 0.024
374 102 12 14 0.024
372 91 7 7 0.022
1003 96 9 11 0.022
898 133 13 14 0.022
479 143 28 26 0.021
732 89 11 18 0.021
93 112 12 16 0.020
478 127 13 14 0.020
