0_Parade_marchingband_1_758
102
550 341 13 17 0.789
506 343 14 17 0.784
261 351 13 16 0.778
426 343 13 15 0.778
590 342 13 17 0.776
671 348 14 17 0.769
337 351 13 15 0.764
212 351 14 16 0.757
465 341 13 16 0.755
228 305 13 15 0.748
384 306 12 15 0.748
60 283 13 16 0.742
848 305 14 16 0.739
512 280 12 14 0.739
419 306 13 15 0.737
604 295 12 16 0.733
296 344 15 18 0.727
564 302 12 15 0.726
686 296 14 16 0.724
140 307 13 15 0.722
791 292 13 15 0.715
200 302 12 13 0.711
490 293 12 14 0.709
628 341 13 17 0.709
528 298 12 14 0.706
732 298 13 15 0.705
939 303 15 15 0.703
114 305 12 15 0.702
369 342 13 17 0.701
543 286 11 13 0.690
755 295 13 15 0.688
644 298 14 15 0.687
243 287 13 14 0.681
287 289 13 15 0.680
443 293 11 13 0.680
330 293 13 14 0.677
352 326 12 14 0.677
272 298 13 15 0.676
831 293 13 15 0.675
715 289 12 15 0.674
809 300 13 15 0.669
155 296 12 15 0.666
454 305 14 15 0.658
367 287 13 14 0.657
180 303 13 14 0.652
890 307 15 17 0.650
628 288 12 14 0.646
346 304 12 13 0.641
770 296 14 16 0.639
926 295 14 16 0.636
404 294 11 13 0.632
581 284 13 15 0.629
475 284 12 16 0.625
309 299 13 14 0.595
99 306 13 15 0.535
669 284 12 13 0.511
873 289 12 14 0.386
608 295 12 14 0.256
638 291 17 22 0.249
151 300 13 15 0.225
159 298 14 15 0.198
349 304 12 32 0.183
543 273 10 13 0.174
545 341 40 15 0.149
470 285 13 14 0.138
311 280 10 13 0.119
543 277 12 17 0.113
673 289 23 17 0.107
580 274 11 13 0.089
758 296 46 15 0.088
301 296 40 15 0.086
476 278 12 14 0.085
274 292 12 15 0.080
729 296 66 15 0.062
266 295 57 16 0.060
528 346 12 14 0.060
291 293 17 15 0.058
142 297 55 20 0.057
177 287 13 17 0.055
197 283 11 13 0.054
417 295 53 30 0.049
309 282 12 18 0.047
103 286 18 14 0.046
237 292 17 17 0.043
367 279 11 16 0.042
908 312 13 12 0.042
196 288 11 28 0.039
478 358 13 16 0.038
806 295 62 24 0.036
598 287 63 28 0.035
486 260 10 10 0.034
482 263 11 13 0.034
403 276 11 12 0.033
275 285 10 12 0.032
352 279 46 55 0.028
113 288 11 14 0.026
639 290 33 19 0.025
645 285 13 12 0.025
119 283 50 52 0.025
197 285 13 16 0.024
522 282 59 42 0.022
544 269 11 13 0.022
