0_Parade_Parade_0_301
70
434 199 42 51 0.833
683 214 37 42 0.830
222 202 30 35 0.818
124 247 22 24 0.792
972 188 29 37 0.775
353 204 24 28 0.773
892 218 17 22 0.739
564 199 24 28 0.719
34 236 20 23 0.689
802 221 15 18 0.682
832 206 20 24 0.636
880 225 13 17 0.621
270 221 12 15 0.621
779 213 14 17 0.611
730 209 16 19 0.603
926 256 13 16 0.485
491 232 10 12 0.461
634 221 15 17 0.440
591 214 12 16 0.437
512 224 13 15 0.356
322 230 8 10 0.353
183 232 10 12 0.294
879 221 25 20 0.243
610 223 11 13 0.240
292 232 8 10 0.213
866 210 10 12 0.180
516 226 14 16 0.166
589 217 26 14 0.133
10 226 9 11 0.121
834 217 17 21 0.106
281 239 8 9 0.100
289 231 13 13 0.100
602 204 9 10 0.086
538 198 11 14 0.078
396 138 8 9 0.076
859 212 15 23 0.072
485 227 16 21 0.064
318 120 7 8 0.064
710 210 15 31 0.058
759 220 13 16 0.057
869 212 21 21 0.054
856 223 16 14 0.052
317 221 10 13 0.052
714 209 15 15 0.051
320 215 8 10 0.048
844 221 14 16 0.046
615 221 34 17 0.046
180 233 9 10 0.046
206 216 13 21 0.038
468 212 16 27 0.038
916 236 11 14 0.037
839 206 16 20 0.036
255 224 9 11 0.036
1012 209 10 20 0.033
7 225 13 15 0.032
320 235 10 11 0.030
71 263 11 13 0.029
36 231 19 21 0.026
43 205 8 9 0.025
641 220 21 17 0.025
623 209 18 18 0.022
475 225 14 17 0.022
705 221 22 24 0.022
790 202 13 14 0.021
520 226 15 18 0.021
869 208 13 16 0.021
846 218 32 18 0.021
598 203 14 15 0.021
324 223 9 12 0.020
827 206 19 22 0.020
