0_Parade_marchingband_1_376
47
857 292 28 33 0.793
992 307 31 38 0.778
573 237 42 50 0.764
205 279 42 44 0.734
345 325 27 31 0.705
786 297 21 23 0.654
949 288 23 25 0.597
920 297 19 21 0.584
714 285 20 21 0.576
444 290 20 24 0.525
752 278 22 26 0.501
328 271 29 40 0.480
81 328 31 34 0.464
301 344 23 28 0.258
31 299 28 29 0.248
136 281 26 33 0.150
523 268 39 44 0.150
1 360 17 27 0.119
159 306 28 31 0.112
820 293 13 15 0.104
768 292 21 23 0.082
0 265 13 25 0.079
334 274 41 37 0.077
75 339 37 41 0.074
775 296 27 22 0.074
349 271 33 37 0.058
483 311 23 27 0.052
789 259 21 27 0.051
40 326 25 31 0.046
325 342 20 25 0.043
118 316 22 26 0.042
47 223 12 15 0.038
742 275 28 25 0.037
15 281 27 45 0.034
26 300 22 26 0.032
561 256 39 44 0.032
128 292 33 39 0.031
486 293 23 43 0.030
30 248 29 35 0.028
818 293 18 21 0.027
80 318 55 32 0.027
0 303 11 28 0.024
41 245 24 28 0.023
94 277 30 35 0.022
922 304 22 28 0.022
357 280 22 26 0.021
967 323 22 28 0.021
