0_Parade_Parade_0_482
50
707 325 35 45 0.812
10 394 19 23 0.759
110 312 22 26 0.734
443 276 14 17 0.727
57 307 19 24 0.676
8 370 18 21 0.500
73 303 17 23 0.494
473 289 12 15 0.489
384 288 10 12 0.237
349 301 12 18 0.200
74 287 15 16 0.187
423 325 19 27 0.184
126 295 13 15 0.110
77 300 22 24 0.105
96 295 20 27 0.099
402 290 10 13 0.098
130 294 10 14 0.098
190 308 12 19 0.094
305 295 14 18 0.089
4 373 17 23 0.087
147 287 9 10 0.087
305 299 15 28 0.086
133 292 9 12 0.066
319 300 14 23 0.060
244 294 11 14 0.060
180 280 9 12 0.057
83 294 20 23 0.055
261 308 12 19 0.054
297 294 17 17 0.053
143 306 11 15 0.050
232 323 16 25 0.049
141 285 14 17 0.048
301 298 15 24 0.046
64 286 23 18 0.045
315 300 14 17 0.043
55 291 12 14 0.041
230 297 12 17 0.033
253 303 15 20 0.031
446 280 14 18 0.030
401 325 16 24 0.030
183 280 9 12 0.029
346 305 15 25 0.028
127 294 25 24 0.025
469 285 12 15 0.024
243 290 11 13 0.024
428 325 15 21 0.023
137 310 14 18 0.023
428 330 18 23 0.022
143 303 16 21 0.021
396 321 15 23 0.020
