0_Parade_Parade_0_285
28
744 297 21 26 0.769
666 305 19 22 0.751
582 318 20 21 0.654
354 279 17 20 0.592
397 275 18 19 0.448
270 280 21 24 0.351
417 294 15 17 0.350
854 332 18 19 0.179
204 397 15 19 0.171
857 350 21 25 0.113
579 320 16 16 0.094
394 276 15 20 0.087
403 273 18 20 0.072
863 346 20 24 0.055
257 278 18 19 0.054
423 292 16 18 0.040
683 367 18 24 0.039
482 230 19 22 0.036
260 282 18 20 0.029
997 466 23 25 0.028
853 353 17 22 0.028
162 398 8 9 0.027
13 430 6 8 0.026
648 419 22 23 0.025
201 406 16 20 0.024
669 341 18 19 0.024
276 277 16 18 0.021
129 390 9 10 0.020
