0_Parade_Parade_0_34
43
519 429 61 72 0.875
969 293 53 64 0.860
419 1 37 39 0.853
393 132 58 65 0.840
111 295 57 66 0.839
274 10 40 50 0.838
87 409 57 67 0.838
677 214 57 63 0.838
548 162 55 65 0.833
141 195 50 62 0.833
262 233 56 61 0.832
268 329 57 67 0.831
784 164 52 58 0.830
739 332 60 67 0.830
903 86 50 59 0.827
540 300 56 69 0.825
818 254 57 67 0.824
0 168 52 59 0.822
864 378 59 66 0.819
508 0 39 36 0.819
664 122 51 57 0.813
772 66 50 56 0.808
404 265 49 57 0.799
200 471 60 69 0.793
289 108 48 57 0.783
540 96 46 53 0.774
0 270 39 66 0.754
403 374 60 70 0.753
23 90 37 48 0.752
920 194 58 67 0.736
799 0 34 35 0.580
0 381 23 66 0.288
851 0 40 16 0.123
856 1 45 20 0.078
996 63 27 42 0.068
969 88 43 62 0.055
780 4 42 36 0.054
986 70 36 45 0.050
1004 59 18 28 0.041
975 105 45 66 0.031
242 171 39 45 0.029
157 121 33 43 0.026
17 278 46 64 0.023
