0_Parade_Parade_0_139
186
961 532 63 82 0.854
249 431 37 45 0.823
497 357 34 48 0.814
135 379 29 48 0.757
674 313 18 22 0.749
948 273 19 24 0.734
243 322 21 29 0.705
69 314 20 27 0.696
388 304 17 26 0.690
810 306 19 25 0.684
301 346 22 27 0.678
481 288 15 19 0.672
206 298 21 25 0.669
151 276 13 17 0.656
922 265 16 20 0.627
161 315 17 24 0.620
942 248 15 18 0.600
213 260 12 14 0.587
461 264 11 15 0.559
875 261 15 19 0.556
980 269 16 19 0.543
285 266 13 15 0.542
109 270 14 17 0.460
324 263 11 14 0.456
40 331 18 24 0.443
56 315 18 27 0.381
1005 270 14 17 0.364
66 287 16 20 0.357
783 254 12 14 0.349
758 256 9 10 0.327
173 267 11 13 0.323
31 272 14 16 0.321
420 309 13 22 0.287
677 254 9 10 0.272
0 329 10 32 0.267
2 269 9 12 0.260
994 253 11 12 0.247
1017 326 7 32 0.246
975 268 16 18 0.236
132 259 10 12 0.225
490 259 11 13 0.215
779 233 9 11 0.209
46 297 17 17 0.201
73 250 8 9 0.197
416 287 10 12 0.191
46 247 7 9 0.187
607 258 10 12 0.181
118 245 8 9 0.177
318 307 16 21 0.175
759 252 12 14 0.175
427 272 8 10 0.170
183 243 9 10 0.166
524 301 12 15 0.161
590 273 10 11 0.161
907 234 12 14 0.154
70 246 9 10 0.153
254 249 8 10 0.152
569 258 10 12 0.151
270 246 8 10 0.135
67 242 8 9 0.133
504 281 10 14 0.131
562 272 10 12 0.130
162 243 10 10 0.129
27 272 14 16 0.129
754 255 10 12 0.127
96 243 8 9 0.126
331 335 25 25 0.126
534 258 10 12 0.125
582 274 17 11 0.123
890 248 10 12 0.120
575 270 11 14 0.117
873 235 10 13 0.115
610 254 9 11 0.112
1004 304 17 32 0.110
922 268 53 21 0.109
771 253 12 15 0.108
690 254 8 11 0.107
184 241 9 10 0.105
383 307 41 24 0.103
894 271 13 15 0.102
61 284 23 37 0.097
67 285 13 16 0.096
255 252 9 10 0.090
976 235 11 13 0.084
322 314 20 41 0.083
523 271 11 14 0.081
121 242 8 9 0.080
200 246 10 10 0.077
446 271 11 14 0.077
701 364 17 23 0.076
687 237 10 12 0.074
568 260 10 20 0.074
989 249 15 21 0.074
203 246 9 10 0.071
169 262 14 16 0.069
813 312 20 25 0.069
720 238 9 10 0.063
24 274 12 15 0.063
655 241 10 11 0.061
158 243 11 13 0.061
143 246 9 10 0.058
920 263 13 18 0.057
205 246 11 20 0.057
251 318 17 25 0.055
235 238 8 10 0.053
864 265 14 21 0.051
17 245 8 9 0.049
842 269 17 18 0.049
525 261 14 19 0.048
329 265 10 11 0.047
162 308 16 19 0.047
164 243 13 19 0.046
856 270 19 16 0.045
210 264 12 12 0.045
801 234 9 12 0.043
287 243 8 10 0.043
726 237 15 12 0.042
262 317 14 21 0.041
320 313 18 26 0.038
856 291 15 20 0.037
634 259 11 12 0.037
752 257 9 11 0.036
0 309 13 28 0.036
911 236 12 14 0.035
381 252 8 10 0.034
36 276 13 18 0.033
462 317 18 20 0.033
530 254 13 17 0.033
718 239 8 9 0.033
199 260 9 11 0.033
511 273 27 13 0.032
675 254 13 14 0.032
19 242 7 9 0.032
41 246 30 7 0.031
839 270 13 16 0.031
390 229 11 9 0.031
732 241 9 10 0.030
425 239 8 9 0.030
235 236 8 8 0.029
838 237 10 12 0.029
335 247 18 12 0.028
873 250 15 30 0.028
326 334 18 25 0.028
318 263 14 14 0.027
42 301 16 18 0.027
135 246 19 19 0.027
483 268 15 21 0.027
844 278 17 22 0.027
0 251 13 9 0.026
293 247 16 11 0.026
357 246 8 17 0.026
232 236 9 24 0.025
368 227 15 10 0.025
418 301 11 15 0.025
13 247 13 9 0.025
550 223 8 8 0.025
847 271 19 31 0.025
653 239 9 11 0.025
101 281 19 20 0.025
527 232 9 9 0.025
663 301 11 13 0.024
167 314 25 23 0.024
505 261 13 15 0.024
478 275 13 16 0.023
675 257 9 10 0.023
123 268 11 17 0.023
897 233 13 14 0.023
556 265 15 27 0.023
563 271 37 15 0.023
814 322 19 22 0.023
837 233 9 11 0.022
0 331 17 27 0.022
722 264 8 10 0.022
3 300 21 31 0.022
318 241 15 13 0.022
204 291 14 23 0.022
450 316 12 20 0.022
900 271 24 14 0.021
818 307 17 24 0.021
323 243 11 35 0.021
280 244 17 14 0.021
325 324 21 27 0.021
360 224 7 35 0.021
1007 380 17 72 0.021
556 281 11 14 0.020
329 343 24 27 0.020
