0_Parade_Parade_0_78
131
339 380 36 41 0.825
724 364 27 27 0.790
556 345 21 23 0.728
161 279 16 17 0.670
248 340 32 39 0.664
114 277 27 30 0.664
821 306 18 20 0.659
785 319 19 21 0.656
437 338 15 16 0.621
573 294 16 18 0.599
12 310 26 30 0.587
982 251 29 31 0.582
353 321 15 18 0.561
617 298 11 12 0.559
632 345 20 21 0.491
553 287 11 13 0.440
683 341 21 22 0.407
748 301 13 15 0.311
715 323 14 16 0.292
655 260 13 13 0.281
616 321 17 21 0.254
883 247 9 9 0.241
173 335 21 25 0.238
975 209 22 34 0.230
797 273 10 11 0.221
563 265 10 9 0.216
320 299 14 16 0.211
627 256 10 12 0.203
824 244 10 12 0.198
768 303 13 14 0.191
507 292 11 12 0.191
750 293 11 16 0.180
616 293 14 34 0.171
702 273 11 12 0.167
500 306 12 15 0.162
627 250 11 12 0.160
765 283 12 12 0.159
468 347 17 19 0.151
690 277 14 15 0.145
464 285 11 14 0.141
27 276 15 17 0.137
977 206 20 22 0.135
731 298 12 15 0.127
696 273 14 15 0.125
645 294 13 14 0.118
501 297 14 23 0.105
526 310 15 18 0.104
0 251 10 16 0.100
506 289 10 12 0.097
632 294 25 14 0.096
777 414 17 21 0.094
808 365 22 22 0.088
581 274 9 9 0.084
869 276 13 14 0.081
766 294 13 29 0.079
678 302 13 13 0.079
690 298 15 15 0.074
612 324 17 20 0.071
679 329 20 25 0.071
907 280 13 15 0.070
295 317 12 13 0.068
687 277 16 27 0.065
546 288 20 20 0.061
35 302 31 34 0.057
257 333 33 39 0.054
678 322 16 21 0.053
498 304 24 18 0.053
577 269 14 28 0.053
632 291 11 14 0.048
465 293 13 16 0.048
611 295 14 15 0.048
333 280 10 12 0.046
718 320 15 16 0.046
663 278 13 16 0.045
1004 235 16 27 0.045
912 297 15 20 0.042
973 223 21 24 0.042
869 308 14 19 0.040
907 321 19 23 0.039
494 302 44 22 0.038
1 248 13 25 0.038
990 242 28 28 0.038
392 388 19 27 0.038
37 267 17 17 0.037
908 282 17 23 0.037
630 297 12 14 0.037
46 300 24 30 0.037
642 267 13 14 0.035
43 267 12 14 0.034
472 299 12 13 0.034
532 305 21 16 0.034
884 354 20 24 0.033
661 272 14 16 0.033
867 303 14 17 0.033
547 294 12 17 0.032
463 333 18 17 0.031
641 285 14 17 0.030
766 277 10 15 0.030
559 261 12 32 0.030
878 277 12 12 0.030
747 291 12 14 0.029
439 323 18 19 0.029
726 470 21 24 0.029
876 272 11 13 0.029
760 273 24 24 0.029
544 303 15 14 0.028
635 338 19 19 0.028
698 302 35 49 0.028
96 283 26 27 0.027
733 292 11 12 0.027
780 288 11 12 0.026
979 257 23 28 0.025
723 455 24 35 0.025
0 261 11 30 0.025
23 273 22 27 0.025
186 305 11 16 0.024
766 259 9 9 0.024
724 295 15 15 0.024
909 303 17 45 0.023
467 299 12 13 0.023
603 324 22 20 0.023
295 321 14 17 0.023
550 286 11 12 0.023
165 336 22 27 0.022
984 246 22 26 0.022
1 276 8 18 0.022
269 336 25 29 0.022
1 414 23 33 0.022
639 344 17 19 0.022
250 336 23 29 0.022
561 324 17 20 0.021
