0_Parade_marchingband_1_832
77
645 397 18 22 0.810
484 374 19 23 0.803
317 388 17 20 0.793
490 286 15 19 0.779
882 224 15 19 0.779
637 335 15 18 0.776
788 392 18 22 0.775
138 273 12 16 0.775
165 388 17 20 0.772
755 350 16 19 0.771
243 267 13 17 0.765
154 282 14 18 0.762
260 260 12 16 0.760
393 330 16 19 0.760
625 245 11 15 0.759
206 271 14 18 0.758
782 240 13 17 0.755
291 263 13 17 0.755
852 235 13 16 0.752
652 255 13 16 0.752
569 331 15 18 0.752
692 249 13 16 0.751
470 280 13 17 0.749
309 277 14 18 0.747
666 219 13 16 0.745
757 228 13 16 0.744
338 265 12 16 0.744
694 337 16 19 0.743
713 218 13 14 0.743
269 335 13 16 0.740
523 281 13 17 0.740
799 235 13 16 0.739
402 258 12 15 0.736
453 248 13 16 0.734
215 336 14 17 0.732
193 262 13 16 0.731
493 249 12 15 0.724
606 248 13 16 0.715
417 264 12 15 0.714
515 246 13 14 0.703
330 334 14 17 0.700
533 251 12 15 0.697
801 285 14 16 0.681
554 245 12 16 0.680
477 243 13 16 0.679
567 249 11 15 0.677
387 273 12 14 0.673
357 264 12 15 0.669
591 243 13 15 0.649
829 239 12 15 0.636
374 264 12 14 0.629
615 300 12 14 0.622
892 289 14 17 0.487
701 281 15 17 0.480
736 248 13 16 0.447
787 236 23 17 0.321
375 266 16 17 0.271
402 262 27 14 0.223
189 335 11 14 0.212
137 276 28 20 0.208
683 245 24 22 0.188
258 284 13 17 0.168
544 247 33 16 0.168
774 288 13 15 0.164
345 263 47 15 0.114
553 248 41 14 0.105
242 264 43 18 0.102
714 255 11 13 0.096
506 248 41 14 0.096
305 269 21 25 0.087
469 248 60 15 0.072
211 375 12 15 0.064
291 338 12 14 0.063
373 265 45 20 0.060
774 372 16 20 0.034
701 253 23 53 0.032
774 378 19 20 0.021
