0_Parade_Parade_0_82
86
244 275 32 37 0.769
483 314 19 22 0.719
79 414 12 15 0.633
817 328 22 24 0.630
713 355 9 12 0.539
16 454 14 17 0.538
528 376 16 20 0.523
656 354 9 11 0.520
595 366 11 14 0.517
728 347 11 13 0.441
570 367 10 12 0.401
631 352 10 12 0.391
636 346 10 12 0.372
772 352 7 9 0.364
689 352 7 9 0.313
44 425 11 12 0.307
177 398 11 13 0.302
800 343 8 9 0.296
980 359 9 10 0.296
434 396 13 19 0.287
633 349 11 15 0.269
935 346 6 6 0.250
986 325 8 9 0.239
774 351 9 9 0.229
883 349 7 9 0.225
385 403 9 12 0.202
868 343 11 12 0.171
781 352 7 9 0.161
14 424 11 14 0.160
871 345 7 8 0.157
380 430 9 12 0.148
715 352 22 12 0.144
917 338 6 7 0.143
1009 331 8 9 0.136
842 342 17 18 0.131
544 440 14 17 0.114
372 450 11 15 0.091
1000 366 12 14 0.089
356 427 8 10 0.085
930 346 11 6 0.082
574 365 26 13 0.070
351 411 8 9 0.067
428 399 18 24 0.067
950 341 6 7 0.067
757 349 18 9 0.066
381 422 10 21 0.064
964 343 7 6 0.061
869 346 24 9 0.055
914 350 7 7 0.053
358 428 9 13 0.051
387 408 9 13 0.049
904 328 7 9 0.046
886 347 7 7 0.046
686 350 10 13 0.046
228 396 8 9 0.045
728 348 21 11 0.045
371 445 15 24 0.044
516 375 13 18 0.042
183 397 11 14 0.042
635 350 34 13 0.042
485 433 8 9 0.041
368 443 11 14 0.041
756 345 9 8 0.037
996 369 11 11 0.037
433 388 13 22 0.036
908 330 8 8 0.034
757 351 10 8 0.034
175 403 10 11 0.032
551 359 11 13 0.031
722 345 11 11 0.030
375 436 12 25 0.030
543 371 12 16 0.030
373 458 11 13 0.029
40 422 13 12 0.028
1004 363 15 15 0.028
979 358 22 15 0.027
244 418 8 9 0.026
352 427 10 12 0.026
283 425 23 27 0.025
177 395 13 13 0.023
541 377 15 18 0.023
880 351 7 11 0.022
15 423 10 10 0.022
514 348 13 23 0.022
243 400 9 11 0.021
369 459 13 15 0.021
