0_Parade_marchingband_1_75
215
512 314 16 19 0.793
272 220 12 16 0.791
226 227 12 16 0.791
929 309 17 19 0.791
628 309 15 20 0.787
658 149 13 16 0.786
463 309 15 18 0.780
746 192 12 15 0.778
469 185 12 14 0.775
78 234 14 17 0.775
751 315 14 17 0.775
704 105 13 15 0.773
367 108 12 15 0.773
537 284 15 18 0.772
423 192 13 16 0.772
447 112 12 15 0.771
450 154 11 14 0.769
348 315 15 17 0.767
857 218 13 16 0.767
191 222 13 16 0.766
521 114 11 14 0.766
772 220 12 16 0.766
445 225 14 16 0.764
552 194 14 16 0.764
808 309 16 19 0.763
411 102 11 15 0.763
702 216 13 16 0.763
980 209 15 18 0.763
886 211 12 16 0.763
491 213 13 15 0.762
241 314 14 18 0.762
117 225 12 15 0.762
362 268 14 17 0.762
40 213 14 17 0.761
317 273 12 14 0.761
531 215 14 16 0.760
320 154 12 14 0.760
857 142 13 15 0.760
575 305 13 17 0.760
586 117 12 15 0.760
80 280 15 17 0.759
402 315 15 18 0.759
816 151 13 16 0.759
834 218 13 16 0.758
270 192 12 14 0.758
283 116 12 14 0.756
238 171 11 14 0.756
482 109 12 14 0.755
958 205 14 17 0.753
816 86 14 16 0.752
288 315 13 17 0.751
78 206 14 15 0.751
473 268 15 17 0.751
194 105 13 15 0.751
386 197 13 15 0.750
159 223 12 15 0.750
664 113 13 16 0.747
736 221 12 15 0.746
185 320 14 17 0.746
783 194 13 15 0.745
578 152 13 15 0.745
131 112 12 16 0.744
169 285 14 17 0.743
778 145 12 14 0.743
799 265 12 15 0.742
315 228 12 15 0.741
488 135 13 15 0.740
736 140 12 15 0.739
625 218 13 16 0.737
404 220 13 16 0.735
912 221 12 14 0.735
696 144 13 16 0.735
616 151 12 16 0.734
92 333 16 19 0.734
952 273 14 18 0.733
28 275 14 17 0.733
671 221 13 15 0.732
695 308 15 18 0.732
357 226 12 15 0.730
586 263 13 16 0.729
757 95 13 14 0.728
120 282 14 17 0.727
854 190 12 14 0.726
668 197 13 15 0.724
869 316 14 17 0.723
411 272 13 16 0.723
714 262 14 16 0.722
200 154 11 14 0.721
903 139 14 16 0.718
280 144 12 15 0.717
162 150 12 14 0.716
241 147 12 14 0.712
349 197 12 15 0.712
704 194 13 15 0.709
156 193 11 14 0.705
534 147 14 15 0.703
240 124 12 13 0.699
627 120 12 15 0.699
92 149 12 15 0.697
553 115 11 12 0.696
594 197 13 15 0.696
326 119 12 14 0.695
124 143 12 13 0.694
408 145 11 14 0.693
629 187 12 15 0.693
374 144 13 16 0.691
114 204 12 15 0.691
195 195 11 14 0.689
575 211 14 15 0.687
934 220 14 17 0.683
508 194 13 15 0.671
140 184 11 13 0.666
642 273 14 16 0.663
204 292 13 15 0.662
101 180 12 14 0.662
522 268 13 15 0.661
311 197 12 15 0.656
351 162 12 14 0.650
879 108 12 14 0.646
888 188 13 14 0.640
229 204 12 15 0.640
177 181 11 13 0.597
921 199 13 15 0.592
858 282 14 18 0.545
819 192 13 15 0.523
903 281 14 18 0.481
518 140 12 14 0.455
656 254 13 15 0.438
551 139 13 16 0.406
131 340 14 17 0.315
142 133 12 14 0.293
627 134 13 16 0.264
211 126 11 14 0.258
617 198 12 14 0.241
202 149 12 20 0.208
131 106 11 35 0.193
480 193 18 27 0.177
283 106 11 54 0.168
886 202 13 34 0.165
573 267 14 18 0.148
561 214 13 15 0.145
573 153 43 13 0.140
858 291 15 17 0.138
663 178 11 14 0.135
154 152 13 15 0.130
107 349 13 16 0.124
798 218 15 16 0.122
78 363 14 16 0.121
854 194 15 45 0.120
231 268 13 16 0.107
909 168 14 16 0.105
374 99 11 77 0.100
771 113 13 16 0.100
720 291 13 15 0.095
839 219 15 17 0.095
185 198 57 17 0.083
808 189 22 16 0.077
219 147 76 14 0.076
787 167 11 17 0.074
699 137 14 20 0.074
621 103 14 83 0.061
649 202 22 14 0.061
650 204 14 16 0.060
702 299 17 18 0.060
700 87 11 100 0.059
287 350 14 16 0.057
965 353 14 20 0.056
227 257 13 19 0.056
792 217 17 18 0.055
224 250 14 16 0.048
355 163 11 106 0.046
410 267 13 16 0.045
802 194 20 15 0.044
656 193 21 93 0.044
916 202 27 24 0.043
102 344 18 18 0.043
498 164 12 15 0.043
274 275 17 18 0.042
294 197 12 15 0.041
120 254 13 15 0.040
609 220 13 16 0.039
792 189 19 17 0.038
288 172 12 17 0.037
887 175 12 25 0.036
515 346 13 14 0.035
706 130 13 15 0.035
120 178 52 43 0.033
790 213 13 16 0.033
915 278 12 14 0.032
185 353 13 16 0.032
299 256 14 17 0.029
865 170 14 16 0.029
964 207 16 18 0.028
144 198 19 13 0.028
246 197 17 14 0.027
151 158 10 12 0.027
932 352 17 19 0.027
855 278 16 18 0.027
638 209 20 19 0.027
187 198 17 13 0.027
588 152 15 14 0.027
952 280 15 20 0.026
298 260 22 19 0.026
135 351 15 22 0.025
236 201 17 16 0.025
577 348 13 15 0.023
99 207 22 14 0.023
928 353 35 18 0.023
207 174 14 18 0.023
323 302 12 15 0.022
755 212 11 14 0.022
962 347 16 19 0.021
105 177 13 16 0.021
358 151 17 17 0.021
905 149 15 25 0.020
