0_Parade_Parade_0_259
269
797 564 30 26 0.781
962 529 12 14 0.588
774 552 13 15 0.563
951 548 12 14 0.559
933 526 10 12 0.526
852 549 12 13 0.457
941 569 18 20 0.443
889 549 11 13 0.387
895 530 10 12 0.372
874 553 11 13 0.368
122 471 9 12 0.356
688 551 10 11 0.328
884 504 11 12 0.320
93 511 10 12 0.317
914 570 14 17 0.316
942 565 13 16 0.308
63 548 9 11 0.306
130 518 9 11 0.299
765 567 12 15 0.297
597 538 11 13 0.277
1011 555 11 13 0.277
166 525 9 11 0.262
63 567 12 13 0.256
15 524 9 11 0.241
84 492 9 10 0.238
92 536 9 10 0.231
142 486 9 10 0.230
109 505 10 13 0.222
882 549 18 14 0.222
116 452 9 10 0.217
154 466 9 9 0.207
828 484 9 10 0.204
971 577 15 13 0.204
878 536 10 12 0.203
829 516 9 11 0.200
728 537 9 11 0.199
137 449 8 8 0.199
932 548 11 12 0.197
707 553 10 12 0.191
60 504 9 10 0.186
54 523 10 11 0.183
768 558 13 20 0.183
71 567 10 12 0.181
108 565 9 10 0.177
613 567 9 11 0.171
845 566 14 17 0.171
95 563 10 13 0.162
754 488 8 11 0.160
799 536 10 12 0.156
98 462 9 10 0.149
123 467 9 12 0.147
733 567 12 13 0.145
52 482 9 10 0.145
920 554 13 14 0.144
869 498 8 10 0.139
142 503 9 13 0.139
752 511 10 11 0.133
86 450 9 10 0.131
125 551 9 9 0.126
843 523 8 11 0.124
137 408 8 9 0.123
145 504 8 10 0.123
2 511 10 11 0.123
34 504 10 12 0.122
182 509 9 12 0.122
166 104 9 11 0.120
34 567 10 11 0.119
868 511 12 14 0.119
829 542 11 13 0.119
95 490 9 11 0.117
864 572 13 16 0.117
97 564 20 12 0.117
539 542 10 12 0.116
830 544 12 13 0.115
991 575 15 15 0.114
712 479 9 10 0.113
702 497 9 10 0.110
732 568 23 13 0.110
4 491 9 11 0.110
110 508 15 13 0.108
8 420 8 9 0.108
793 543 13 12 0.108
629 556 10 11 0.108
840 523 11 14 0.107
745 568 12 14 0.106
170 468 10 11 0.106
833 537 11 17 0.106
744 518 10 11 0.105
736 505 10 10 0.105
11 543 10 11 0.103
181 459 7 9 0.100
717 525 11 12 0.100
106 562 9 12 0.097
147 545 10 12 0.097
783 488 8 11 0.096
168 403 7 8 0.095
644 518 9 11 0.092
145 486 10 10 0.090
1014 538 9 12 0.089
867 498 16 12 0.088
122 460 9 26 0.088
775 524 9 11 0.087
208 472 8 8 0.087
184 490 10 11 0.085
84 536 15 11 0.082
895 567 12 14 0.081
82 492 19 10 0.080
910 547 17 43 0.080
54 524 23 10 0.080
167 529 10 13 0.077
876 533 10 17 0.077
16 503 10 13 0.074
89 509 35 11 0.074
797 523 10 27 0.074
737 477 9 10 0.073
745 512 17 12 0.073
66 511 9 24 0.072
39 522 10 16 0.071
907 544 11 12 0.070
653 459 9 11 0.070
140 507 11 19 0.069
651 88 10 11 0.069
687 486 9 9 0.069
891 554 12 20 0.069
800 518 10 11 0.068
736 504 9 21 0.067
25 505 20 11 0.066
184 512 14 13 0.066
788 499 10 12 0.064
59 477 9 10 0.064
910 553 24 14 0.062
665 523 16 10 0.062
662 562 10 12 0.062
202 103 9 10 0.062
182 522 14 11 0.060
671 482 8 10 0.060
665 547 12 12 0.060
42 534 10 20 0.059
716 570 13 14 0.059
678 509 10 12 0.059
624 556 17 11 0.058
710 477 10 16 0.058
81 491 8 26 0.057
56 467 8 9 0.057
166 555 10 14 0.057
202 514 9 10 0.055
208 541 9 12 0.055
1009 572 13 16 0.054
1010 517 9 10 0.054
53 475 11 20 0.054
752 567 16 14 0.054
189 522 11 12 0.054
669 519 10 12 0.053
26 568 12 12 0.052
999 540 16 13 0.051
876 503 23 15 0.050
667 548 10 17 0.050
770 473 9 10 0.050
680 572 11 13 0.050
801 521 10 18 0.050
655 539 11 17 0.049
690 466 10 10 0.049
756 544 10 11 0.049
37 500 8 36 0.049
183 492 23 9 0.048
692 514 10 13 0.048
978 560 10 12 0.047
919 544 13 13 0.047
641 542 13 12 0.046
832 515 19 29 0.046
779 540 16 15 0.046
29 549 9 16 0.046
892 516 12 26 0.045
993 572 22 18 0.044
69 522 11 18 0.044
76 568 10 12 0.044
23 567 22 12 0.044
786 492 9 11 0.044
101 467 10 23 0.042
76 557 10 13 0.042
567 466 10 10 0.042
568 261 18 20 0.042
755 485 7 39 0.042
587 560 11 14 0.042
33 479 8 14 0.041
44 538 14 19 0.041
683 534 9 17 0.041
673 520 12 19 0.040
866 545 36 28 0.040
9 525 37 9 0.040
718 501 8 19 0.039
652 543 11 22 0.039
770 505 14 11 0.039
918 577 13 13 0.039
151 527 10 13 0.038
691 577 15 11 0.037
144 547 19 13 0.037
620 552 13 19 0.037
790 514 20 18 0.037
87 447 9 10 0.037
781 480 10 20 0.037
113 410 9 10 0.036
71 508 21 15 0.036
4 488 8 41 0.036
848 555 27 29 0.035
162 447 7 19 0.034
700 525 24 12 0.034
614 540 9 17 0.034
686 486 22 10 0.033
98 464 9 29 0.033
616 473 9 10 0.033
12 569 11 12 0.033
775 522 25 14 0.032
795 523 14 38 0.032
588 541 14 33 0.032
151 536 11 22 0.031
980 560 17 18 0.031
823 545 13 15 0.031
831 516 13 56 0.031
180 454 8 23 0.030
837 572 18 17 0.030
637 541 12 13 0.030
198 485 10 17 0.030
711 476 11 25 0.030
704 466 9 10 0.030
714 473 9 9 0.030
643 501 9 10 0.029
0 565 13 15 0.029
768 469 8 23 0.029
836 565 15 19 0.029
996 542 10 13 0.028
653 454 8 26 0.028
9 567 21 13 0.028
761 487 30 8 0.027
677 509 12 16 0.027
162 462 22 17 0.027
53 568 12 12 0.026
34 548 25 14 0.026
585 550 10 11 0.026
718 506 8 32 0.026
593 539 13 15 0.026
57 466 13 20 0.026
129 499 24 18 0.026
593 479 10 12 0.026
42 473 11 8 0.026
773 509 10 29 0.025
694 581 10 10 0.025
1 568 8 12 0.025
1013 518 8 35 0.024
34 485 24 14 0.024
167 433 10 9 0.024
936 576 20 14 0.024
136 561 10 14 0.024
796 467 9 11 0.024
642 575 12 12 0.024
906 526 13 16 0.024
812 233 14 16 0.023
704 476 12 34 0.023
61 480 8 25 0.023
984 580 20 11 0.023
783 491 13 28 0.023
969 584 15 7 0.023
132 564 12 16 0.022
172 535 11 14 0.022
737 474 7 8 0.021
913 523 8 11 0.021
172 402 6 9 0.021
886 571 17 15 0.021
190 490 12 26 0.020
