0_Parade_Parade_0_535
106
457 186 27 35 0.791
150 315 18 23 0.772
94 312 20 24 0.770
41 198 16 20 0.766
825 199 22 27 0.758
473 101 13 17 0.757
497 202 27 33 0.757
685 198 27 32 0.755
283 103 13 17 0.750
435 92 13 17 0.745
364 187 21 27 0.743
572 138 15 20 0.739
801 170 17 19 0.736
44 177 15 18 0.734
590 184 29 33 0.734
536 155 14 16 0.733
393 98 10 14 0.716
918 208 22 27 0.716
21 312 18 21 0.711
356 110 13 15 0.707
323 183 19 23 0.705
429 150 14 16 0.704
960 180 14 17 0.685
774 200 15 19 0.681
130 285 15 20 0.680
325 92 14 18 0.678
757 177 14 19 0.678
47 284 16 19 0.666
655 185 15 19 0.665
256 160 28 36 0.662
445 119 13 15 0.658
7 213 15 18 0.640
734 180 17 23 0.639
3 252 14 17 0.637
897 186 16 20 0.627
492 140 15 21 0.615
231 101 13 13 0.589
737 281 16 19 0.574
407 122 11 15 0.560
152 198 15 17 0.559
621 147 15 16 0.543
150 273 16 18 0.533
364 98 12 13 0.527
791 246 16 20 0.494
548 190 20 24 0.484
308 303 18 23 0.466
947 184 12 15 0.433
119 183 15 18 0.412
375 118 11 14 0.394
489 144 16 23 0.389
830 179 16 20 0.377
984 183 12 15 0.367
198 152 13 14 0.288
398 210 19 23 0.250
273 124 12 14 0.217
490 117 10 13 0.209
161 198 20 17 0.201
226 205 21 24 0.181
495 139 13 14 0.164
169 197 14 16 0.158
555 192 21 24 0.142
160 237 15 17 0.133
245 169 31 35 0.129
194 155 14 13 0.123
983 190 11 15 0.120
238 175 25 33 0.111
905 185 17 19 0.100
193 227 16 19 0.088
84 297 17 20 0.078
274 120 13 15 0.076
955 220 15 18 0.072
988 182 11 14 0.072
88 304 19 27 0.069
196 222 20 21 0.065
218 207 22 20 0.063
881 233 15 16 0.062
205 209 18 22 0.061
490 152 14 17 0.060
236 184 20 27 0.057
0 315 7 21 0.054
232 199 20 27 0.054
265 165 25 30 0.051
254 153 26 34 0.050
173 195 16 18 0.048
783 179 11 14 0.048
234 175 19 24 0.047
29 307 16 21 0.045
313 264 17 20 0.044
101 265 12 15 0.041
911 189 13 14 0.040
640 220 23 27 0.033
559 161 14 14 0.031
146 261 15 17 0.031
157 232 55 18 0.030
1005 213 12 20 0.030
357 147 17 18 0.028
436 188 15 16 0.028
888 229 18 21 0.028
187 157 13 14 0.026
131 207 14 17 0.024
677 198 17 21 0.022
184 158 12 15 0.022
187 227 17 22 0.020
739 176 13 15 0.020
1004 205 11 18 0.020
316 272 19 22 0.020
