0_Parade_Parade_0_489
72
117 479 16 20 0.696
162 474 17 19 0.650
35 384 13 16 0.642
334 470 14 16 0.626
47 361 15 18 0.588
171 380 17 21 0.528
234 479 14 16 0.526
309 393 16 18 0.513
286 474 14 20 0.505
86 362 13 16 0.502
262 382 13 16 0.490
367 398 15 17 0.489
124 378 14 19 0.483
242 495 13 18 0.414
218 394 15 17 0.372
350 378 15 17 0.362
196 376 12 15 0.319
281 383 12 15 0.275
304 482 12 16 0.250
236 480 15 21 0.243
246 379 14 20 0.211
137 381 14 18 0.206
164 504 15 18 0.205
272 464 12 14 0.181
195 482 13 14 0.181
288 477 21 20 0.159
105 387 15 19 0.154
279 471 16 18 0.141
281 390 12 18 0.130
107 371 13 16 0.121
11 372 12 15 0.119
65 342 16 18 0.098
327 375 14 17 0.095
80 358 18 18 0.094
244 388 13 16 0.094
213 503 17 21 0.088
295 462 14 16 0.088
300 462 13 15 0.086
235 405 14 20 0.081
191 481 22 19 0.075
258 381 15 16 0.069
0 388 7 31 0.067
236 399 16 21 0.065
201 379 20 14 0.062
21 409 17 23 0.061
301 485 15 20 0.060
215 380 13 13 0.059
0 516 6 20 0.059
39 459 12 15 0.058
0 402 7 22 0.057
0 384 7 19 0.056
297 394 16 17 0.048
214 473 36 35 0.044
8 363 13 18 0.042
91 380 13 16 0.040
75 282 16 18 0.038
88 398 15 18 0.038
15 460 13 17 0.035
82 355 30 45 0.034
151 534 16 20 0.034
167 504 19 20 0.033
210 496 20 20 0.033
314 395 14 17 0.030
300 492 14 18 0.029
0 353 13 19 0.029
54 349 17 21 0.026
98 367 15 15 0.025
15 370 12 15 0.025
349 384 13 16 0.025
315 375 13 15 0.023
189 488 19 23 0.022
296 458 12 14 0.020
