0_Parade_marchingband_1_638
69
504 302 18 22 0.848
179 328 21 27 0.830
605 305 18 22 0.830
688 363 21 26 0.829
345 353 21 28 0.826
276 351 23 29 0.822
652 329 20 25 0.821
625 361 21 30 0.820
571 368 21 25 0.819
253 318 20 24 0.817
760 315 19 23 0.817
466 325 20 24 0.816
388 296 20 25 0.815
316 316 20 24 0.814
792 366 22 27 0.814
915 354 24 29 0.812
146 360 23 27 0.811
726 287 18 22 0.811
91 362 22 25 0.810
167 280 20 24 0.809
325 253 16 21 0.809
713 339 19 24 0.809
200 367 23 27 0.808
124 325 20 24 0.807
817 312 19 23 0.807
555 306 18 23 0.804
801 332 21 25 0.804
458 357 21 27 0.803
743 370 22 27 0.803
862 334 20 27 0.802
627 291 16 21 0.802
224 279 18 23 0.802
781 284 18 22 0.794
853 371 22 26 0.794
446 279 17 23 0.792
385 333 20 23 0.788
186 306 18 21 0.787
399 359 21 25 0.787
642 269 16 19 0.786
926 319 21 24 0.786
486 263 16 19 0.785
454 300 18 23 0.783
374 290 17 19 0.781
549 256 16 21 0.776
514 360 20 26 0.776
537 335 21 25 0.775
709 306 18 24 0.774
375 259 17 21 0.773
271 282 18 23 0.768
678 288 16 21 0.766
428 256 16 21 0.764
569 284 17 19 0.763
206 266 15 19 0.760
251 300 18 20 0.744
273 260 17 19 0.731
511 278 16 19 0.727
658 312 17 23 0.724
583 338 20 22 0.712
330 276 17 21 0.636
317 293 19 19 0.594
327 259 18 27 0.417
319 283 20 27 0.306
812 308 21 37 0.261
659 301 21 33 0.198
483 257 31 31 0.127
554 260 17 25 0.121
806 319 23 24 0.042
809 297 14 14 0.026
168 285 26 23 0.020
