0_Parade_marchingband_1_666
118
299 348 15 18 0.790
821 328 16 19 0.788
778 314 15 18 0.788
439 369 15 19 0.779
401 353 14 18 0.778
492 335 15 18 0.777
352 342 15 20 0.773
682 337 15 18 0.773
683 375 15 19 0.772
448 331 15 19 0.768
636 327 16 20 0.768
694 295 15 17 0.755
728 336 14 16 0.753
743 372 16 19 0.750
509 371 15 18 0.745
618 370 16 19 0.744
237 349 15 19 0.739
907 289 15 18 0.735
462 310 14 16 0.731
298 292 15 16 0.731
559 378 15 17 0.730
818 267 13 16 0.725
578 313 13 16 0.722
248 287 16 19 0.721
540 279 13 16 0.720
593 333 15 18 0.719
138 287 17 19 0.719
721 300 14 16 0.714
400 268 15 18 0.713
279 313 15 17 0.712
860 279 14 17 0.711
503 306 14 17 0.708
390 292 14 16 0.703
346 290 14 17 0.700
332 307 14 18 0.700
497 280 13 16 0.699
161 279 16 18 0.698
698 267 13 16 0.698
419 315 13 15 0.698
813 294 13 15 0.695
290 387 17 19 0.694
657 296 15 18 0.694
229 315 16 19 0.692
435 290 14 17 0.688
384 315 14 16 0.688
758 295 13 16 0.687
281 272 15 17 0.687
618 305 14 16 0.685
107 295 18 20 0.684
479 293 15 17 0.683
319 277 15 17 0.679
854 259 12 13 0.679
119 265 17 20 0.678
174 311 16 20 0.673
852 320 15 18 0.673
584 280 14 17 0.671
869 304 14 17 0.663
796 295 14 16 0.661
833 302 14 16 0.658
163 392 17 21 0.648
69 283 18 20 0.635
195 287 16 19 0.634
539 323 15 19 0.624
357 272 15 17 0.618
895 261 13 16 0.616
519 302 13 15 0.614
379 390 15 18 0.594
771 283 14 17 0.592
627 278 15 18 0.576
733 283 16 18 0.547
152 307 15 18 0.521
540 312 16 18 0.488
662 270 13 16 0.436
841 237 12 12 0.289
496 356 15 24 0.247
453 289 14 16 0.241
201 280 17 20 0.232
504 304 23 15 0.225
387 292 14 45 0.191
792 295 35 16 0.187
335 293 20 26 0.178
454 313 18 29 0.177
933 213 9 10 0.128
354 281 15 18 0.126
451 283 14 17 0.123
946 216 8 10 0.123
648 297 59 16 0.113
69 271 18 19 0.107
803 296 50 15 0.107
741 289 33 19 0.102
85 293 14 17 0.099
159 306 18 20 0.092
768 313 53 22 0.078
206 279 14 17 0.075
416 282 22 59 0.070
195 293 16 20 0.069
727 281 52 21 0.065
853 218 9 12 0.065
296 279 41 28 0.064
620 298 15 17 0.063
283 261 15 84 0.055
138 278 47 35 0.054
74 288 19 20 0.051
205 274 13 16 0.045
932 215 19 10 0.043
862 239 10 11 0.041
282 267 14 17 0.041
485 271 30 65 0.040
161 270 16 18 0.037
729 309 20 57 0.034
543 243 11 117 0.034
584 272 13 15 0.033
243 273 16 17 0.030
858 217 9 13 0.028
742 273 14 15 0.027
750 350 13 17 0.026
561 294 13 16 0.025
543 307 18 19 0.023
