0_Parade_Parade_0_198
1192
247 636 19 24 0.801
683 723 21 26 0.800
642 648 20 25 0.798
111 530 20 23 0.795
657 155 16 21 0.788
527 597 19 24 0.787
542 729 22 27 0.777
461 140 19 23 0.775
267 478 18 23 0.775
763 554 17 23 0.767
599 658 19 24 0.766
286 599 20 25 0.765
189 542 19 25 0.763
352 642 19 24 0.762
511 689 20 24 0.761
744 710 19 24 0.761
599 598 19 26 0.760
29 700 20 26 0.758
462 675 19 24 0.756
152 520 19 23 0.749
516 747 24 28 0.749
335 752 20 24 0.749
831 552 17 23 0.749
843 642 20 24 0.744
212 570 20 24 0.740
513 155 15 20 0.738
389 690 19 24 0.738
649 726 20 24 0.738
185 580 20 25 0.734
299 692 21 27 0.732
815 384 15 18 0.732
49 628 19 23 0.732
493 645 18 23 0.731
128 693 19 24 0.729
997 620 18 23 0.727
182 701 19 24 0.727
245 514 18 22 0.726
754 740 16 23 0.719
777 422 18 22 0.718
802 637 19 22 0.716
126 634 18 21 0.716
237 589 18 22 0.714
944 456 16 19 0.712
124 657 18 23 0.711
790 700 17 23 0.709
677 617 20 23 0.708
438 638 17 23 0.708
476 730 20 25 0.707
764 436 17 23 0.704
575 144 18 23 0.703
905 456 17 21 0.701
115 505 17 22 0.701
941 483 18 22 0.701
85 593 19 21 0.701
196 640 19 24 0.700
802 409 18 21 0.697
51 705 20 24 0.695
718 436 18 20 0.694
260 414 15 18 0.693
84 621 18 23 0.690
782 361 17 21 0.689
17 434 15 20 0.689
416 724 21 25 0.688
919 413 16 20 0.687
455 654 18 21 0.687
233 756 20 20 0.687
31 499 18 22 0.686
749 634 21 25 0.686
702 664 20 25 0.684
584 677 19 26 0.680
568 681 20 25 0.680
845 422 17 21 0.679
328 733 20 23 0.677
186 618 19 24 0.671
746 394 16 18 0.670
646 204 16 20 0.667
737 745 17 25 0.667
889 373 17 20 0.666
375 173 15 20 0.663
418 753 20 23 0.658
22 731 22 27 0.653
809 334 15 18 0.653
249 654 19 23 0.651
632 150 14 18 0.651
630 716 18 22 0.650
425 690 20 24 0.650
97 740 20 25 0.649
134 515 15 20 0.649
878 411 16 19 0.646
933 434 18 21 0.645
99 689 17 21 0.644
369 627 14 19 0.642
444 721 17 22 0.642
281 363 14 17 0.639
749 425 16 19 0.637
87 507 17 21 0.637
179 426 18 22 0.635
10 419 15 19 0.634
689 705 20 23 0.633
9 731 20 26 0.633
541 164 15 19 0.632
788 386 16 18 0.631
771 634 20 25 0.630
954 614 16 21 0.629
267 682 19 22 0.629
846 474 17 20 0.628
67 427 17 21 0.627
880 491 16 19 0.624
895 580 22 22 0.624
139 614 16 22 0.619
804 481 16 20 0.619
273 455 17 21 0.617
745 674 17 21 0.616
365 732 21 23 0.611
814 506 16 20 0.608
317 168 19 22 0.607
817 594 17 21 0.607
526 649 20 24 0.606
972 437 19 20 0.606
990 489 19 23 0.605
0 561 18 26 0.601
922 738 20 25 0.598
252 392 15 18 0.597
829 608 19 23 0.592
961 457 17 20 0.590
0 599 13 24 0.588
873 743 17 23 0.586
720 731 21 25 0.584
250 370 15 17 0.583
0 476 13 21 0.581
479 700 17 21 0.581
945 327 14 17 0.580
583 740 20 25 0.579
147 577 17 21 0.578
632 606 19 21 0.574
771 380 15 19 0.573
171 494 19 23 0.571
545 674 19 24 0.565
1003 338 14 18 0.563
862 423 17 19 0.563
899 520 16 19 0.555
956 391 17 20 0.553
0 403 14 20 0.553
227 517 15 18 0.553
878 446 15 18 0.549
799 559 21 23 0.546
710 677 21 23 0.544
141 443 17 20 0.543
199 446 19 22 0.542
41 313 15 18 0.540
323 701 18 25 0.540
208 409 14 18 0.536
364 705 17 21 0.534
352 675 18 22 0.526
859 716 18 23 0.525
107 622 19 23 0.524
954 417 16 17 0.522
813 357 18 20 0.520
137 480 18 23 0.519
810 676 23 27 0.517
617 645 17 23 0.516
188 661 20 24 0.514
319 718 18 23 0.505
91 442 17 21 0.503
102 469 17 21 0.503
62 371 16 19 0.501
189 355 15 19 0.500
386 759 19 17 0.496
36 559 19 23 0.495
949 355 14 17 0.492
498 670 17 22 0.488
759 590 19 22 0.486
186 330 14 17 0.485
219 390 15 18 0.484
771 750 18 22 0.483
987 336 15 17 0.482
467 625 15 20 0.479
857 530 16 18 0.478
231 360 15 17 0.477
101 578 17 21 0.475
71 673 18 22 0.472
1015 259 9 17 0.471
132 750 20 24 0.468
34 266 12 15 0.468
192 518 18 20 0.468
167 455 16 20 0.468
994 457 17 20 0.463
803 673 19 24 0.462
18 295 15 17 0.459
800 459 15 18 0.457
152 483 18 22 0.454
1004 155 13 16 0.454
262 710 20 22 0.451
170 275 12 15 0.451
982 572 15 18 0.450
887 621 18 24 0.450
774 691 17 23 0.446
50 476 16 17 0.446
984 396 15 18 0.446
953 222 13 16 0.445
71 314 14 18 0.442
8 451 16 19 0.439
0 654 11 30 0.438
229 410 17 21 0.435
247 485 16 20 0.432
9 512 18 25 0.431
116 586 17 22 0.428
587 749 19 24 0.425
96 724 19 24 0.424
984 268 14 15 0.420
83 336 15 17 0.419
125 563 18 22 0.419
636 691 18 23 0.418
47 530 17 23 0.417
868 402 14 20 0.415
497 347 20 24 0.414
841 389 15 17 0.413
636 748 20 25 0.412
831 716 15 22 0.412
985 493 19 22 0.411
995 538 15 20 0.408
146 355 17 19 0.407
1010 514 14 22 0.407
233 499 17 20 0.405
822 635 17 21 0.404
45 373 16 20 0.400
928 624 17 22 0.398
904 431 15 17 0.397
487 722 20 25 0.393
930 493 18 22 0.391
798 477 18 20 0.391
917 77 13 16 0.389
889 557 18 21 0.388
114 393 17 22 0.387
833 501 15 19 0.384
271 402 14 17 0.380
296 469 17 21 0.379
31 645 20 23 0.376
883 508 14 17 0.374
837 369 15 18 0.374
995 55 11 14 0.373
988 81 13 16 0.373
33 401 15 18 0.373
228 433 18 23 0.371
82 653 18 22 0.369
246 303 14 17 0.366
249 736 18 24 0.365
201 371 15 17 0.364
419 657 17 20 0.364
1014 448 10 20 0.362
162 565 17 20 0.361
855 380 14 18 0.361
451 623 15 19 0.360
250 471 17 21 0.359
404 667 18 23 0.357
906 652 14 20 0.357
125 307 15 18 0.357
284 426 15 17 0.357
881 166 12 15 0.355
871 352 14 15 0.354
940 705 20 25 0.353
942 74 12 16 0.352
25 661 19 25 0.349
994 135 12 15 0.345
110 431 16 20 0.344
917 386 16 18 0.343
14 699 18 23 0.343
974 385 16 18 0.342
8 546 17 22 0.342
255 451 16 22 0.336
163 581 17 20 0.329
80 251 13 15 0.328
208 473 16 18 0.327
322 721 21 25 0.327
952 316 12 14 0.326
964 513 17 20 0.325
867 448 15 19 0.325
116 274 14 17 0.325
987 226 12 15 0.323
69 295 13 16 0.321
717 320 19 21 0.319
157 393 16 21 0.317
200 279 13 15 0.316
869 386 15 18 0.314
833 411 16 18 0.312
44 251 13 15 0.311
946 144 12 14 0.308
225 496 19 21 0.308
22 584 19 22 0.303
442 756 19 20 0.302
974 164 12 14 0.301
972 57 11 13 0.300
68 239 11 13 0.295
107 612 18 23 0.294
919 393 16 21 0.292
247 642 19 34 0.291
64 566 17 21 0.288
435 108 16 18 0.285
896 413 15 17 0.284
935 562 15 22 0.283
152 622 20 22 0.282
1009 421 14 18 0.281
822 318 15 20 0.279
981 496 16 19 0.279
279 762 20 13 0.278
172 729 21 23 0.275
768 620 18 20 0.274
1002 397 16 18 0.272
933 270 13 15 0.269
201 347 15 17 0.268
70 655 28 24 0.265
990 338 26 17 0.263
914 361 15 19 0.261
888 537 16 18 0.261
93 362 15 18 0.260
145 618 22 25 0.260
182 386 16 18 0.259
838 294 18 19 0.259
317 438 15 23 0.259
313 382 13 17 0.258
868 643 15 19 0.258
166 331 15 16 0.258
947 168 12 15 0.253
109 604 18 26 0.252
450 104 16 17 0.252
27 648 20 28 0.252
117 343 14 17 0.251
319 678 18 23 0.251
31 243 11 14 0.247
967 531 17 21 0.247
739 741 32 24 0.245
914 158 14 15 0.244
853 669 18 22 0.244
56 651 30 22 0.243
629 629 18 21 0.243
130 331 15 16 0.242
460 660 19 40 0.242
160 495 19 22 0.242
51 651 21 22 0.239
934 400 15 20 0.239
289 736 22 26 0.238
93 282 12 15 0.237
230 418 15 30 0.237
845 580 19 22 0.236
226 335 15 17 0.236
183 404 13 16 0.236
68 166 13 15 0.235
705 665 23 32 0.232
102 740 25 27 0.232
804 531 17 19 0.231
884 320 15 19 0.230
1009 734 15 31 0.228
248 461 18 21 0.227
783 534 21 20 0.227
192 643 21 37 0.226
722 614 18 22 0.224
902 488 17 19 0.223
239 741 22 33 0.223
59 343 15 17 0.222
203 458 18 27 0.221
964 222 13 15 0.220
942 646 16 22 0.220
329 698 19 26 0.216
813 160 12 14 0.215
401 652 18 23 0.215
197 488 16 22 0.214
894 449 14 22 0.213
159 601 19 22 0.213
611 696 18 23 0.211
909 178 12 15 0.210
108 244 12 15 0.210
824 477 15 18 0.210
784 155 13 16 0.209
754 323 15 18 0.209
457 623 18 19 0.209
852 194 13 15 0.207
265 678 20 43 0.202
732 696 17 23 0.202
251 452 15 38 0.202
188 397 26 19 0.202
692 756 16 20 0.201
995 326 13 15 0.201
48 373 24 19 0.199
893 566 20 36 0.199
443 693 19 24 0.199
54 291 14 16 0.199
4 550 18 28 0.197
222 492 17 19 0.196
201 484 16 20 0.193
830 666 17 26 0.191
1015 382 9 15 0.190
495 652 19 37 0.189
99 433 24 22 0.189
16 521 17 20 0.188
398 638 19 23 0.187
748 634 43 25 0.187
809 434 16 19 0.187
92 392 14 17 0.187
65 647 17 21 0.186
774 533 17 20 0.186
987 149 14 17 0.186
896 744 19 25 0.186
977 412 15 19 0.183
21 290 15 20 0.183
196 399 25 26 0.182
12 423 18 26 0.182
70 660 19 25 0.180
571 483 16 21 0.180
809 76 12 13 0.179
112 274 13 16 0.178
524 734 38 35 0.178
29 287 13 15 0.177
147 549 15 18 0.176
142 463 19 23 0.176
632 603 17 40 0.176
627 214 16 18 0.175
765 507 17 20 0.173
999 684 16 22 0.173
911 138 12 14 0.172
691 659 18 23 0.172
972 649 17 21 0.172
913 348 15 20 0.171
126 179 15 17 0.170
740 374 15 19 0.169
721 714 20 23 0.168
18 332 15 17 0.167
915 319 14 18 0.167
109 324 17 19 0.167
814 532 18 19 0.166
393 630 19 22 0.166
734 597 19 22 0.166
979 319 14 18 0.165
993 358 15 17 0.165
815 366 16 36 0.164
1013 701 11 24 0.164
946 283 12 16 0.164
87 542 17 21 0.163
676 590 17 20 0.163
1009 254 14 19 0.162
337 190 19 22 0.161
251 350 13 16 0.160
315 717 30 36 0.160
187 494 19 20 0.159
934 234 18 16 0.158
925 403 20 22 0.158
8 503 17 23 0.158
814 479 23 17 0.158
234 434 21 20 0.156
960 223 14 16 0.155
251 657 32 40 0.155
400 692 21 21 0.153
125 227 12 16 0.153
322 681 16 33 0.153
327 645 19 21 0.153
443 106 21 18 0.152
795 468 15 20 0.151
65 760 19 15 0.151
271 350 13 16 0.151
878 378 17 19 0.150
52 691 17 23 0.150
765 131 13 15 0.150
830 747 19 24 0.150
509 708 18 22 0.149
970 674 17 22 0.148
301 676 17 21 0.147
46 539 18 21 0.147
728 700 20 26 0.147
419 671 23 46 0.146
2 367 14 18 0.145
68 274 13 14 0.145
558 645 17 22 0.144
309 403 15 18 0.144
28 354 14 17 0.144
620 645 51 25 0.143
97 366 15 17 0.143
905 492 17 21 0.143
209 705 17 22 0.142
898 330 14 18 0.142
130 517 48 25 0.142
951 130 11 13 0.142
276 644 17 20 0.141
560 711 17 22 0.140
845 676 21 21 0.140
0 645 10 25 0.137
936 525 15 18 0.136
1004 193 13 15 0.136
952 350 16 19 0.134
187 695 20 26 0.134
801 390 20 41 0.134
308 376 16 21 0.134
186 588 20 48 0.132
22 504 22 25 0.132
231 348 15 28 0.132
75 360 16 17 0.132
998 387 16 24 0.131
100 576 37 28 0.131
260 749 17 22 0.131
895 418 17 26 0.131
1014 311 10 17 0.131
935 128 11 14 0.130
213 516 17 20 0.130
892 459 14 18 0.130
26 218 11 13 0.130
924 622 25 33 0.129
254 335 15 17 0.129
175 518 18 19 0.128
953 315 17 23 0.128
965 442 21 18 0.128
139 416 17 20 0.127
1003 572 18 24 0.126
425 639 33 28 0.126
199 690 16 20 0.125
829 153 14 17 0.125
187 518 50 18 0.125
99 303 13 16 0.124
879 322 16 19 0.124
999 571 18 20 0.124
14 271 18 15 0.124
194 740 18 24 0.122
918 534 17 24 0.122
472 757 21 19 0.121
759 72 11 12 0.121
761 359 13 17 0.120
680 700 26 25 0.120
284 394 14 17 0.120
990 572 27 23 0.120
287 728 20 26 0.120
151 374 15 18 0.119
153 568 26 24 0.119
998 526 17 26 0.119
0 721 9 25 0.119
927 218 15 16 0.118
863 346 15 20 0.117
105 326 14 18 0.117
892 184 14 15 0.117
858 601 19 23 0.116
280 417 21 24 0.116
128 317 15 29 0.116
706 142 16 19 0.115
835 413 19 24 0.114
920 530 16 20 0.114
832 66 12 16 0.114
152 739 17 21 0.114
917 366 15 27 0.114
976 166 14 18 0.114
983 442 17 20 0.114
865 452 15 20 0.113
198 391 18 21 0.113
890 623 24 36 0.113
105 251 13 15 0.113
963 518 17 28 0.113
917 315 15 18 0.113
871 635 21 23 0.112
888 79 11 14 0.112
1008 75 12 16 0.112
729 417 16 19 0.111
64 586 18 25 0.111
869 738 17 23 0.111
984 176 13 14 0.111
979 406 16 26 0.110
957 366 14 17 0.110
72 726 18 21 0.110
306 355 14 17 0.110
417 756 40 19 0.109
1008 726 14 31 0.109
163 720 23 27 0.108
122 633 20 59 0.108
928 347 15 18 0.108
108 671 17 20 0.106
89 622 44 29 0.106
1006 568 16 21 0.106
176 429 38 31 0.106
948 202 15 17 0.106
974 313 15 18 0.106
539 753 19 23 0.105
183 434 18 20 0.105
982 323 27 16 0.105
77 408 16 19 0.104
828 494 18 23 0.103
963 75 13 15 0.103
287 417 14 19 0.103
764 384 47 20 0.102
892 517 18 70 0.102
886 319 20 23 0.102
631 212 19 18 0.101
956 70 15 17 0.101
160 315 14 16 0.101
921 598 16 20 0.100
963 158 13 15 0.100
1008 744 16 30 0.099
7 268 13 15 0.099
763 682 22 24 0.099
550 644 21 21 0.099
912 364 15 21 0.098
0 330 10 25 0.098
963 674 18 22 0.098
527 659 18 23 0.098
931 634 18 28 0.098
848 463 18 22 0.097
296 371 15 18 0.097
0 324 10 19 0.097
55 282 13 15 0.097
858 341 16 19 0.096
814 640 53 24 0.095
834 513 17 20 0.095
322 649 19 23 0.095
395 751 19 22 0.094
188 353 18 35 0.094
332 642 23 23 0.093
890 579 18 22 0.093
946 278 13 33 0.093
26 594 19 22 0.093
828 660 17 20 0.092
826 610 21 36 0.092
811 493 18 54 0.092
0 658 43 28 0.092
904 682 22 26 0.092
906 741 21 24 0.091
848 584 22 26 0.091
806 483 25 19 0.091
149 462 22 45 0.091
128 747 20 24 0.091
898 329 24 21 0.090
514 648 22 22 0.090
688 19 11 13 0.090
841 304 18 21 0.090
81 196 13 18 0.089
37 669 18 21 0.089
181 733 21 20 0.089
970 136 14 18 0.089
5 235 13 14 0.088
49 684 18 22 0.088
79 345 14 29 0.087
897 550 21 21 0.087
857 342 27 29 0.087
765 157 12 16 0.087
912 349 29 18 0.087
951 653 25 19 0.086
996 582 17 22 0.086
293 411 21 17 0.085
947 312 14 63 0.085
112 398 15 63 0.085
996 245 14 17 0.085
863 472 15 19 0.085
234 426 18 21 0.085
1010 190 13 29 0.085
937 517 16 21 0.085
885 534 20 47 0.084
50 522 18 21 0.084
912 221 14 23 0.084
120 387 18 19 0.084
953 201 16 17 0.084
1008 536 15 24 0.084
64 289 18 35 0.084
771 474 16 21 0.084
1 395 13 17 0.084
1012 508 12 20 0.083
936 486 19 29 0.083
1011 134 12 14 0.083
785 729 18 23 0.083
944 616 19 23 0.083
799 197 13 15 0.082
136 311 18 17 0.082
944 443 17 67 0.082
1007 694 16 23 0.082
63 600 18 21 0.082
1007 136 14 22 0.082
178 379 17 20 0.082
815 473 61 21 0.082
863 537 25 19 0.081
1012 201 12 17 0.081
139 263 13 17 0.080
267 442 16 18 0.080
980 265 44 18 0.080
76 249 25 17 0.080
930 267 20 28 0.080
431 113 15 20 0.079
893 399 15 20 0.079
429 683 19 25 0.079
236 322 14 18 0.079
475 103 14 15 0.079
1010 184 13 18 0.078
929 545 21 44 0.078
10 333 27 19 0.078
1015 65 9 13 0.078
222 391 50 21 0.078
669 699 18 23 0.078
961 506 17 21 0.078
61 199 11 13 0.078
252 338 18 28 0.077
930 177 13 17 0.077
159 337 15 18 0.077
671 692 23 26 0.077
210 712 17 23 0.077
136 583 22 18 0.076
1011 70 11 18 0.076
128 658 23 22 0.076
2 542 16 25 0.076
264 652 22 24 0.076
784 387 14 17 0.075
61 279 18 31 0.075
30 357 17 19 0.075
203 412 16 19 0.075
1000 505 18 56 0.074
1006 393 15 58 0.073
188 322 16 58 0.073
198 733 19 22 0.073
961 466 17 20 0.073
497 705 21 24 0.073
957 658 19 25 0.073
909 62 12 13 0.073
928 388 23 19 0.072
93 352 24 37 0.072
32 242 23 30 0.071
1004 220 12 14 0.071
954 329 19 19 0.071
358 617 16 20 0.071
813 317 18 68 0.070
934 687 17 25 0.070
2 294 11 16 0.070
913 211 13 16 0.070
315 386 14 21 0.069
12 366 20 19 0.069
1004 654 16 22 0.069
937 161 11 13 0.069
917 542 16 20 0.068
756 689 19 23 0.068
737 419 16 18 0.068
46 658 19 23 0.068
261 476 51 22 0.067
312 359 13 17 0.067
928 743 20 26 0.067
72 305 17 44 0.067
137 385 15 21 0.067
721 642 18 21 0.067
190 503 21 70 0.067
273 515 17 20 0.066
892 199 14 15 0.066
43 232 12 13 0.066
190 668 20 27 0.066
992 441 17 80 0.066
969 658 23 41 0.065
188 467 19 22 0.065
886 347 17 18 0.065
232 322 16 27 0.065
850 102 11 13 0.065
901 124 11 13 0.065
897 493 20 22 0.065
836 401 17 22 0.064
945 166 28 15 0.064
824 666 19 24 0.064
156 654 17 21 0.064
929 112 11 13 0.064
247 440 32 18 0.064
884 361 18 28 0.063
980 547 16 21 0.063
854 152 13 14 0.063
1017 598 7 22 0.063
162 515 19 23 0.063
918 489 25 20 0.063
983 223 30 15 0.063
958 102 14 18 0.063
267 715 48 43 0.063
867 494 22 17 0.062
231 395 15 66 0.062
889 315 15 17 0.061
977 181 14 17 0.061
122 298 14 17 0.061
103 463 19 23 0.061
769 511 16 21 0.061
1005 204 14 20 0.061
964 2 10 12 0.061
925 232 19 17 0.060
927 131 14 15 0.060
1010 175 12 17 0.060
33 245 14 53 0.060
3 733 17 25 0.060
50 333 19 21 0.060
751 509 21 20 0.060
70 498 17 22 0.059
682 675 19 24 0.059
1001 187 15 16 0.059
13 250 13 16 0.059
106 640 17 23 0.059
861 410 21 21 0.059
97 501 19 22 0.058
842 310 16 19 0.058
80 605 21 93 0.058
923 409 29 47 0.058
37 435 16 18 0.058
940 733 21 25 0.057
786 378 17 22 0.057
288 498 16 21 0.057
139 409 19 42 0.057
762 501 17 22 0.057
53 370 26 24 0.057
836 748 19 24 0.057
95 651 23 22 0.057
198 379 33 49 0.057
89 585 45 39 0.057
316 404 16 17 0.056
87 199 16 19 0.056
207 668 17 21 0.056
925 188 14 19 0.056
11 257 13 26 0.056
249 448 17 25 0.056
934 650 57 21 0.056
869 374 16 27 0.056
124 260 16 15 0.056
399 628 17 23 0.055
249 359 36 33 0.055
161 717 17 21 0.055
895 694 19 24 0.055
948 155 12 48 0.055
955 390 53 24 0.055
124 223 13 32 0.054
872 186 13 15 0.054
891 702 21 22 0.054
70 756 26 20 0.054
98 561 17 23 0.054
301 355 14 14 0.054
156 733 21 25 0.054
2 283 12 24 0.054
940 696 17 24 0.053
286 745 22 25 0.053
70 455 20 21 0.053
995 372 17 24 0.053
877 412 63 22 0.053
187 458 23 23 0.053
769 479 17 25 0.053
9 211 12 14 0.053
228 424 16 19 0.053
170 759 21 17 0.053
760 345 15 20 0.052
861 612 20 25 0.051
914 327 14 26 0.051
1008 704 14 25 0.051
5 488 20 26 0.051
335 688 19 24 0.051
35 311 56 23 0.051
148 161 11 12 0.051
111 444 19 20 0.050
836 362 37 40 0.050
492 668 17 21 0.050
954 196 24 17 0.050
44 463 18 21 0.050
847 681 16 21 0.050
919 207 18 24 0.050
724 325 17 18 0.050
809 157 31 16 0.050
926 634 18 24 0.049
10 578 23 24 0.049
0 193 9 18 0.049
100 347 18 17 0.049
958 449 45 42 0.049
907 279 17 17 0.049
497 644 25 21 0.049
918 160 17 19 0.049
196 480 50 44 0.049
872 541 15 19 0.049
743 155 13 16 0.049
1003 710 13 32 0.049
918 334 19 82 0.049
43 328 18 20 0.048
1014 92 10 18 0.048
130 759 21 16 0.048
664 618 18 21 0.048
184 650 22 24 0.048
133 465 20 85 0.048
79 546 22 26 0.048
966 194 23 16 0.048
896 480 16 20 0.048
204 748 22 25 0.048
48 164 11 14 0.047
317 431 15 21 0.047
120 153 14 16 0.047
61 253 13 19 0.047
941 571 14 22 0.047
791 198 19 14 0.047
1 513 11 29 0.047
35 178 13 19 0.047
134 661 20 21 0.047
390 635 17 22 0.046
142 422 20 21 0.046
834 330 16 20 0.046
927 229 25 26 0.046
991 378 16 18 0.046
952 64 12 14 0.046
565 481 19 22 0.046
315 397 15 81 0.046
465 618 18 21 0.045
84 747 18 24 0.045
82 320 16 62 0.045
901 699 22 24 0.045
872 112 13 14 0.045
744 513 14 20 0.045
209 754 21 22 0.045
990 206 18 42 0.045
51 441 17 23 0.045
96 554 16 22 0.045
255 367 19 79 0.045
952 143 28 17 0.045
986 273 14 17 0.045
988 609 16 22 0.044
213 236 14 18 0.044
917 181 25 17 0.044
969 349 18 19 0.044
983 606 17 20 0.044
40 376 16 26 0.044
1006 706 17 42 0.044
930 352 23 17 0.044
799 432 14 20 0.044
896 622 17 23 0.044
498 715 32 24 0.044
149 545 17 18 0.044
203 673 18 27 0.043
808 362 16 20 0.043
127 366 16 18 0.043
774 143 24 33 0.043
79 130 12 14 0.043
115 258 21 15 0.043
170 368 13 16 0.043
712 636 26 43 0.043
185 475 17 19 0.043
974 675 23 20 0.043
424 645 18 22 0.043
23 393 18 18 0.043
233 333 33 20 0.043
791 100 10 14 0.043
871 154 13 15 0.042
938 512 23 21 0.042
110 141 12 13 0.042
519 698 21 25 0.042
291 378 16 20 0.042
858 625 18 21 0.042
252 699 18 24 0.042
977 630 15 18 0.041
144 658 20 23 0.041
857 675 20 24 0.041
966 356 17 20 0.041
916 596 15 20 0.041
89 491 20 22 0.041
12 338 16 19 0.041
815 190 13 15 0.041
971 125 12 16 0.040
980 194 26 15 0.040
897 557 19 23 0.040
902 127 14 16 0.040
146 691 22 23 0.040
871 314 23 68 0.040
851 357 25 20 0.040
32 567 20 25 0.039
926 213 21 17 0.039
991 226 23 24 0.039
1009 486 15 19 0.039
78 377 14 22 0.039
136 411 17 20 0.039
113 737 20 25 0.039
273 715 24 22 0.039
71 412 17 22 0.039
1015 542 9 37 0.039
436 759 21 16 0.039
965 480 40 63 0.038
751 444 13 17 0.038
750 134 13 14 0.038
55 449 24 20 0.038
537 737 21 29 0.038
311 759 18 17 0.038
188 346 15 20 0.038
768 500 17 21 0.038
851 500 21 18 0.038
54 183 13 13 0.038
6 263 14 16 0.038
823 67 23 16 0.038
969 233 15 16 0.038
735 141 13 16 0.038
67 451 31 21 0.038
843 451 17 24 0.037
865 624 18 26 0.037
1007 175 13 48 0.037
911 128 13 42 0.037
297 724 23 25 0.037
398 157 13 17 0.037
997 250 14 23 0.037
923 62 12 14 0.037
447 346 21 24 0.037
822 129 13 16 0.037
448 724 18 23 0.037
58 518 18 24 0.037
714 644 19 25 0.036
87 294 21 20 0.036
359 688 18 26 0.036
65 453 20 31 0.036
40 212 12 14 0.036
930 241 14 16 0.036
0 454 18 22 0.036
909 62 15 21 0.036
853 197 16 18 0.036
8 267 38 21 0.036
151 405 20 29 0.035
828 471 17 20 0.035
72 596 26 21 0.035
565 643 15 20 0.035
854 533 15 19 0.035
14 215 22 14 0.035
162 401 16 20 0.035
160 372 24 16 0.035
235 293 25 59 0.035
24 214 19 22 0.035
493 692 23 21 0.034
208 694 15 22 0.034
898 125 13 16 0.034
1006 580 16 34 0.034
294 472 17 31 0.034
840 168 13 15 0.034
358 676 17 22 0.034
869 90 12 14 0.033
126 597 24 20 0.033
784 195 13 16 0.033
271 383 37 44 0.033
979 124 29 42 0.033
914 588 26 48 0.033
788 310 14 18 0.033
333 183 20 23 0.033
934 482 20 22 0.033
0 471 18 32 0.033
462 699 19 24 0.033
563 408 15 17 0.033
100 265 33 43 0.033
979 635 17 22 0.033
417 200 16 26 0.032
917 286 17 18 0.032
836 299 20 23 0.032
678 664 22 46 0.032
121 275 13 16 0.032
474 676 27 20 0.032
21 316 24 62 0.032
808 451 18 20 0.032
944 253 14 20 0.032
961 47 12 12 0.031
988 0 11 7 0.031
913 202 15 48 0.031
913 684 24 26 0.031
510 718 17 23 0.031
151 653 21 44 0.031
739 709 49 34 0.031
7 661 27 24 0.031
920 483 17 18 0.031
998 113 14 16 0.031
952 218 57 24 0.031
969 204 20 19 0.031
869 209 14 16 0.030
851 629 17 21 0.030
37 239 48 31 0.030
941 407 39 89 0.030
917 444 18 22 0.030
859 502 65 52 0.030
80 190 14 17 0.030
122 446 25 19 0.030
924 292 15 20 0.030
157 681 19 22 0.030
962 188 15 19 0.030
1000 101 13 28 0.030
800 108 12 14 0.029
960 110 14 18 0.029
737 141 13 21 0.029
796 506 16 20 0.029
83 452 17 22 0.029
990 437 23 21 0.029
919 679 33 32 0.029
85 331 17 18 0.029
910 258 15 17 0.029
1016 2 8 12 0.029
985 64 16 32 0.028
111 141 23 16 0.028
963 104 13 18 0.028
811 186 14 15 0.028
13 186 16 15 0.028
50 491 18 23 0.028
913 510 17 20 0.028
952 411 20 27 0.028
981 201 20 20 0.028
296 675 17 20 0.028
515 708 21 24 0.028
854 190 14 17 0.028
36 290 16 19 0.027
852 682 18 22 0.027
427 669 20 24 0.027
121 144 14 18 0.027
84 325 54 44 0.027
1 297 9 35 0.027
160 469 18 27 0.027
0 178 9 30 0.027
680 666 24 24 0.027
170 597 19 21 0.027
978 262 14 16 0.027
837 372 46 53 0.027
999 683 21 34 0.026
267 380 22 26 0.026
944 123 23 52 0.026
549 760 21 15 0.026
734 96 15 14 0.026
35 484 27 30 0.026
107 415 16 19 0.026
816 433 15 17 0.026
983 467 18 21 0.026
12 387 22 22 0.026
789 152 12 14 0.026
35 232 21 84 0.025
965 549 17 21 0.025
14 166 13 15 0.025
895 739 18 21 0.025
991 88 17 22 0.025
895 709 20 64 0.025
166 554 18 23 0.025
436 678 17 21 0.024
993 278 12 16 0.024
791 103 14 15 0.024
56 485 25 25 0.024
790 315 18 24 0.024
704 640 24 23 0.024
776 640 19 23 0.024
116 321 46 60 0.024
249 555 18 20 0.024
433 106 26 25 0.024
110 193 11 15 0.024
823 652 17 23 0.024
896 312 33 79 0.024
995 590 18 22 0.024
449 618 16 20 0.024
942 237 16 26 0.024
261 691 20 25 0.023
548 158 15 19 0.023
320 406 15 29 0.023
371 509 13 16 0.023
86 649 16 22 0.023
755 136 15 18 0.023
37 213 16 27 0.023
924 110 17 14 0.023
788 335 14 18 0.023
896 170 28 42 0.023
970 676 50 25 0.023
752 104 17 14 0.023
456 105 11 12 0.023
15 535 18 24 0.023
741 220 18 19 0.023
975 307 12 15 0.023
993 460 16 34 0.023
43 410 16 19 0.023
871 106 17 21 0.022
938 682 26 22 0.022
405 748 20 23 0.022
689 747 18 23 0.022
285 428 24 20 0.022
313 172 18 19 0.022
688 637 20 25 0.022
996 336 20 79 0.022
948 708 20 24 0.022
777 560 21 21 0.022
665 724 15 23 0.022
891 135 12 12 0.022
873 140 13 14 0.022
942 323 20 24 0.022
683 730 22 43 0.022
224 517 21 32 0.022
721 750 26 25 0.022
90 428 21 22 0.022
753 97 11 16 0.021
60 572 19 24 0.021
37 441 18 21 0.021
36 171 17 17 0.021
603 482 13 17 0.021
934 754 24 22 0.021
61 606 19 20 0.021
789 709 18 24 0.021
90 143 14 16 0.021
68 474 18 21 0.021
234 744 17 26 0.021
17 266 44 75 0.021
190 310 13 16 0.021
30 473 17 21 0.020
182 324 60 48 0.020
759 337 16 20 0.020
909 100 13 18 0.020
798 168 16 15 0.020
552 728 22 26 0.020
270 377 16 18 0.020
32 174 19 22 0.020
559 152 15 18 0.020
81 227 20 92 0.020
875 203 19 16 0.020
858 667 20 23 0.020
