0_Parade_Parade_0_20
143
144 271 39 48 0.784
22 373 18 22 0.756
99 372 18 20 0.726
54 365 17 19 0.722
63 390 16 21 0.711
277 370 20 24 0.711
1006 394 14 17 0.694
852 411 14 18 0.681
663 381 13 16 0.680
979 340 12 15 0.679
886 412 13 17 0.670
868 347 10 13 0.665
968 375 13 15 0.662
916 342 11 14 0.659
254 375 17 21 0.658
662 403 16 20 0.653
957 396 15 19 0.649
6 393 16 23 0.648
989 399 13 17 0.620
899 323 12 13 0.614
832 408 13 16 0.610
44 392 19 22 0.591
933 350 11 13 0.583
311 410 18 23 0.582
38 468 18 25 0.551
879 389 12 15 0.523
544 401 15 18 0.515
917 412 14 16 0.515
12 356 11 16 0.501
953 351 11 14 0.493
681 393 16 18 0.485
1004 360 12 14 0.483
838 390 13 17 0.460
854 336 11 14 0.458
493 497 18 20 0.454
942 395 13 15 0.452
81 394 13 16 0.370
807 407 13 17 0.369
916 395 15 17 0.368
686 409 15 17 0.356
822 417 12 17 0.348
553 381 15 21 0.327
604 267 17 20 0.317
848 393 14 15 0.310
531 384 16 18 0.288
72 378 13 16 0.276
519 411 13 18 0.276
946 395 27 18 0.251
12 379 25 24 0.240
917 405 16 20 0.220
62 394 33 17 0.209
426 267 21 23 0.207
973 392 13 23 0.202
883 401 14 30 0.197
993 396 31 15 0.196
837 384 15 36 0.187
804 426 11 15 0.185
450 400 17 22 0.175
518 452 15 17 0.167
504 333 16 17 0.163
849 399 18 34 0.152
367 388 18 22 0.152
914 345 27 14 0.146
622 387 16 20 0.146
805 409 12 26 0.134
12 359 13 22 0.130
947 349 29 15 0.122
417 364 20 24 0.120
498 409 16 20 0.111
45 379 35 35 0.109
810 407 28 26 0.109
1016 410 8 20 0.103
530 379 16 40 0.103
1014 446 10 13 0.102
409 430 20 23 0.101
825 404 24 23 0.101
293 393 15 19 0.100
312 394 19 44 0.099
477 385 17 26 0.098
315 377 21 24 0.096
637 397 13 16 0.092
27 372 17 20 0.090
294 386 16 21 0.074
504 408 49 18 0.071
372 393 24 22 0.071
468 451 22 27 0.069
464 389 32 22 0.069
910 416 18 16 0.067
602 392 14 15 0.063
526 382 16 19 0.054
225 368 23 25 0.054
850 332 12 16 0.052
298 392 18 21 0.051
937 398 14 15 0.051
977 402 11 15 0.051
316 385 18 28 0.050
628 437 16 23 0.048
147 457 18 24 0.048
386 393 20 24 0.046
607 469 21 23 0.044
555 375 18 21 0.044
420 372 20 24 0.044
835 384 16 18 0.044
415 359 19 22 0.042
220 376 22 26 0.042
906 426 11 13 0.042
950 375 58 51 0.042
332 534 17 21 0.040
813 402 14 17 0.039
222 369 46 27 0.038
225 482 20 24 0.036
693 409 12 16 0.036
238 366 26 27 0.035
854 330 11 14 0.035
361 382 21 24 0.035
7 379 14 24 0.034
347 345 18 23 0.033
695 214 23 27 0.033
192 441 22 28 0.033
334 471 21 24 0.032
602 387 27 21 0.031
411 452 19 22 0.031
889 417 22 18 0.031
905 399 12 15 0.029
265 468 18 21 0.029
485 495 23 25 0.029
320 379 22 24 0.028
631 441 23 22 0.027
855 392 24 13 0.027
414 435 21 27 0.025
426 382 19 23 0.025
878 406 16 19 0.024
724 333 29 38 0.024
552 390 16 21 0.023
578 405 14 18 0.022
81 400 18 20 0.022
360 319 22 24 0.022
1003 393 13 16 0.022
322 401 19 24 0.022
792 490 14 19 0.022
725 283 35 42 0.022
906 418 15 16 0.021
618 372 15 20 0.021
