0_Parade_marchingband_1_853
119
294 398 24 30 0.827
431 337 22 28 0.817
831 286 21 27 0.812
323 313 22 26 0.810
573 407 24 29 0.807
613 377 22 30 0.802
432 382 24 28 0.800
668 358 24 29 0.797
560 326 22 27 0.796
221 249 18 22 0.793
621 329 21 26 0.793
775 235 16 21 0.773
451 412 26 31 0.769
595 224 16 19 0.768
855 203 16 20 0.753
508 342 21 26 0.746
699 380 23 27 0.733
536 185 14 18 0.732
372 130 13 17 0.730
605 193 15 18 0.730
704 151 12 15 0.716
794 285 20 23 0.714
467 130 12 16 0.712
523 356 21 25 0.707
371 181 15 18 0.706
578 357 21 26 0.700
540 406 22 28 0.686
722 231 16 20 0.685
408 228 16 20 0.684
751 218 15 18 0.682
635 176 14 18 0.679
552 164 14 17 0.675
426 222 16 21 0.671
158 280 18 20 0.658
678 177 14 18 0.655
325 173 14 17 0.652
506 228 17 19 0.635
697 137 12 14 0.630
350 284 17 22 0.609
604 167 14 17 0.608
166 245 15 18 0.604
169 200 12 13 0.596
535 133 12 15 0.596
337 238 15 19 0.577
497 159 13 17 0.561
784 143 13 14 0.543
279 229 14 18 0.539
812 149 13 16 0.534
756 235 15 18 0.527
903 234 16 22 0.485
872 231 22 24 0.453
352 232 15 19 0.439
414 223 26 20 0.355
702 143 13 25 0.245
668 154 11 15 0.233
216 226 15 17 0.183
495 348 19 26 0.165
894 231 20 23 0.159
422 130 12 16 0.115
540 260 19 21 0.107
170 182 11 72 0.106
419 256 15 20 0.101
739 321 15 19 0.099
569 210 14 19 0.095
917 268 13 19 0.092
714 195 14 17 0.088
751 138 9 12 0.087
507 184 12 17 0.084
552 327 23 24 0.066
827 155 11 16 0.065
575 130 10 11 0.063
731 172 12 14 0.062
581 150 13 14 0.062
480 149 12 15 0.062
566 143 13 14 0.062
807 236 15 17 0.060
788 163 12 16 0.055
906 239 16 23 0.054
539 135 12 15 0.052
786 151 13 18 0.051
360 147 11 13 0.051
697 180 12 15 0.050
214 182 11 12 0.049
664 145 27 26 0.047
500 311 18 24 0.046
741 345 23 26 0.043
537 154 14 15 0.043
818 153 16 17 0.042
571 143 23 21 0.042
563 170 13 17 0.041
548 259 18 21 0.040
752 132 11 18 0.039
586 148 13 14 0.039
749 132 11 15 0.037
429 152 13 16 0.037
746 218 20 29 0.036
837 130 8 10 0.036
539 212 16 17 0.033
867 236 16 20 0.032
546 330 14 19 0.032
570 135 20 25 0.032
538 401 21 24 0.031
718 185 20 21 0.029
163 198 13 14 0.029
608 166 13 16 0.028
500 309 19 45 0.028
166 192 13 16 0.028
498 325 19 25 0.027
161 286 18 21 0.026
543 160 19 18 0.026
703 374 21 25 0.025
161 193 12 14 0.024
709 191 16 19 0.024
149 346 19 21 0.023
783 226 15 17 0.022
567 174 11 15 0.021
690 159 12 15 0.021
726 176 12 18 0.021
454 213 14 19 0.020
