0_Parade_marchingband_1_59
26
534 124 73 72 0.788
825 133 63 98 0.737
147 76 38 49 0.733
100 56 60 91 0.723
0 61 26 32 0.705
805 19 81 87 0.697
663 69 33 52 0.659
425 133 36 54 0.384
199 97 22 28 0.313
393 59 51 56 0.133
19 50 21 30 0.133
688 127 44 49 0.127
782 112 23 26 0.125
1006 101 18 28 0.114
311 50 11 12 0.044
595 100 32 40 0.040
503 25 12 15 0.030
174 82 29 40 0.029
572 0 33 36 0.028
713 72 27 32 0.026
677 129 39 48 0.023
777 101 26 34 0.022
517 104 82 69 0.022
712 338 50 35 0.021
5 47 30 43 0.021
419 147 47 77 0.020
