0_Parade_marchingband_1_573
176
781 293 9 11 0.679
411 436 10 13 0.672
671 434 11 13 0.627
222 440 11 13 0.625
578 430 11 13 0.621
937 292 9 9 0.600
343 443 10 12 0.596
547 192 10 12 0.595
275 189 9 10 0.591
526 298 9 10 0.569
336 400 11 12 0.568
450 394 9 12 0.557
537 409 9 12 0.549
665 354 11 12 0.543
282 440 11 13 0.539
924 184 10 11 0.539
622 394 10 12 0.524
52 302 8 9 0.522
434 304 9 11 0.521
700 287 8 10 0.518
224 295 8 10 0.516
730 192 8 10 0.514
468 364 9 10 0.509
181 195 8 10 0.487
387 191 9 12 0.478
85 202 8 10 0.468
956 471 12 13 0.464
336 310 8 10 0.449
479 495 10 14 0.441
475 429 10 12 0.438
663 70 7 8 0.408
127 309 8 8 0.400
824 72 8 9 0.397
273 363 9 10 0.386
778 436 12 13 0.382
388 365 9 10 0.369
858 291 9 11 0.338
14 412 10 11 0.328
568 364 9 10 0.322
21 654 13 15 0.277
1016 294 8 11 0.268
686 472 12 14 0.266
860 591 13 16 0.261
948 627 13 21 0.251
821 188 10 11 0.250
780 451 12 14 0.244
798 451 12 15 0.237
11 79 8 9 0.196
17 416 12 12 0.194
34 634 13 16 0.167
628 187 9 12 0.148
779 436 11 30 0.146
834 192 8 10 0.145
0 181 6 12 0.136
490 637 13 14 0.131
429 80 8 10 0.131
763 463 13 14 0.129
627 176 10 13 0.127
825 191 15 10 0.122
896 606 9 12 0.119
692 603 12 17 0.117
972 609 13 16 0.113
95 622 13 16 0.104
515 638 11 15 0.101
182 191 9 12 0.100
489 583 12 14 0.097
926 635 14 19 0.096
773 454 18 15 0.092
627 174 8 10 0.087
98 189 8 9 0.085
669 472 11 12 0.083
782 450 27 16 0.082
985 642 17 18 0.081
278 192 8 10 0.078
954 475 11 11 0.074
95 620 10 12 0.074
334 312 8 9 0.072
775 445 26 22 0.070
985 608 15 18 0.069
922 155 9 9 0.068
1008 600 13 15 0.067
632 178 10 10 0.067
537 412 9 11 0.066
367 613 12 14 0.065
385 365 8 9 0.065
360 640 12 16 0.064
428 614 11 14 0.064
631 187 9 11 0.063
928 153 7 7 0.063
385 613 11 13 0.063
735 607 11 15 0.060
698 605 17 18 0.059
572 470 11 13 0.058
129 620 18 17 0.055
650 478 12 14 0.055
14 421 12 13 0.053
589 473 12 11 0.052
880 647 19 18 0.052
924 154 9 8 0.052
103 624 15 18 0.052
749 49 8 10 0.051
702 609 15 18 0.051
965 471 11 13 0.050
651 586 10 12 0.050
939 291 8 9 0.049
173 639 10 15 0.048
714 644 13 16 0.048
270 363 8 10 0.046
980 641 14 16 0.046
0 219 6 11 0.045
140 619 11 14 0.045
823 75 8 8 0.045
713 657 15 19 0.045
388 198 9 10 0.045
219 654 15 21 0.044
546 174 10 10 0.044
52 632 11 13 0.044
441 632 14 17 0.044
21 420 11 12 0.043
929 637 14 18 0.042
707 607 15 19 0.040
283 444 11 11 0.040
123 623 14 19 0.039
990 600 11 16 0.036
483 598 13 16 0.036
181 599 11 13 0.036
98 194 8 11 0.035
851 590 13 15 0.035
2 619 11 14 0.035
484 465 11 13 0.034
487 584 13 19 0.034
487 449 10 16 0.033
449 642 19 20 0.032
497 638 14 16 0.032
395 166 8 9 0.032
870 650 17 20 0.031
384 197 9 9 0.031
887 645 14 18 0.031
486 590 15 23 0.030
0 212 5 20 0.030
256 626 11 13 0.029
870 641 16 23 0.029
809 79 8 7 0.029
555 479 13 13 0.028
732 190 12 12 0.028
36 632 13 15 0.028
1016 632 8 18 0.028
493 637 34 15 0.027
920 158 9 10 0.026
105 623 22 18 0.025
232 602 11 22 0.025
564 364 9 10 0.025
998 601 24 12 0.024
1012 294 9 10 0.024
488 445 10 12 0.024
52 625 13 16 0.024
310 657 11 15 0.024
14 625 13 17 0.024
866 637 18 19 0.024
623 389 11 12 0.023
444 635 17 20 0.023
493 594 13 18 0.023
317 587 11 13 0.023
880 639 16 19 0.023
242 627 11 12 0.022
583 61 12 14 0.022
859 291 8 8 0.021
199 647 12 15 0.021
761 61 8 9 0.021
970 606 25 27 0.021
480 602 12 15 0.021
7 617 20 20 0.020
225 599 18 13 0.020
977 639 13 16 0.020
627 178 12 17 0.020
931 603 14 18 0.020
