0_Parade_marchingband_1_121
29
236 244 26 35 0.842
667 284 24 29 0.817
965 285 12 13 0.710
477 249 17 19 0.708
553 266 15 18 0.701
62 249 21 23 0.677
395 267 10 12 0.662
615 273 11 13 0.635
443 273 10 11 0.633
206 267 16 17 0.556
327 261 14 15 0.554
658 262 11 13 0.525
163 256 9 10 0.516
51 240 11 14 0.287
1018 290 6 19 0.195
1 247 6 9 0.147
321 263 16 17 0.113
249 252 20 27 0.092
51 244 25 22 0.091
261 262 11 13 0.085
378 257 7 9 0.078
204 271 12 14 0.045
351 267 10 12 0.032
317 263 14 17 0.032
713 261 6 8 0.031
344 265 18 13 0.028
1014 289 10 18 0.022
542 275 11 14 0.022
662 262 10 12 0.020
