0_Parade_marchingband_1_898
25
500 383 25 30 0.806
98 88 16 20 0.798
47 101 16 20 0.763
264 68 19 23 0.756
410 80 16 19 0.755
940 157 20 23 0.754
1 470 26 30 0.749
543 90 17 21 0.743
865 135 17 21 0.740
500 492 28 28 0.734
743 75 12 15 0.733
979 83 15 19 0.731
888 99 17 21 0.725
265 453 26 30 0.725
135 72 17 21 0.724
699 106 17 21 0.714
1014 133 10 28 0.630
70 106 14 17 0.613
1004 505 20 28 0.584
755 504 25 26 0.579
534 286 16 24 0.132
1013 302 11 38 0.081
1006 516 18 29 0.045
510 552 28 26 0.025
91 87 16 18 0.025
