0_Parade_marchingband_1_168
119
486 371 24 27 0.746
898 337 24 28 0.726
652 314 23 27 0.694
94 347 25 26 0.668
477 323 23 25 0.653
59 67 10 14 0.645
737 257 18 21 0.645
782 276 21 23 0.633
237 116 12 14 0.629
691 221 17 19 0.623
318 147 14 16 0.608
984 324 16 19 0.602
299 342 24 24 0.592
596 279 16 20 0.581
677 335 23 24 0.581
858 313 22 25 0.573
298 130 12 14 0.571
550 247 18 20 0.569
399 226 19 18 0.546
784 221 16 19 0.529
394 126 13 14 0.521
321 120 12 14 0.517
314 75 11 14 0.506
249 261 16 18 0.505
288 81 13 16 0.500
47 44 9 12 0.497
824 291 19 21 0.495
567 120 11 14 0.481
623 297 19 21 0.477
436 146 13 16 0.460
218 89 10 12 0.444
411 64 13 15 0.443
444 121 12 15 0.431
379 195 14 16 0.416
460 66 13 16 0.368
413 117 12 13 0.347
80 314 28 29 0.306
25 48 8 9 0.293
358 28 10 12 0.278
966 343 14 18 0.254
578 74 11 11 0.254
84 222 14 16 0.252
50 295 20 25 0.228
418 57 12 14 0.227
443 305 18 22 0.221
32 66 8 10 0.216
413 61 14 15 0.212
443 291 18 23 0.208
564 95 11 12 0.201
832 292 17 20 0.196
421 287 17 21 0.188
543 245 16 19 0.185
247 242 17 20 0.175
463 64 13 15 0.171
474 121 15 17 0.162
290 340 23 24 0.158
524 57 11 13 0.143
271 302 17 20 0.137
220 88 12 14 0.137
384 152 12 15 0.131
356 105 13 13 0.130
978 351 19 23 0.116
253 293 17 19 0.112
434 288 26 20 0.108
53 175 12 13 0.103
975 37 8 10 0.096
31 67 9 14 0.094
287 341 18 22 0.088
896 34 10 11 0.088
969 347 25 27 0.085
457 72 12 14 0.082
879 340 21 27 0.078
975 326 23 46 0.078
379 254 15 17 0.074
978 329 18 23 0.069
73 317 24 25 0.068
436 261 15 17 0.064
756 290 18 22 0.064
66 216 15 19 0.062
68 315 21 26 0.061
93 109 13 15 0.059
776 277 18 22 0.058
67 305 24 28 0.057
69 219 21 19 0.056
520 62 12 14 0.052
956 39 9 10 0.047
497 93 12 15 0.047
349 84 12 14 0.043
470 59 13 14 0.043
566 93 12 55 0.041
781 280 49 21 0.041
376 33 8 10 0.041
86 321 32 37 0.040
30 76 8 11 0.040
235 83 11 13 0.038
144 63 10 11 0.037
593 276 16 20 0.037
309 79 12 12 0.037
584 73 10 13 0.036
363 29 19 12 0.036
721 245 16 20 0.035
320 47 10 106 0.033
169 96 11 12 0.032
270 312 28 23 0.029
400 19 12 16 0.028
76 46 8 8 0.027
850 312 24 24 0.025
394 227 15 18 0.025
427 262 18 20 0.025
93 102 17 19 0.025
338 110 16 16 0.025
878 329 20 24 0.024
361 105 11 13 0.024
245 255 20 29 0.024
123 437 22 27 0.024
471 124 13 15 0.024
528 57 9 12 0.023
701 221 17 26 0.022
468 318 18 22 0.022
