0_Parade_Parade_0_964
177
99 393 9 12 0.746
0 448 11 15 0.741
739 420 23 27 0.706
346 447 12 15 0.704
77 415 12 15 0.689
296 440 12 14 0.686
518 410 20 21 0.684
316 450 13 15 0.676
270 449 12 14 0.671
258 437 12 14 0.667
321 418 11 15 0.650
40 467 12 14 0.646
214 440 14 15 0.640
246 470 11 13 0.637
64 459 11 14 0.634
150 406 25 27 0.633
23 383 12 14 0.630
557 412 21 22 0.618
612 414 21 24 0.610
296 387 10 12 0.608
59 406 11 13 0.604
5 362 10 11 0.599
117 424 12 15 0.582
8 395 10 13 0.566
106 432 12 15 0.559
198 380 9 11 0.543
807 427 28 28 0.522
121 404 9 12 0.518
125 372 9 12 0.517
3 425 11 13 0.514
210 390 10 12 0.510
320 394 8 10 0.498
114 375 10 13 0.491
34 420 10 12 0.486
39 440 12 14 0.475
85 435 12 13 0.472
714 421 19 20 0.468
137 429 12 14 0.455
938 428 31 33 0.453
669 418 26 21 0.432
176 430 11 13 0.423
266 356 8 9 0.423
923 414 25 33 0.410
226 435 12 14 0.400
781 430 23 23 0.397
136 329 8 9 0.395
108 335 8 9 0.394
79 457 11 14 0.391
259 380 9 10 0.380
930 417 31 38 0.372
49 381 12 13 0.368
356 411 10 12 0.356
69 433 11 13 0.353
30 438 13 14 0.353
869 420 28 27 0.332
58 365 8 10 0.329
239 374 9 11 0.322
1009 401 15 28 0.319
218 410 9 10 0.299
229 421 12 15 0.287
48 335 7 9 0.282
52 395 11 19 0.271
238 355 9 9 0.268
650 400 18 25 0.267
333 440 12 14 0.255
85 335 8 9 0.244
217 436 14 17 0.242
249 437 12 15 0.235
224 319 7 8 0.223
700 425 19 17 0.219
376 450 14 16 0.212
199 368 9 10 0.212
42 370 10 11 0.200
75 380 9 11 0.198
235 375 10 12 0.191
66 361 10 11 0.190
31 343 8 8 0.189
108 428 15 16 0.185
35 355 9 11 0.180
18 387 18 13 0.172
119 371 14 15 0.172
240 426 12 15 0.168
206 386 12 14 0.167
69 435 31 12 0.165
865 427 21 23 0.164
51 400 11 12 0.150
289 357 9 10 0.149
271 369 10 13 0.144
414 399 34 38 0.142
723 415 22 27 0.142
999 423 21 31 0.140
678 421 21 20 0.139
879 442 25 28 0.138
66 445 11 21 0.138
860 431 17 21 0.137
654 404 24 27 0.136
708 420 52 23 0.136
26 362 9 22 0.135
187 360 8 10 0.133
217 357 8 8 0.130
90 366 14 11 0.128
228 426 14 21 0.127
261 438 19 24 0.125
103 365 10 11 0.122
243 462 32 15 0.112
49 336 8 10 0.109
33 416 12 25 0.109
69 362 25 11 0.108
116 354 8 9 0.105
649 418 20 25 0.099
195 380 23 22 0.098
82 363 16 13 0.095
269 422 14 14 0.094
227 413 13 21 0.093
377 367 9 12 0.091
39 462 47 14 0.089
191 364 16 13 0.088
47 367 18 20 0.084
86 339 7 14 0.081
318 320 9 12 0.081
216 357 14 10 0.080
81 362 10 28 0.080
276 392 10 12 0.077
216 320 7 9 0.077
103 369 22 16 0.077
106 431 11 28 0.076
67 407 24 31 0.074
603 398 22 29 0.073
394 414 11 14 0.067
417 409 21 28 0.067
220 321 9 9 0.064
244 415 11 11 0.064
288 454 11 15 0.061
560 417 19 22 0.060
106 453 12 14 0.059
23 358 22 16 0.059
258 419 13 13 0.059
421 387 37 45 0.059
226 419 16 12 0.058
305 348 10 10 0.056
312 423 17 54 0.055
71 413 20 19 0.054
68 356 9 10 0.053
136 418 55 21 0.052
11 364 30 12 0.050
62 382 25 12 0.050
357 467 13 15 0.047
191 438 10 14 0.047
6 374 9 77 0.047
353 414 10 12 0.046
342 442 15 17 0.045
191 357 8 8 0.044
299 349 12 10 0.044
124 403 9 12 0.042
682 424 32 19 0.040
731 406 29 34 0.039
439 403 31 34 0.039
880 417 24 28 0.039
660 401 27 29 0.033
387 416 19 13 0.031
1009 431 15 32 0.030
268 317 9 9 0.029
871 409 30 32 0.026
223 361 13 27 0.026
199 432 82 25 0.026
326 429 13 16 0.025
313 344 7 9 0.025
46 333 7 8 0.024
34 330 15 40 0.023
663 415 22 32 0.023
151 417 19 33 0.022
646 424 17 21 0.021
228 319 6 8 0.021
597 419 15 19 0.021
356 429 16 14 0.021
139 476 14 18 0.021
318 318 12 11 0.020
