0_Parade_marchingband_1_784
53
908 231 27 33 0.820
929 266 29 37 0.815
907 108 20 24 0.775
970 257 25 30 0.748
996 247 24 32 0.724
288 236 26 33 0.677
262 247 19 23 0.663
829 261 22 32 0.613
312 228 20 31 0.612
740 243 30 40 0.604
424 209 20 25 0.600
826 245 23 30 0.392
251 238 20 24 0.385
262 222 16 18 0.215
322 208 17 19 0.215
137 229 14 16 0.154
889 288 22 27 0.112
228 236 20 18 0.105
718 221 17 21 0.096
556 231 29 40 0.095
850 241 22 28 0.091
205 228 14 17 0.078
290 227 21 22 0.074
756 225 16 18 0.073
224 234 13 16 0.072
259 232 21 43 0.065
939 241 17 25 0.064
172 217 23 23 0.062
248 243 18 22 0.061
148 220 9 9 0.056
322 202 14 17 0.054
168 217 17 15 0.049
737 221 18 20 0.047
196 221 21 22 0.046
446 229 35 48 0.045
177 220 26 26 0.044
650 467 11 14 0.044
842 238 25 29 0.044
191 216 19 25 0.042
284 226 20 21 0.040
213 231 22 14 0.040
450 194 20 19 0.037
1016 201 8 30 0.036
163 217 25 19 0.035
744 223 29 24 0.033
555 230 22 28 0.033
737 230 27 37 0.030
195 216 14 16 0.030
582 296 78 46 0.027
749 247 31 42 0.027
825 237 20 26 0.024
418 208 19 27 0.024
621 282 67 44 0.021
