0_Parade_marchingband_1_204
107
111 252 34 43 0.803
349 216 37 45 0.708
839 270 29 35 0.682
520 246 21 25 0.676
498 261 17 20 0.572
697 253 26 32 0.571
761 257 24 32 0.533
185 231 22 25 0.524
548 250 25 31 0.523
595 276 25 31 0.508
450 251 14 17 0.501
232 239 16 18 0.492
818 249 16 20 0.403
679 244 23 28 0.379
58 245 17 21 0.369
739 243 23 29 0.346
259 254 11 13 0.324
839 251 27 35 0.310
846 252 32 37 0.295
189 276 21 24 0.291
750 250 31 33 0.283
905 241 15 16 0.271
742 251 25 30 0.259
972 236 16 19 0.255
938 248 17 17 0.220
566 256 26 32 0.217
411 248 12 16 0.203
584 161 11 14 0.192
856 250 34 38 0.178
950 126 11 13 0.144
768 241 33 33 0.128
138 243 26 34 0.124
620 256 30 34 0.119
1008 201 14 18 0.115
703 241 25 32 0.112
764 250 28 32 0.110
941 267 19 22 0.105
902 241 30 17 0.104
599 263 47 36 0.099
904 263 17 19 0.098
1005 248 13 16 0.091
941 252 19 34 0.089
886 206 18 21 0.066
779 240 30 32 0.062
17 265 13 16 0.061
534 251 31 28 0.061
610 257 28 33 0.060
594 270 21 28 0.058
705 238 22 25 0.057
756 222 14 18 0.057
14 230 12 15 0.051
484 255 14 18 0.051
991 159 10 12 0.050
562 263 22 26 0.050
546 230 21 25 0.049
630 241 27 39 0.049
145 251 23 29 0.047
954 153 10 11 0.044
20 228 13 15 0.043
552 235 25 23 0.040
1 258 9 21 0.040
838 252 19 24 0.040
1016 27 7 11 0.038
411 251 16 18 0.037
89 241 30 36 0.035
959 270 14 18 0.034
1 267 8 15 0.033
10 228 21 15 0.033
1005 170 10 15 0.032
697 264 23 28 0.032
847 235 19 23 0.032
12 256 13 15 0.031
1006 164 12 14 0.031
605 244 23 31 0.030
1 227 8 30 0.030
898 266 21 26 0.030
566 250 23 27 0.029
868 252 30 34 0.029
453 253 22 19 0.029
595 258 26 38 0.029
474 256 19 18 0.028
442 254 18 16 0.028
1004 147 11 12 0.027
602 270 24 28 0.027
948 248 17 16 0.026
1 246 8 29 0.026
333 203 45 49 0.025
434 256 16 20 0.024
992 161 21 15 0.024
582 162 12 16 0.024
975 154 9 14 0.023
1002 142 12 22 0.023
675 232 21 27 0.023
133 239 26 30 0.023
752 232 21 31 0.023
581 258 27 31 0.022
1000 140 13 14 0.022
930 270 21 22 0.022
420 259 18 17 0.022
309 239 16 24 0.022
673 247 18 25 0.022
760 227 40 32 0.021
43 247 13 16 0.021
902 238 20 26 0.021
707 65 8 9 0.020
20 232 19 18 0.020
983 247 22 19 0.020
