0_Parade_Parade_0_389
78
639 248 18 22 0.703
822 252 17 20 0.678
402 244 15 17 0.673
687 257 16 18 0.672
526 252 16 18 0.668
848 256 17 21 0.660
474 244 17 20 0.653
308 244 13 15 0.643
575 254 17 19 0.637
773 246 21 23 0.632
358 241 14 17 0.582
449 252 13 14 0.567
78 217 15 20 0.541
235 241 11 13 0.527
601 246 15 17 0.525
195 238 9 12 0.474
263 241 13 14 0.438
725 257 17 18 0.344
853 259 20 20 0.319
904 267 16 18 0.293
933 276 11 12 0.290
705 258 17 19 0.285
137 236 10 13 0.284
340 248 10 12 0.261
663 265 12 14 0.257
734 256 15 18 0.244
713 256 25 20 0.243
216 244 9 11 0.228
432 253 12 14 0.189
253 244 11 13 0.182
551 258 13 14 0.180
880 264 17 18 0.177
211 243 14 11 0.176
343 246 11 14 0.141
897 265 21 18 0.130
283 247 12 13 0.126
249 245 10 12 0.124
127 235 9 12 0.123
130 236 15 12 0.120
342 246 30 13 0.119
740 258 15 16 0.116
902 260 17 19 0.113
432 253 24 14 0.110
871 260 16 17 0.095
862 263 26 19 0.090
267 244 12 14 0.089
63 221 9 11 0.080
245 243 12 11 0.079
926 275 17 13 0.077
18 229 6 8 0.077
63 220 21 15 0.064
200 238 10 12 0.060
517 254 22 17 0.059
537 256 25 16 0.056
713 251 15 18 0.052
868 270 15 14 0.052
478 249 21 19 0.049
532 253 15 16 0.041
1010 288 8 11 0.040
743 255 18 19 0.038
861 268 15 18 0.038
290 248 11 13 0.036
603 248 20 20 0.036
873 258 21 17 0.036
498 255 21 18 0.033
496 260 15 16 0.032
899 270 15 16 0.032
560 259 14 15 0.029
490 260 13 15 0.028
282 242 11 11 0.028
511 258 13 14 0.027
634 244 17 21 0.027
708 251 15 18 0.024
719 261 20 17 0.024
794 259 13 17 0.024
780 247 19 20 0.022
665 270 13 14 0.022
371 248 13 15 0.020
