0_Parade_Parade_0_789
28
427 101 63 85 0.845
723 108 70 77 0.820
42 183 43 47 0.798
237 51 88 109 0.780
963 219 28 36 0.769
916 205 17 19 0.737
31 154 32 35 0.718
836 240 18 23 0.715
582 99 65 76 0.694
864 212 16 19 0.688
825 208 13 15 0.594
1012 241 12 24 0.294
149 158 30 39 0.123
187 151 41 50 0.104
1006 235 15 24 0.100
156 167 30 39 0.066
162 181 37 49 0.048
1007 226 15 27 0.048
550 227 7 9 0.043
1015 247 8 23 0.039
0 206 18 35 0.033
992 226 25 19 0.031
854 211 11 14 0.030
857 207 13 18 0.029
201 156 38 50 0.025
137 162 34 35 0.024
0 181 15 40 0.023
185 149 31 39 0.022
