0_Parade_Parade_0_905
29
572 0 85 87 0.861
332 64 80 98 0.848
469 59 80 96 0.820
98 78 29 39 0.816
199 45 33 41 0.807
694 78 65 81 0.803
653 18 49 71 0.760
67 87 25 36 0.740
300 15 41 69 0.561
148 91 22 25 0.474
818 67 20 24 0.448
948 60 52 60 0.204
1015 58 9 30 0.200
879 60 25 32 0.180
13 75 17 29 0.180
156 87 21 24 0.123
812 66 20 23 0.108
144 92 18 22 0.079
854 77 16 19 0.072
783 44 16 19 0.068
852 81 15 23 0.064
135 88 35 27 0.042
309 8 54 78 0.041
832 73 37 24 0.034
162 86 17 16 0.034
7 81 19 29 0.024
792 58 22 24 0.022
941 39 52 68 0.021
378 15 38 42 0.020
