0_Parade_marchingband_1_232
105
660 212 34 37 0.808
312 74 46 52 0.804
268 215 27 33 0.785
789 243 27 30 0.777
893 292 19 21 0.712
180 281 19 22 0.709
477 267 22 24 0.677
536 353 12 13 0.507
977 346 9 11 0.369
45 384 7 8 0.355
476 229 23 29 0.354
16 385 8 10 0.346
951 361 10 12 0.300
998 318 9 10 0.299
71 386 7 8 0.260
107 383 7 8 0.255
1016 317 8 10 0.220
1008 289 10 12 0.175
9 386 12 9 0.142
575 361 9 10 0.130
168 309 15 19 0.119
5 390 7 8 0.115
1012 337 10 12 0.107
625 364 7 9 0.104
1013 333 9 15 0.098
572 358 10 11 0.097
108 379 6 7 0.083
130 384 10 9 0.082
722 371 8 10 0.079
151 393 7 9 0.077
779 404 8 9 0.077
566 397 7 8 0.070
936 355 13 12 0.069
963 301 11 11 0.067
810 290 9 10 0.065
557 342 11 13 0.065
64 397 7 8 0.063
977 350 11 13 0.062
763 399 7 9 0.062
723 370 10 9 0.060
250 281 22 27 0.059
0 379 5 8 0.058
44 378 7 8 0.055
540 351 28 13 0.053
945 302 12 11 0.052
894 263 20 23 0.051
728 380 9 14 0.050
991 282 9 11 0.048
1014 304 9 28 0.045
173 397 6 8 0.045
939 358 11 13 0.045
937 352 11 11 0.044
999 315 12 14 0.042
149 389 7 17 0.040
946 355 35 17 0.040
554 339 13 22 0.039
602 364 10 8 0.038
38 396 8 9 0.037
930 356 10 12 0.036
0 319 7 17 0.036
959 283 11 15 0.035
744 388 9 10 0.034
646 408 9 11 0.034
998 295 9 33 0.033
1013 362 9 19 0.033
1007 287 14 16 0.033
958 319 8 10 0.033
1013 355 10 19 0.033
772 405 17 8 0.033
50 379 8 7 0.031
130 381 8 23 0.031
184 257 16 21 0.031
572 359 10 21 0.030
1008 368 12 11 0.030
582 399 7 9 0.030
971 263 8 9 0.029
725 369 8 27 0.029
839 414 11 12 0.029
1010 371 10 12 0.028
552 336 12 13 0.027
954 317 11 12 0.027
579 365 17 8 0.027
990 281 16 13 0.027
991 279 8 30 0.027
986 319 9 16 0.027
940 355 22 14 0.026
1003 427 9 9 0.026
735 371 8 9 0.026
923 286 8 9 0.025
713 351 8 9 0.025
117 380 7 6 0.024
630 404 7 13 0.024
67 376 20 28 0.023
958 282 14 31 0.023
936 288 9 8 0.023
70 390 25 12 0.023
985 301 23 10 0.022
982 425 8 8 0.022
745 383 7 27 0.022
12 388 25 12 0.021
190 265 23 29 0.021
983 361 13 10 0.021
568 374 9 10 0.020
981 314 12 20 0.020
588 365 9 7 0.020
