0_Parade_marchingband_1_70
215
812 366 12 15 0.808
778 394 14 18 0.780
317 346 12 15 0.776
939 399 14 16 0.773
630 368 14 17 0.772
784 343 12 14 0.769
105 405 14 17 0.769
295 382 12 14 0.766
319 376 12 14 0.766
279 335 11 13 0.766
745 339 13 15 0.765
68 401 14 17 0.765
747 304 12 14 0.757
296 404 13 16 0.754
259 280 11 13 0.753
896 394 13 18 0.752
222 402 13 15 0.751
243 333 12 14 0.751
388 376 12 14 0.750
528 280 10 13 0.750
563 304 12 14 0.749
915 360 13 16 0.748
360 371 11 14 0.748
685 363 13 15 0.748
529 299 10 13 0.748
805 267 12 14 0.747
332 281 11 13 0.747
357 339 13 15 0.746
824 343 12 14 0.745
255 402 13 15 0.744
704 336 12 14 0.744
146 401 13 16 0.744
662 279 11 14 0.743
235 376 12 14 0.743
487 362 13 15 0.742
414 317 11 14 0.742
408 283 10 13 0.741
623 341 12 14 0.741
188 314 12 14 0.741
165 336 12 14 0.740
844 363 12 15 0.739
709 391 16 18 0.739
579 397 15 18 0.738
852 389 13 16 0.737
831 303 13 15 0.737
660 339 12 15 0.736
334 309 11 13 0.735
735 273 11 14 0.735
446 283 11 13 0.735
222 287 11 12 0.734
565 354 12 15 0.733
586 344 11 15 0.732
260 382 11 14 0.731
234 239 10 12 0.731
578 226 10 13 0.731
655 233 10 12 0.731
821 253 11 14 0.730
374 314 12 13 0.729
454 336 12 14 0.729
202 340 12 14 0.729
486 281 11 13 0.727
222 312 11 14 0.727
827 408 13 16 0.727
420 354 13 15 0.726
208 255 11 14 0.725
254 306 12 13 0.724
165 369 13 15 0.723
441 228 10 12 0.723
404 336 11 14 0.720
246 257 11 13 0.720
769 271 12 14 0.719
151 311 12 15 0.719
773 375 13 15 0.718
749 373 13 15 0.718
632 297 12 14 0.718
296 316 11 13 0.717
493 302 12 14 0.715
787 223 11 13 0.714
128 363 13 15 0.714
528 366 12 14 0.711
371 291 11 13 0.707
527 254 10 12 0.707
615 230 10 12 0.706
495 322 11 13 0.704
335 388 13 15 0.702
93 369 12 15 0.701
598 304 11 13 0.701
698 275 11 13 0.700
618 279 11 14 0.700
455 363 13 15 0.697
281 252 10 12 0.697
310 262 11 13 0.697
685 254 10 12 0.696
296 283 10 13 0.694
517 414 15 17 0.693
536 338 11 14 0.693
454 259 10 12 0.692
657 375 13 15 0.692
174 247 11 13 0.692
607 256 10 12 0.690
562 249 10 13 0.688
643 262 10 12 0.686
721 376 14 16 0.685
669 298 12 15 0.682
184 280 11 13 0.682
399 231 10 12 0.681
187 408 12 15 0.680
204 367 13 15 0.679
711 294 13 14 0.679
874 373 11 15 0.679
533 239 11 13 0.678
137 335 11 14 0.674
716 249 10 13 0.673
747 219 11 13 0.667
347 249 11 13 0.664
785 306 12 13 0.662
413 392 12 15 0.662
698 229 11 13 0.662
198 228 9 11 0.658
884 333 12 14 0.649
599 370 12 15 0.634
139 280 11 12 0.621
491 259 11 12 0.618
454 305 12 14 0.617
363 223 10 13 0.610
749 252 11 12 0.609
488 231 11 12 0.598
423 263 10 13 0.595
640 402 14 16 0.584
272 231 10 12 0.575
387 264 11 12 0.557
777 251 10 12 0.549
318 216 11 13 0.511
576 278 10 13 0.504
358 249 10 12 0.405
853 275 11 12 0.384
718 378 15 19 0.381
431 249 10 12 0.310
667 291 12 19 0.291
263 339 11 13 0.287
528 247 11 20 0.214
626 338 12 33 0.211
776 379 13 34 0.200
451 295 13 28 0.194
530 243 12 15 0.185
410 314 14 27 0.176
406 387 22 20 0.175
221 452 12 13 0.170
396 232 10 13 0.166
494 304 11 39 0.155
161 233 10 12 0.152
138 322 15 30 0.152
95 334 12 12 0.135
85 368 44 13 0.133
295 313 20 22 0.121
449 276 11 43 0.120
749 224 10 49 0.116
612 222 10 43 0.116
172 246 21 16 0.111
255 258 11 45 0.110
528 272 10 55 0.104
630 281 12 47 0.099
165 324 12 51 0.094
779 267 14 55 0.085
211 251 14 41 0.084
809 224 18 79 0.083
137 259 10 12 0.076
97 332 13 23 0.074
778 249 12 12 0.074
257 444 14 18 0.072
216 393 46 28 0.072
530 233 21 35 0.071
197 249 10 13 0.071
202 305 11 73 0.068
897 360 25 54 0.067
329 367 26 45 0.067
664 236 34 25 0.066
144 280 11 12 0.062
569 218 19 42 0.061
418 336 11 81 0.060
341 340 10 13 0.059
247 332 14 16 0.058
300 359 33 43 0.055
648 220 13 54 0.055
829 229 10 10 0.052
782 207 9 77 0.050
258 439 13 15 0.050
455 294 11 50 0.047
848 277 12 12 0.043
422 251 20 19 0.042
720 266 70 24 0.039
804 311 25 98 0.039
431 387 11 14 0.038
490 289 12 18 0.036
230 239 10 13 0.035
138 316 11 13 0.035
288 251 12 14 0.034
413 397 10 14 0.034
464 393 12 14 0.032
105 356 13 15 0.031
274 233 11 19 0.031
253 279 15 14 0.031
303 258 11 14 0.031
568 338 10 11 0.028
326 216 11 13 0.028
714 240 33 81 0.027
607 234 24 85 0.026
804 291 12 13 0.025
848 392 15 16 0.024
419 445 14 15 0.024
131 242 9 10 0.023
339 446 11 13 0.022
575 271 12 18 0.021
388 251 9 25 0.021
418 250 10 14 0.021
