0_Parade_marchingband_1_461
30
685 210 90 106 0.857
191 241 59 62 0.853
81 218 54 59 0.843
434 245 70 75 0.820
867 191 64 74 0.819
518 245 39 47 0.815
345 252 30 36 0.813
288 244 43 44 0.783
974 212 46 58 0.755
11 271 42 45 0.722
383 261 16 20 0.568
783 254 35 41 0.286
756 244 26 36 0.219
753 228 34 59 0.173
1008 130 16 32 0.137
816 249 35 40 0.107
608 279 34 40 0.102
758 219 36 52 0.080
258 180 13 14 0.070
134 259 25 27 0.063
45 203 25 34 0.058
725 206 68 86 0.028
147 219 19 22 0.027
612 281 40 49 0.026
597 277 35 34 0.025
47 207 30 40 0.025
153 187 11 12 0.023
379 264 18 24 0.023
1012 135 12 41 0.021
139 217 27 35 0.021
