0_Parade_marchingband_1_18
170
294 569 19 24 0.802
260 547 16 20 0.779
964 594 16 20 0.776
137 595 17 21 0.752
88 284 12 14 0.738
36 229 11 13 0.735
18 473 16 19 0.731
440 470 16 19 0.721
779 230 9 12 0.720
945 223 11 14 0.719
813 276 11 13 0.712
612 547 17 20 0.706
270 228 12 15 0.703
901 473 15 17 0.702
113 407 13 15 0.700
891 401 11 14 0.692
747 258 12 13 0.690
112 223 11 13 0.686
892 292 12 15 0.681
669 397 13 15 0.677
812 584 16 18 0.677
134 247 11 14 0.675
912 250 11 12 0.674
971 393 12 14 0.673
82 251 12 13 0.668
711 209 10 12 0.656
614 217 11 12 0.646
750 166 10 12 0.639
600 264 12 13 0.637
255 205 11 14 0.634
656 436 13 13 0.622
853 219 11 13 0.613
189 224 11 13 0.603
71 272 13 13 0.599
736 236 11 13 0.597
665 258 12 14 0.581
589 226 10 12 0.567
979 253 10 12 0.553
914 374 11 14 0.550
843 305 12 13 0.539
105 297 12 14 0.539
203 242 9 11 0.530
499 218 12 13 0.525
286 139 10 11 0.507
689 560 17 19 0.505
242 413 13 15 0.482
355 248 13 14 0.458
19 340 12 16 0.452
427 373 13 16 0.450
654 239 10 13 0.449
512 443 13 16 0.422
136 342 13 16 0.416
412 223 12 13 0.414
1017 245 7 12 0.402
688 358 12 13 0.393
960 348 12 13 0.339
491 370 13 15 0.318
342 222 12 13 0.305
770 367 11 13 0.301
325 362 13 15 0.300
505 214 13 14 0.296
405 399 14 15 0.294
577 370 13 14 0.276
268 347 13 14 0.274
79 257 12 17 0.250
244 373 12 14 0.249
241 298 14 17 0.249
170 352 11 14 0.246
937 254 10 12 0.242
198 238 12 14 0.235
1007 323 11 14 0.215
92 288 17 16 0.214
861 308 11 12 0.211
218 261 13 13 0.208
426 248 14 16 0.200
844 237 11 12 0.198
816 347 11 13 0.186
779 379 14 16 0.178
900 277 10 12 0.174
582 367 17 16 0.162
655 279 11 13 0.161
368 245 13 16 0.154
510 212 10 11 0.139
240 95 11 14 0.135
603 217 23 14 0.129
1015 307 9 13 0.127
654 243 13 14 0.124
598 300 13 15 0.124
588 366 15 16 0.117
898 567 14 19 0.111
194 258 12 14 0.108
772 371 15 17 0.104
189 221 17 34 0.102
550 395 13 14 0.098
208 259 17 12 0.096
424 366 16 17 0.094
137 284 10 11 0.085
846 225 13 15 0.083
963 350 13 13 0.082
241 375 12 14 0.081
509 454 15 18 0.079
492 374 14 16 0.078
309 385 14 14 0.077
55 381 13 13 0.076
236 409 13 16 0.073
1008 314 13 16 0.073
509 461 13 15 0.069
96 291 18 16 0.069
707 248 12 13 0.066
411 227 14 16 0.064
1003 319 14 16 0.062
438 237 16 17 0.062
264 345 13 15 0.056
245 418 14 15 0.053
503 218 12 13 0.052
1015 241 9 18 0.051
314 385 14 15 0.051
318 377 14 19 0.051
846 466 12 12 0.051
1015 268 9 13 0.049
981 254 13 14 0.048
242 361 27 29 0.047
755 180 10 12 0.047
519 254 11 13 0.046
804 303 11 13 0.046
550 388 19 18 0.043
475 231 9 10 0.043
237 294 15 17 0.042
133 280 13 15 0.042
185 199 10 11 0.042
578 359 13 18 0.042
599 293 12 14 0.041
845 646 15 17 0.040
443 233 13 15 0.038
502 398 11 13 0.038
980 248 10 15 0.038
138 339 11 14 0.036
271 345 11 14 0.035
131 245 26 14 0.034
292 235 13 15 0.034
180 244 12 15 0.032
123 266 13 15 0.032
570 376 15 18 0.031
536 239 12 14 0.030
752 299 12 15 0.030
419 383 15 16 0.030
820 312 10 11 0.029
875 606 14 17 0.028
1010 305 11 14 0.028
245 368 16 17 0.027
259 208 10 13 0.027
132 344 14 17 0.027
82 302 16 15 0.026
435 516 15 17 0.026
403 225 20 12 0.026
820 339 14 19 0.025
614 213 10 12 0.025
991 17 10 12 0.025
251 425 14 15 0.025
225 240 13 14 0.024
324 371 13 17 0.024
241 100 12 15 0.024
810 308 14 13 0.024
699 361 12 14 0.023
416 357 15 16 0.022
85 248 11 16 0.022
233 405 13 15 0.021
673 396 13 15 0.021
753 294 12 15 0.021
281 255 12 13 0.020
