0_Parade_marchingband_1_181
75
32 317 33 42 0.846
976 305 30 33 0.837
574 398 23 29 0.829
875 416 28 34 0.829
374 372 21 27 0.829
924 297 26 31 0.829
464 302 19 26 0.828
494 340 20 25 0.824
386 423 22 27 0.824
76 384 29 34 0.820
332 438 23 30 0.820
507 385 21 28 0.818
338 374 22 27 0.817
153 309 27 31 0.817
409 365 21 26 0.813
879 308 30 33 0.810
410 319 19 25 0.810
444 380 20 26 0.809
750 274 23 28 0.807
220 300 25 30 0.805
564 347 21 25 0.803
672 335 23 30 0.800
730 308 23 28 0.800
805 318 26 31 0.800
181 459 28 30 0.796
439 290 19 24 0.796
461 417 22 28 0.796
634 294 19 24 0.795
587 361 21 24 0.791
293 297 22 26 0.789
720 375 25 30 0.788
529 340 19 23 0.787
499 282 19 23 0.786
458 333 21 28 0.786
503 308 19 25 0.785
375 281 19 25 0.782
631 515 32 37 0.781
416 263 18 21 0.781
105 317 25 29 0.777
865 278 27 29 0.774
665 384 28 35 0.772
252 316 21 25 0.771
777 298 22 27 0.768
21 279 31 34 0.764
616 316 21 28 0.758
328 292 19 24 0.758
770 390 26 33 0.752
599 287 19 24 0.744
546 311 22 28 0.741
526 274 17 22 0.739
511 473 25 29 0.723
673 295 22 30 0.703
600 437 23 27 0.693
642 351 22 27 0.678
375 470 22 24 0.642
314 315 19 22 0.642
654 282 19 23 0.619
526 305 19 22 0.608
567 309 17 23 0.462
656 313 22 23 0.224
220 307 53 26 0.203
400 294 21 34 0.185
567 301 19 23 0.169
593 325 18 23 0.130
593 322 36 23 0.098
692 271 13 16 0.092
658 279 18 21 0.091
420 293 16 20 0.087
516 465 21 24 0.046
680 281 20 31 0.042
90 322 19 26 0.040
789 265 18 20 0.030
642 292 20 33 0.029
272 311 16 21 0.025
564 295 20 24 0.024
