0_Parade_Parade_0_112
33
257 383 10 12 0.310
279 696 35 33 0.246
358 381 12 14 0.211
217 327 10 11 0.207
283 370 10 12 0.178
4 575 20 27 0.130
264 345 11 12 0.085
55 263 11 13 0.080
363 385 13 14 0.069
347 375 10 12 0.057
308 376 9 12 0.056
281 688 35 25 0.053
287 349 9 12 0.049
370 388 10 11 0.048
177 317 9 10 0.047
268 342 11 14 0.047
511 566 12 22 0.041
1012 448 9 12 0.040
992 472 7 8 0.039
488 566 13 21 0.033
202 609 14 24 0.032
421 374 12 13 0.030
576 645 19 24 0.030
973 460 7 6 0.030
299 354 10 11 0.028
404 376 13 16 0.027
88 252 12 12 0.027
400 373 12 15 0.026
308 375 11 21 0.025
315 384 10 12 0.024
295 372 12 12 0.024
409 380 12 14 0.023
406 598 17 23 0.023
