0_Parade_Parade_0_134
123
365 234 47 62 0.841
119 243 28 35 0.811
205 262 21 24 0.703
818 270 16 21 0.538
999 273 14 20 0.528
254 283 11 12 0.520
461 298 9 9 0.452
472 322 9 9 0.427
915 324 8 8 0.416
510 289 8 9 0.413
45 295 9 9 0.402
953 295 7 9 0.370
849 298 8 9 0.369
657 292 8 9 0.326
26 292 9 9 0.310
733 340 10 12 0.298
925 294 7 8 0.282
933 349 8 9 0.275
755 295 8 9 0.242
863 300 7 9 0.233
691 289 8 12 0.227
717 295 8 9 0.223
961 285 8 9 0.222
896 300 6 8 0.201
963 309 8 8 0.180
309 266 18 19 0.169
905 348 7 9 0.162
788 289 10 12 0.158
632 273 7 8 0.158
451 292 8 9 0.156
691 328 8 9 0.155
324 575 21 30 0.146
614 277 8 9 0.145
945 360 9 11 0.139
639 291 8 8 0.126
914 303 7 8 0.125
445 265 8 9 0.103
12 333 6 8 0.101
491 307 7 9 0.101
641 289 8 9 0.099
43 297 8 9 0.094
927 310 8 9 0.094
588 295 8 9 0.093
49 294 8 9 0.092
956 288 9 15 0.087
917 301 8 9 0.087
964 309 8 12 0.086
846 298 28 9 0.086
883 286 7 9 0.084
427 272 7 10 0.079
846 297 8 11 0.079
273 269 10 13 0.072
480 277 7 9 0.068
675 322 8 9 0.067
881 346 7 9 0.067
904 357 9 11 0.067
843 326 9 10 0.064
952 343 7 9 0.062
878 334 7 15 0.060
953 337 8 9 0.056
446 293 9 10 0.054
756 278 7 7 0.054
932 348 15 15 0.054
97 240 21 27 0.053
490 310 8 9 0.052
663 465 15 23 0.051
442 265 8 9 0.051
869 348 9 8 0.050
690 285 8 14 0.050
75 306 7 8 0.049
768 255 9 11 0.048
952 332 8 22 0.047
479 272 8 28 0.045
950 337 8 27 0.045
775 277 11 12 0.043
438 265 17 12 0.041
978 265 20 21 0.041
260 275 22 16 0.040
848 345 9 9 0.040
680 323 19 10 0.040
730 342 10 11 0.039
491 284 7 25 0.038
874 329 9 22 0.037
682 318 8 12 0.036
530 288 8 12 0.036
734 337 10 12 0.035
744 299 7 7 0.033
895 325 9 9 0.033
779 259 9 12 0.032
925 357 9 11 0.032
948 281 6 7 0.031
873 329 9 13 0.030
588 322 8 9 0.030
925 298 10 24 0.030
39 291 15 14 0.030
273 268 9 9 0.028
81 265 12 15 0.028
846 327 7 33 0.028
755 298 8 9 0.027
951 294 15 15 0.027
589 323 9 10 0.026
275 276 12 14 0.025
317 255 37 32 0.025
901 362 10 10 0.024
791 346 10 12 0.024
779 258 7 29 0.024
818 277 17 24 0.024
605 275 18 10 0.024
788 370 9 12 0.023
842 328 8 12 0.023
524 291 15 11 0.023
769 346 8 12 0.023
464 292 26 12 0.023
509 290 12 13 0.023
889 290 15 22 0.022
856 354 9 14 0.022
0 315 5 17 0.022
845 344 8 10 0.021
847 294 12 14 0.021
914 321 11 14 0.021
867 344 21 16 0.020
483 278 18 22 0.020
755 275 6 7 0.020
