0_Parade_Parade_0_312
84
0 236 30 42 0.861
304 255 35 41 0.825
864 316 25 31 0.771
978 294 29 35 0.762
723 250 38 48 0.550
244 230 33 40 0.369
92 231 20 24 0.302
39 152 29 36 0.269
237 240 27 31 0.250
164 206 15 23 0.223
249 217 25 33 0.191
192 262 27 36 0.184
473 202 17 17 0.176
425 212 15 16 0.153
556 225 19 22 0.146
473 195 25 28 0.144
239 213 28 32 0.129
817 298 17 21 0.126
984 258 18 22 0.126
237 210 21 28 0.114
853 240 15 17 0.098
340 238 20 26 0.092
426 216 15 17 0.089
541 256 30 38 0.086
433 222 14 15 0.082
828 296 20 22 0.078
620 186 27 29 0.073
350 232 27 29 0.071
806 274 18 21 0.070
333 203 13 17 0.070
358 228 25 31 0.065
333 239 22 28 0.064
383 253 33 34 0.064
779 166 25 40 0.061
717 254 27 37 0.061
625 183 46 30 0.061
644 179 28 31 0.058
645 237 25 28 0.056
865 260 12 16 0.054
557 304 20 24 0.053
946 240 12 14 0.051
735 242 31 45 0.051
376 236 38 43 0.050
792 284 15 17 0.049
441 227 11 13 0.049
14 199 16 21 0.047
803 283 30 34 0.045
436 223 16 23 0.040
817 293 28 28 0.038
403 193 17 20 0.038
201 268 27 34 0.038
394 256 33 34 0.036
486 191 26 33 0.036
543 223 28 63 0.034
444 231 12 15 0.032
993 227 13 14 0.030
947 227 11 14 0.030
705 212 10 13 0.029
991 247 19 33 0.028
152 191 12 17 0.027
743 240 25 33 0.027
723 199 19 23 0.027
639 240 23 27 0.026
653 176 27 32 0.026
369 247 35 36 0.026
564 225 19 22 0.025
123 177 16 24 0.025
617 191 20 25 0.025
1005 169 9 10 0.025
379 224 30 35 0.023
925 266 11 15 0.023
1009 293 15 31 0.023
24 149 24 38 0.023
636 305 9 10 0.023
513 223 21 25 0.022
42 177 18 25 0.022
33 146 28 38 0.022
623 201 20 26 0.022
945 232 15 21 0.022
104 196 18 21 0.022
989 250 16 23 0.021
320 198 21 20 0.020
958 257 13 16 0.020
361 239 30 33 0.020
