0_Parade_marchingband_1_565
119
0 527 19 34 0.826
351 577 29 36 0.824
738 436 27 35 0.813
187 303 26 36 0.813
984 360 26 32 0.810
456 292 25 34 0.808
109 203 25 32 0.807
606 577 31 39 0.807
737 492 30 36 0.805
59 458 23 33 0.805
800 556 26 35 0.803
602 25 25 34 0.802
789 364 26 32 0.801
694 556 26 33 0.800
840 487 28 34 0.796
470 364 25 32 0.793
34 608 26 32 0.792
916 585 26 36 0.791
327 385 27 32 0.790
241 265 27 33 0.789
102 524 25 30 0.788
166 536 28 37 0.787
902 638 28 35 0.785
979 453 28 34 0.784
819 296 28 37 0.784
153 604 28 33 0.783
163 368 27 33 0.782
389 632 31 36 0.780
234 520 25 33 0.779
248 390 26 31 0.778
510 560 26 36 0.775
599 448 26 33 0.774
904 160 25 32 0.766
577 357 26 30 0.759
705 362 26 34 0.758
332 289 26 32 0.754
945 281 29 38 0.752
50 385 26 35 0.747
444 221 26 33 0.745
360 529 24 34 0.743
287 541 24 31 0.722
47 234 23 28 0.704
963 223 27 34 0.703
145 245 27 33 0.696
138 439 23 30 0.684
821 56 26 32 0.676
664 257 24 32 0.672
574 321 27 32 0.618
326 172 27 32 0.596
222 184 29 35 0.583
930 450 23 30 0.548
550 226 26 30 0.544
0 195 11 31 0.536
494 494 23 31 0.532
844 254 28 31 0.511
751 229 26 30 0.454
412 174 23 30 0.329
704 170 25 29 0.312
249 448 24 28 0.276
963 413 23 29 0.230
575 304 24 28 0.208
676 128 20 25 0.188
421 16 26 28 0.184
789 664 33 16 0.172
286 200 26 29 0.161
697 325 22 26 0.160
192 36 19 24 0.150
574 510 28 35 0.142
450 86 25 31 0.128
342 241 24 30 0.126
60 116 13 15 0.122
626 79 26 30 0.116
380 451 24 33 0.096
196 32 16 20 0.093
459 439 32 35 0.090
58 81 17 22 0.088
337 11 18 22 0.087
345 41 18 21 0.086
747 238 30 33 0.078
120 465 21 26 0.078
35 56 15 17 0.077
318 611 22 30 0.075
416 182 25 30 0.072
966 346 22 28 0.063
568 413 22 29 0.055
313 440 22 28 0.054
905 0 26 21 0.052
341 10 19 56 0.045
219 195 27 34 0.042
51 533 21 28 0.042
912 0 31 25 0.042
975 354 31 67 0.041
574 132 26 29 0.041
373 516 20 28 0.040
649 258 32 33 0.039
759 227 20 25 0.037
758 247 26 30 0.035
442 90 28 35 0.035
474 436 20 25 0.035
699 303 24 30 0.035
187 40 22 27 0.034
746 303 24 34 0.030
829 53 23 30 0.030
549 237 23 27 0.029
585 637 30 36 0.029
959 350 25 32 0.028
568 404 24 25 0.026
633 83 27 30 0.025
714 170 22 26 0.025
639 261 21 30 0.024
849 246 26 30 0.024
965 426 24 30 0.023
703 296 21 25 0.023
740 237 25 30 0.022
443 439 28 31 0.022
642 81 25 29 0.022
1010 641 13 35 0.022
0 202 10 41 0.021
422 192 23 27 0.021
