0_Parade_marchingband_1_196
131
940 662 21 27 0.830
839 642 23 28 0.821
740 631 23 30 0.821
258 353 20 22 0.819
283 390 22 24 0.816
245 205 20 21 0.815
571 675 22 30 0.813
25 216 20 23 0.812
358 333 20 21 0.812
418 149 19 21 0.810
649 657 21 28 0.810
333 280 19 21 0.810
276 233 18 19 0.809
614 175 18 19 0.809
808 350 21 22 0.806
146 386 21 24 0.805
442 296 21 22 0.805
471 335 21 22 0.803
697 478 22 25 0.803
350 186 20 21 0.803
846 389 21 22 0.802
344 484 23 23 0.801
571 220 19 21 0.801
561 438 20 21 0.798
465 114 19 21 0.798
398 17 19 23 0.798
801 487 21 23 0.798
206 32 18 20 0.798
229 169 17 20 0.797
646 297 19 21 0.797
382 233 18 19 0.796
634 403 20 22 0.796
585 467 21 22 0.795
442 439 20 23 0.794
316 433 20 22 0.793
134 185 19 22 0.793
196 124 19 20 0.792
738 294 20 23 0.791
506 246 19 21 0.790
209 479 22 24 0.789
87 132 19 21 0.789
644 214 18 21 0.789
609 266 19 22 0.789
530 402 20 22 0.788
52 240 21 23 0.787
671 362 19 22 0.786
410 242 20 22 0.786
7 29 18 19 0.786
497 134 19 21 0.786
603 344 21 22 0.785
548 338 21 22 0.785
548 193 19 21 0.785
394 118 18 20 0.783
319 157 20 22 0.780
496 374 19 21 0.780
903 471 21 24 0.780
96 314 21 22 0.778
738 414 21 22 0.778
233 333 21 23 0.777
446 195 19 20 0.776
58 87 19 23 0.775
411 398 19 22 0.775
472 240 17 20 0.775
471 467 21 23 0.774
189 246 18 20 0.774
0 182 18 22 0.773
305 39 18 20 0.773
777 448 21 23 0.772
141 69 18 20 0.771
705 243 19 20 0.770
387 359 19 22 0.770
119 354 20 23 0.770
524 71 17 19 0.769
293 113 18 21 0.768
554 107 18 21 0.766
669 455 22 22 0.764
74 306 20 23 0.763
595 126 18 21 0.763
280 17 18 19 0.762
302 253 19 21 0.762
173 87 18 21 0.762
35 59 18 19 0.761
116 41 18 19 0.760
494 45 18 21 0.759
925 182 21 22 0.758
237 72 17 20 0.756
890 24 20 21 0.755
875 442 20 23 0.752
938 71 20 22 0.752
778 322 20 21 0.751
472 690 21 28 0.749
820 72 20 23 0.744
265 98 19 21 0.742
705 384 21 23 0.741
523 180 18 21 0.740
993 213 21 23 0.735
185 10 17 18 0.734
23 429 23 30 0.732
177 448 22 23 0.729
878 131 21 21 0.702
767 11 19 19 0.701
97 0 18 15 0.686
415 715 19 25 0.673
990 115 20 22 0.666
118 158 18 19 0.632
358 99 17 20 0.571
432 87 16 18 0.215
430 0 16 14 0.174
332 82 17 18 0.167
9 101 16 24 0.145
984 38 20 22 0.133
0 257 10 28 0.125
222 294 18 20 0.122
965 24 19 23 0.105
1 138 14 22 0.097
742 0 16 17 0.064
534 0 18 16 0.061
729 342 18 20 0.054
826 210 22 23 0.048
877 79 20 24 0.042
835 204 18 20 0.040
859 7 15 18 0.031
858 197 25 28 0.029
5 105 17 23 0.028
696 21 12 15 0.028
365 0 18 17 0.028
879 259 17 18 0.027
563 736 29 31 0.024
968 3 18 20 0.022
838 199 47 27 0.021
9 94 16 23 0.020
