0_Parade_Parade_0_663
259
555 367 144 190 0.853
189 219 93 129 0.849
852 553 14 17 0.674
97 508 12 14 0.668
36 504 13 15 0.644
848 492 13 16 0.639
708 545 15 17 0.628
804 512 13 16 0.627
872 527 15 17 0.617
969 550 16 17 0.616
934 498 12 15 0.578
12 509 12 15 0.566
27 538 14 17 0.561
100 488 13 14 0.549
35 480 11 13 0.544
913 538 13 17 0.544
36 528 13 15 0.512
104 528 12 14 0.508
722 470 11 14 0.507
74 492 11 13 0.479
56 458 12 14 0.465
1004 519 16 16 0.459
787 491 11 15 0.443
66 515 11 13 0.429
35 439 10 12 0.412
82 470 12 13 0.411
792 524 12 16 0.389
917 513 12 15 0.387
129 552 13 16 0.385
986 461 12 14 0.370
323 527 12 13 0.360
770 452 11 13 0.354
722 512 13 17 0.353
964 500 12 14 0.351
12 554 15 19 0.336
898 461 12 14 0.331
762 524 14 15 0.330
948 542 14 16 0.304
812 556 16 18 0.297
62 549 14 15 0.285
69 527 12 19 0.284
107 471 10 12 0.284
728 436 10 12 0.283
86 536 12 14 0.283
684 536 15 18 0.282
84 446 10 11 0.278
1 444 8 12 0.273
354 439 13 15 0.254
13 474 11 16 0.235
889 470 14 17 0.234
932 533 12 14 0.233
11 450 11 13 0.228
992 494 14 16 0.228
756 518 13 17 0.223
26 531 23 18 0.222
732 531 13 15 0.220
675 524 17 26 0.219
47 417 9 12 0.219
1015 471 9 15 0.218
48 403 8 11 0.217
987 523 12 14 0.217
75 455 11 13 0.215
830 443 10 11 0.211
67 470 11 13 0.201
135 525 11 14 0.201
880 489 12 15 0.198
99 506 12 25 0.196
1010 440 11 13 0.194
704 463 12 14 0.191
923 509 15 15 0.190
911 484 12 15 0.189
672 533 27 21 0.188
349 501 11 15 0.187
50 434 10 13 0.185
56 456 21 12 0.170
820 495 11 14 0.166
748 439 11 12 0.164
855 538 17 28 0.161
892 465 16 17 0.160
28 434 11 13 0.160
753 489 13 16 0.157
790 470 11 13 0.153
805 538 14 18 0.151
68 436 10 14 0.151
339 484 9 12 0.150
962 442 12 13 0.145
101 455 9 14 0.145
8 548 15 18 0.144
13 462 10 26 0.142
855 531 12 14 0.135
11 482 12 16 0.134
332 443 13 14 0.131
17 540 20 24 0.129
58 461 11 14 0.129
103 443 10 11 0.128
79 419 10 11 0.127
806 456 10 12 0.125
876 497 12 16 0.122
963 463 12 15 0.122
104 469 10 36 0.120
63 541 14 28 0.117
812 529 13 15 0.117
1 483 8 21 0.114
913 511 13 15 0.112
999 488 13 14 0.112
1005 524 15 19 0.110
855 530 21 14 0.110
1006 533 13 15 0.108
758 524 33 15 0.108
671 535 15 20 0.107
99 485 12 47 0.107
102 502 12 49 0.106
0 419 8 12 0.105
306 522 10 13 0.105
76 418 9 11 0.101
948 533 15 20 0.099
1012 434 11 15 0.097
873 499 13 15 0.096
124 458 11 14 0.096
80 462 12 29 0.095
789 493 12 17 0.092
0 478 14 17 0.088
766 561 15 12 0.087
34 484 13 46 0.087
126 493 12 15 0.087
52 421 9 28 0.087
754 504 12 22 0.085
920 471 12 15 0.085
23 409 9 15 0.082
28 481 13 15 0.081
927 493 15 17 0.081
897 537 15 22 0.081
953 526 13 15 0.080
134 526 25 12 0.078
727 488 12 15 0.078
711 548 16 18 0.075
114 477 16 13 0.075
5 544 14 16 0.074
25 454 13 15 0.074
901 514 13 16 0.072
321 482 10 12 0.071
816 545 15 20 0.071
846 464 13 13 0.070
772 497 12 16 0.067
330 431 12 14 0.067
21 527 15 16 0.066
63 394 17 9 0.064
16 511 13 19 0.064
63 430 17 16 0.063
988 443 12 15 0.063
37 467 14 23 0.061
114 446 12 12 0.058
916 442 10 13 0.058
980 529 13 16 0.057
791 519 13 16 0.057
691 461 16 15 0.056
753 554 15 16 0.055
978 519 35 19 0.055
24 460 14 20 0.055
814 475 12 14 0.054
21 404 10 19 0.054
2 403 10 13 0.053
961 474 14 22 0.053
761 559 16 15 0.053
367 447 12 19 0.053
119 452 17 19 0.053
120 485 14 23 0.053
0 518 10 18 0.052
797 425 9 10 0.052
810 456 11 12 0.052
909 386 10 11 0.052
830 442 15 16 0.050
962 550 16 17 0.050
120 478 12 15 0.049
937 404 10 12 0.048
113 499 13 15 0.047
962 437 13 32 0.047
42 502 13 16 0.045
954 497 60 17 0.045
692 454 11 25 0.045
323 516 11 15 0.045
9 437 13 42 0.044
984 519 12 15 0.044
151 528 13 14 0.044
57 537 46 29 0.043
988 450 13 46 0.043
807 490 18 16 0.043
117 426 10 11 0.043
936 494 25 19 0.043
894 527 20 22 0.042
713 422 13 16 0.042
725 530 13 17 0.041
15 424 15 19 0.040
847 444 12 15 0.040
964 494 18 19 0.040
87 445 21 23 0.040
19 405 8 30 0.039
800 441 9 11 0.038
755 477 12 76 0.038
744 399 10 12 0.037
756 544 14 19 0.037
753 439 10 12 0.036
354 443 23 24 0.036
930 381 10 11 0.036
47 492 13 16 0.035
669 501 13 14 0.034
10 403 20 14 0.034
950 386 10 11 0.034
143 544 11 19 0.033
329 479 15 15 0.033
1005 407 10 12 0.032
930 513 15 17 0.032
969 402 10 12 0.032
723 548 14 17 0.032
802 454 15 19 0.031
887 386 11 14 0.031
42 526 18 14 0.031
78 393 8 30 0.031
825 553 15 17 0.031
959 429 12 16 0.030
988 392 10 12 0.030
59 372 21 16 0.030
72 337 8 9 0.029
681 543 14 17 0.028
848 446 10 29 0.028
916 444 11 18 0.028
320 505 12 24 0.028
850 452 12 17 0.027
12 431 11 88 0.027
823 544 15 18 0.027
918 479 27 85 0.027
0 373 16 21 0.026
868 442 12 13 0.026
35 439 12 26 0.026
815 471 15 15 0.026
35 471 12 102 0.025
55 415 14 87 0.025
701 426 10 15 0.025
836 463 17 14 0.024
891 532 14 20 0.024
818 493 21 15 0.024
131 494 11 15 0.023
803 554 13 16 0.023
703 425 15 16 0.023
922 475 28 44 0.023
725 415 12 100 0.023
932 478 20 15 0.022
911 415 11 13 0.022
65 361 11 27 0.022
24 487 64 52 0.021
852 545 13 20 0.021
25 373 16 20 0.021
881 464 19 19 0.021
48 377 14 40 0.021
952 385 12 16 0.021
759 537 15 19 0.020
390 448 15 18 0.020
1 376 11 25 0.020
94 517 52 56 0.020
