0_Parade_marchingband_1_373
143
571 465 25 28 0.830
281 460 34 38 0.827
109 458 34 39 0.825
678 454 23 27 0.794
244 429 25 30 0.786
537 440 21 24 0.774
158 431 21 25 0.773
790 448 18 21 0.766
367 430 16 21 0.765
409 459 23 26 0.764
204 455 19 22 0.747
628 441 20 22 0.747
519 432 15 17 0.736
744 465 19 22 0.728
14 407 18 22 0.725
612 437 14 17 0.719
894 444 14 16 0.716
860 441 16 18 0.715
762 433 12 15 0.715
710 431 13 15 0.713
840 442 16 17 0.698
823 432 14 16 0.690
915 439 14 16 0.686
737 418 13 14 0.678
486 421 14 18 0.675
933 438 12 15 0.672
594 430 12 14 0.639
435 432 12 14 0.631
962 427 11 13 0.617
57 423 15 18 0.608
468 408 10 13 0.534
204 404 12 15 0.473
666 445 14 17 0.411
76 450 20 24 0.407
879 432 11 13 0.406
950 433 12 14 0.397
213 385 10 12 0.364
224 429 14 16 0.357
775 421 9 12 0.322
699 426 9 12 0.321
973 403 10 11 0.293
12 500 19 25 0.251
46 395 12 16 0.238
669 405 10 10 0.230
798 395 8 9 0.217
806 421 11 12 0.214
975 381 8 10 0.209
503 425 12 14 0.201
563 399 8 11 0.201
23 383 13 17 0.198
595 431 24 15 0.182
823 393 10 10 0.175
836 382 8 9 0.173
888 396 8 10 0.172
503 411 10 12 0.161
90 454 18 26 0.157
853 406 10 11 0.149
766 431 12 16 0.138
659 427 11 13 0.135
946 379 9 11 0.134
825 395 10 10 0.128
582 403 9 10 0.125
331 384 13 15 0.118
870 405 10 10 0.118
922 393 9 10 0.105
672 403 10 10 0.103
344 458 12 16 0.102
928 434 46 15 0.089
142 391 12 14 0.088
854 406 18 11 0.086
207 397 13 16 0.085
456 433 15 15 0.083
644 395 9 10 0.076
976 400 11 12 0.076
768 381 9 11 0.075
3 389 10 11 0.074
698 402 11 12 0.067
776 392 9 9 0.067
47 389 10 14 0.064
18 385 32 36 0.059
138 415 14 17 0.059
1012 404 9 12 0.058
848 399 14 19 0.057
920 389 14 15 0.055
946 370 8 26 0.055
835 383 18 10 0.055
45 461 23 29 0.055
1004 426 11 12 0.054
148 387 14 15 0.049
856 434 17 23 0.048
68 409 14 18 0.048
1017 370 6 8 0.046
182 412 12 16 0.046
184 409 12 16 0.045
140 401 14 25 0.045
465 421 15 21 0.044
325 422 14 20 0.043
563 397 10 9 0.043
999 367 8 9 0.042
1012 383 10 16 0.041
771 384 9 15 0.040
980 427 11 13 0.040
776 390 8 17 0.040
560 400 14 17 0.039
460 430 14 18 0.037
400 433 12 18 0.036
911 389 17 11 0.035
975 381 15 14 0.034
585 404 11 11 0.034
467 429 12 16 0.033
698 405 10 23 0.033
577 397 9 9 0.033
454 425 13 17 0.032
853 383 10 17 0.032
1011 390 9 29 0.032
851 398 22 20 0.032
330 396 13 20 0.032
347 456 15 19 0.029
935 404 11 12 0.028
152 428 20 27 0.028
85 516 27 45 0.028
635 431 23 25 0.027
960 403 9 11 0.026
998 406 14 11 0.025
778 391 16 18 0.025
931 375 26 13 0.024
892 408 17 14 0.024
461 436 12 22 0.024
452 437 13 13 0.024
59 401 14 15 0.024
747 393 10 11 0.023
326 398 15 43 0.022
1002 382 16 19 0.022
909 368 9 17 0.022
726 412 8 12 0.022
605 395 10 10 0.021
924 363 9 10 0.021
642 397 22 9 0.021
152 382 11 12 0.021
951 364 13 8 0.020
850 404 16 15 0.020
1017 365 6 28 0.020
885 402 16 20 0.020
