0_Parade_marchingband_1_707
72
347 383 28 34 0.854
522 398 27 32 0.853
823 315 36 44 0.848
390 330 24 31 0.845
270 348 31 36 0.845
780 313 30 38 0.841
402 374 26 32 0.840
195 256 29 36 0.834
126 356 33 37 0.828
623 335 30 37 0.822
773 232 27 34 0.822
850 236 29 32 0.821
912 215 28 36 0.820
236 211 28 36 0.820
733 324 34 42 0.819
701 335 29 36 0.818
303 326 26 32 0.817
504 374 24 28 0.815
117 232 29 32 0.813
851 290 33 37 0.812
701 263 23 28 0.804
442 323 22 28 0.800
522 321 22 27 0.800
571 347 25 29 0.797
485 234 20 25 0.796
322 252 22 27 0.795
199 224 26 32 0.792
632 266 21 25 0.789
345 344 23 27 0.787
558 224 18 23 0.786
510 252 20 26 0.785
410 273 23 27 0.782
654 227 20 26 0.782
633 220 17 21 0.780
533 227 19 24 0.777
292 260 25 29 0.774
686 230 20 23 0.774
459 236 18 24 0.771
257 230 21 27 0.765
337 236 18 21 0.765
624 241 18 21 0.761
358 251 20 23 0.754
545 252 18 21 0.746
585 239 18 21 0.717
381 251 18 23 0.714
418 232 19 24 0.711
603 325 18 21 0.696
831 222 18 25 0.676
846 214 24 26 0.662
757 223 24 29 0.621
439 235 18 23 0.596
294 232 21 23 0.582
380 231 20 21 0.443
173 245 22 27 0.372
732 241 21 25 0.301
249 222 27 34 0.240
328 237 27 32 0.175
647 230 54 23 0.173
399 221 17 21 0.155
554 230 54 25 0.133
426 234 59 25 0.120
81 249 13 16 0.094
544 226 22 25 0.085
75 240 17 21 0.079
714 234 19 23 0.078
932 282 27 32 0.058
758 235 18 23 0.050
837 221 23 27 0.048
906 224 27 32 0.046
71 239 13 16 0.045
299 195 20 36 0.037
901 236 19 26 0.027
