0_Parade_Parade_0_726
44
585 106 73 89 0.865
202 110 48 62 0.856
444 149 70 91 0.855
233 194 56 67 0.847
284 99 49 64 0.823
388 111 45 56 0.822
315 196 61 72 0.821
816 173 72 85 0.817
75 131 51 63 0.815
922 149 60 73 0.809
140 107 50 56 0.809
616 12 29 33 0.799
23 127 22 27 0.785
735 133 32 41 0.780
518 138 26 33 0.776
992 173 32 88 0.763
36 149 23 29 0.733
261 117 26 36 0.730
463 115 29 31 0.723
540 118 17 23 0.645
0 199 23 66 0.643
721 112 32 40 0.511
73 104 16 21 0.470
567 145 18 27 0.152
457 118 23 27 0.149
0 128 6 19 0.147
380 126 34 43 0.133
0 154 11 30 0.102
45 144 23 30 0.062
748 112 23 31 0.056
71 108 22 33 0.055
578 136 32 46 0.052
375 145 20 29 0.050
91 106 22 23 0.048
571 139 19 29 0.046
240 116 25 42 0.045
570 151 24 28 0.036
267 125 26 35 0.033
744 118 31 44 0.031
332 157 24 28 0.028
420 130 23 39 0.027
314 102 26 46 0.025
376 131 24 35 0.022
86 102 22 20 0.020
