0_Parade_Parade_0_19
138
614 622 42 53 0.880
206 596 39 48 0.848
479 580 39 48 0.841
20 569 44 55 0.831
528 599 41 50 0.822
686 635 47 46 0.808
286 485 18 22 0.802
548 562 39 48 0.794
548 647 42 34 0.786
515 466 26 34 0.595
260 536 17 20 0.571
225 440 12 14 0.548
908 434 13 17 0.474
186 441 13 15 0.469
741 122 17 20 0.424
170 434 10 12 0.383
742 438 20 21 0.371
77 473 14 15 0.346
192 421 10 12 0.277
560 394 15 17 0.273
274 242 11 13 0.230
97 472 14 19 0.222
935 500 12 15 0.212
262 465 12 14 0.210
136 468 16 21 0.176
313 428 12 14 0.167
655 120 13 15 0.167
702 444 18 22 0.157
177 480 14 19 0.152
657 179 19 23 0.151
206 476 13 19 0.146
959 481 12 16 0.142
235 530 12 15 0.125
580 89 12 16 0.123
87 473 20 18 0.119
871 361 10 11 0.115
332 494 24 29 0.115
261 453 10 11 0.112
591 127 13 14 0.111
672 495 18 21 0.105
262 454 9 19 0.104
302 456 12 15 0.104
301 475 11 15 0.103
382 230 10 11 0.096
670 63 14 17 0.095
94 438 9 12 0.095
70 622 35 41 0.094
258 466 15 21 0.093
949 404 10 12 0.088
190 419 18 16 0.088
957 523 15 18 0.078
302 461 12 20 0.075
812 475 10 13 0.075
907 408 14 19 0.071
914 401 11 13 0.071
909 474 15 21 0.070
396 231 8 9 0.070
308 232 12 13 0.069
1 442 6 12 0.060
637 525 12 13 0.059
147 443 10 12 0.056
325 234 9 10 0.055
162 462 12 18 0.054
219 285 8 10 0.053
133 469 35 20 0.050
93 439 21 12 0.048
121 455 11 15 0.048
344 261 9 10 0.048
898 579 19 26 0.048
296 461 15 43 0.047
40 418 10 12 0.046
833 386 12 13 0.045
793 471 12 16 0.045
943 409 11 14 0.042
1016 487 7 16 0.041
69 443 11 13 0.041
310 430 12 13 0.040
151 465 24 18 0.040
252 474 15 22 0.039
78 466 15 36 0.038
247 478 16 24 0.038
946 406 12 15 0.038
512 475 19 29 0.038
171 315 8 10 0.038
108 440 13 16 0.037
247 506 15 17 0.037
1016 533 8 22 0.037
260 260 9 11 0.037
935 488 28 30 0.036
242 283 9 10 0.036
46 476 12 15 0.035
874 359 9 11 0.035
38 451 11 13 0.035
119 422 10 13 0.034
143 474 13 18 0.034
90 412 9 11 0.034
938 415 11 14 0.033
68 504 17 21 0.033
379 234 10 15 0.032
215 428 10 11 0.032
333 475 22 40 0.030
840 381 13 14 0.030
140 417 11 13 0.030
678 127 13 14 0.029
691 446 23 24 0.029
319 501 12 17 0.029
338 466 14 20 0.029
701 451 19 24 0.029
281 236 10 11 0.028
743 428 21 25 0.028
333 475 16 24 0.028
637 565 36 44 0.027
66 441 11 16 0.027
113 501 18 27 0.027
165 399 10 20 0.026
1018 462 6 15 0.026
88 455 12 14 0.026
177 299 8 8 0.026
861 455 13 18 0.026
167 408 10 18 0.026
964 481 16 15 0.026
297 429 20 14 0.026
197 477 17 21 0.026
686 440 14 19 0.025
86 414 13 13 0.024
114 420 17 13 0.024
73 506 17 21 0.024
905 478 13 15 0.023
107 421 8 29 0.023
246 482 15 34 0.023
770 435 14 17 0.023
939 362 9 11 0.022
567 326 12 15 0.021
61 432 9 10 0.021
193 386 8 8 0.021
837 384 14 16 0.021
484 408 16 19 0.020
40 417 17 12 0.020
