0_Parade_marchingband_1_587
44
747 33 28 34 0.839
442 63 23 28 0.820
653 99 23 30 0.819
121 84 19 24 0.803
865 22 28 35 0.801
320 90 25 30 0.787
514 83 20 26 0.779
269 76 24 30 0.778
922 62 24 31 0.772
369 84 19 23 0.768
595 57 23 27 0.743
213 60 23 26 0.716
957 62 23 28 0.668
529 69 16 22 0.552
657 84 18 23 0.512
315 80 20 28 0.473
494 74 17 21 0.445
247 69 17 23 0.347
522 73 19 30 0.344
178 56 19 21 0.341
71 54 15 19 0.231
148 36 18 23 0.218
304 74 15 18 0.202
408 104 17 24 0.141
247 65 14 20 0.105
638 88 17 21 0.092
845 35 23 29 0.078
1008 68 15 27 0.078
909 48 18 28 0.076
735 59 17 23 0.073
678 23 22 28 0.071
796 45 19 25 0.070
461 77 16 22 0.061
252 72 18 23 0.052
994 40 10 11 0.029
632 79 22 23 0.028
73 61 14 18 0.027
153 106 24 20 0.027
183 61 18 22 0.026
492 66 18 23 0.025
778 51 19 24 0.024
579 49 15 21 0.023
990 39 13 16 0.022
854 49 18 21 0.021
