29_Students_Schoolkids_Students_Schoolkids_29_417
52
317 346 25 31 0.842
380 367 23 27 0.833
141 528 34 37 0.833
462 351 23 28 0.830
849 391 30 34 0.820
544 521 28 34 0.820
67 531 36 39 0.817
203 386 26 30 0.804
723 381 26 30 0.803
721 313 28 34 0.800
602 363 23 28 0.799
402 343 23 27 0.795
629 289 26 31 0.794
140 384 28 30 0.793
309 414 25 28 0.791
659 359 24 29 0.789
515 329 23 27 0.787
719 500 32 35 0.772
616 410 25 29 0.770
233 511 32 33 0.756
487 408 24 27 0.753
267 373 25 31 0.752
293 513 28 33 0.751
440 420 23 27 0.746
365 413 23 27 0.743
477 530 29 33 0.733
268 327 23 26 0.726
547 406 25 28 0.726
535 362 24 26 0.718
780 392 27 31 0.713
488 369 23 25 0.705
601 528 29 31 0.641
360 525 29 30 0.631
664 399 25 28 0.600
364 495 29 31 0.569
418 527 28 29 0.526
418 497 24 24 0.152
641 589 39 45 0.133
241 504 28 31 0.123
334 579 30 35 0.116
225 570 27 29 0.106
418 617 31 34 0.102
365 510 26 42 0.079
600 510 22 25 0.072
270 317 23 27 0.063
228 602 36 37 0.046
381 440 23 25 0.045
581 471 20 21 0.036
271 367 27 30 0.035
299 509 23 27 0.031
61 288 10 12 0.028
334 568 26 29 0.027
