29_Students_Schoolkids_Students_Schoolkids_29_302
29
961 75 37 48 0.843
901 55 28 36 0.842
458 348 44 57 0.835
139 0 35 30 0.800
393 110 36 47 0.791
319 4 28 36 0.699
630 14 26 29 0.640
439 0 31 25 0.532
407 0 26 18 0.523
561 0 28 19 0.493
455 0 27 25 0.289
881 0 19 18 0.170
212 199 30 30 0.117
292 0 22 22 0.109
826 4 19 20 0.104
957 0 26 9 0.102
466 0 19 25 0.086
694 48 22 25 0.078
340 0 24 29 0.066
538 3 21 22 0.060
542 1 28 23 0.052
71 15 22 23 0.049
709 50 24 27 0.041
186 11 22 27 0.038
1009 129 15 34 0.032
716 0 20 9 0.030
638 22 27 24 0.028
554 0 25 17 0.025
0 0 9 28 0.022
