29_Students_Schoolkids_Students_Schoolkids_29_437
51
379 95 30 43 0.848
481 59 55 67 0.844
987 109 37 62 0.833
636 97 46 53 0.833
222 79 32 40 0.814
577 58 31 40 0.810
531 54 25 31 0.810
759 116 44 61 0.806
941 146 55 58 0.788
190 81 21 26 0.783
59 84 23 29 0.782
123 80 21 26 0.773
9 94 17 21 0.766
541 96 31 41 0.759
813 77 39 45 0.750
286 62 26 32 0.733
338 85 29 37 0.722
899 89 41 50 0.713
322 84 36 40 0.702
91 87 19 22 0.694
994 49 28 42 0.664
661 66 28 36 0.663
161 92 20 23 0.646
726 67 36 46 0.596
827 59 32 42 0.558
793 61 34 43 0.557
434 91 30 38 0.555
429 68 30 37 0.361
612 82 24 34 0.223
294 82 22 29 0.187
264 78 18 23 0.178
413 67 35 35 0.156
290 70 27 33 0.114
868 60 25 34 0.097
689 81 24 27 0.092
522 50 35 47 0.091
959 64 34 43 0.084
167 87 23 23 0.059
319 66 26 29 0.055
972 55 45 51 0.054
321 70 28 39 0.041
1 81 10 18 0.035
284 71 22 26 0.035
898 74 41 48 0.033
797 69 24 30 0.026
347 86 25 31 0.024
989 62 33 75 0.023
443 79 30 39 0.022
410 58 31 33 0.022
258 81 20 24 0.021
868 58 20 23 0.020
