29_Students_Schoolkids_Students_Schoolkids_29_178
51
860 67 28 34 0.801
0 29 8 20 0.530
303 251 26 31 0.419
580 238 30 32 0.376
187 232 24 24 0.372
629 288 28 26 0.346
437 285 30 27 0.338
66 301 30 29 0.258
675 319 30 31 0.209
625 280 40 32 0.206
492 359 33 33 0.204
433 269 31 38 0.202
617 268 43 35 0.168
57 308 35 26 0.149
771 347 31 40 0.135
0 239 16 24 0.130
310 239 23 30 0.128
584 246 37 30 0.121
233 273 22 25 0.119
448 281 31 28 0.108
602 262 30 28 0.101
636 272 41 35 0.087
298 260 26 30 0.083
441 292 21 23 0.079
257 249 23 28 0.075
608 268 35 31 0.072
424 232 28 29 0.071
650 285 38 35 0.067
510 341 43 43 0.062
427 240 32 57 0.061
577 461 64 54 0.060
493 352 55 46 0.051
899 90 15 19 0.050
38 6 11 12 0.050
577 232 28 26 0.047
515 353 45 44 0.046
103 276 34 30 0.044
246 255 34 39 0.038
419 235 25 27 0.035
200 429 50 59 0.035
660 301 37 30 0.035
100 266 35 31 0.034
210 190 22 23 0.032
986 61 14 19 0.031
187 242 20 19 0.030
410 248 24 28 0.029
698 320 39 32 0.028
0 36 7 21 0.021
632 296 38 26 0.021
611 459 51 41 0.021
710 10 10 13 0.020
