29_Students_Schoolkids_Students_Schoolkids_29_842
52
272 224 38 48 0.855
70 217 46 54 0.849
188 203 43 59 0.846
535 210 33 41 0.821
798 181 32 39 0.817
385 211 33 48 0.810
443 218 30 42 0.803
755 202 31 36 0.798
479 138 33 43 0.793
661 195 32 41 0.784
488 195 29 38 0.773
330 202 29 44 0.773
832 205 31 35 0.730
713 196 32 40 0.720
644 176 28 32 0.410
560 151 16 20 0.344
723 164 18 22 0.212
594 168 22 32 0.111
641 138 13 16 0.108
563 146 14 18 0.107
667 193 42 46 0.103
212 183 20 27 0.102
871 193 29 37 0.092
587 145 11 13 0.084
627 156 13 13 0.083
699 161 17 24 0.064
257 227 23 33 0.063
567 145 31 15 0.057
331 117 10 10 0.055
703 162 25 27 0.049
610 169 19 25 0.044
641 135 17 30 0.042
758 159 11 12 0.038
404 176 18 21 0.037
822 117 18 22 0.037
213 188 23 35 0.036
956 265 19 17 0.034
311 196 30 43 0.032
945 277 17 19 0.028
673 201 26 34 0.026
580 142 10 11 0.026
652 151 15 23 0.025
303 203 31 43 0.024
699 156 14 17 0.023
986 263 20 20 0.023
628 152 20 21 0.022
564 150 16 20 0.021
951 279 16 18 0.021
948 260 19 19 0.021
594 145 11 13 0.021
762 159 15 12 0.020
730 166 15 19 0.020
