29_Students_Schoolkids_Students_Schoolkids_29_214
108
826 241 118 140 0.863
601 187 56 72 0.859
462 177 64 78 0.858
386 182 80 93 0.855
659 127 57 70 0.852
71 212 100 110 0.845
306 268 82 104 0.841
529 160 33 42 0.839
546 226 67 78 0.827
93 320 112 151 0.816
207 309 100 130 0.800
37 141 84 93 0.791
253 195 75 87 0.759
929 170 54 63 0.734
996 109 14 16 0.718
431 109 56 67 0.690
910 135 29 36 0.682
277 107 20 23 0.665
987 92 15 18 0.660
845 127 20 26 0.659
819 100 10 13 0.609
161 121 20 27 0.587
709 105 13 15 0.586
906 112 15 17 0.559
848 107 11 13 0.549
863 96 11 14 0.526
218 138 56 64 0.524
954 100 10 12 0.523
617 113 10 12 0.504
401 110 21 25 0.504
1015 101 9 13 0.491
583 116 10 12 0.453
726 111 13 14 0.450
310 147 25 30 0.449
570 108 11 13 0.388
189 113 20 27 0.387
0 247 21 89 0.374
500 123 13 16 0.331
809 74 10 12 0.326
635 117 11 12 0.308
828 123 13 16 0.278
743 165 33 37 0.271
577 114 15 14 0.257
859 152 24 25 0.234
792 105 12 14 0.233
879 106 11 13 0.226
993 100 16 24 0.208
760 154 29 42 0.206
346 127 17 22 0.198
707 107 30 13 0.197
542 131 13 17 0.197
378 106 14 15 0.186
944 125 15 21 0.185
524 125 13 16 0.169
550 122 14 15 0.149
615 115 31 11 0.142
704 103 22 26 0.132
901 98 11 13 0.128
635 118 14 19 0.123
853 100 20 15 0.120
554 122 13 14 0.116
329 182 33 51 0.111
352 110 14 18 0.111
497 123 24 16 0.105
402 106 18 20 0.094
977 95 18 15 0.088
734 169 34 37 0.087
512 134 14 17 0.086
791 105 16 21 0.085
305 176 39 51 0.081
749 98 10 11 0.080
183 114 19 27 0.080
916 118 21 23 0.079
934 124 23 21 0.076
337 128 16 20 0.073
819 93 21 44 0.065
270 132 20 26 0.065
974 102 12 13 0.063
572 114 39 14 0.060
636 122 17 28 0.058
849 118 23 49 0.053
745 94 11 11 0.052
496 123 40 20 0.052
154 119 21 30 0.052
810 128 18 20 0.052
471 114 20 33 0.050
310 123 18 22 0.049
551 118 24 16 0.043
739 104 15 14 0.043
350 109 46 16 0.040
808 112 14 24 0.039
850 151 21 26 0.037
294 178 38 47 0.036
802 108 21 17 0.036
574 145 18 21 0.035
615 135 15 18 0.035
318 174 41 45 0.033
208 154 39 51 0.030
946 171 48 51 0.029
862 160 26 26 0.028
463 122 29 39 0.028
719 168 36 40 0.027
940 126 24 28 0.026
752 96 10 10 0.024
313 156 29 41 0.023
318 144 22 32 0.022
992 91 13 16 0.021
754 105 14 14 0.021
