29_Students_Schoolkids_Students_Schoolkids_29_746
42
625 301 24 28 0.788
766 381 25 33 0.776
476 183 17 21 0.745
558 309 18 22 0.624
939 238 21 31 0.616
371 276 15 18 0.612
678 396 25 25 0.607
398 177 17 19 0.594
387 292 18 22 0.558
612 255 23 28 0.490
426 281 15 17 0.439
368 223 14 16 0.413
596 251 22 22 0.362
830 341 21 31 0.354
418 80 14 17 0.308
344 139 13 15 0.298
302 191 14 16 0.190
315 383 20 22 0.181
462 214 16 21 0.162
424 142 17 19 0.156
290 81 13 15 0.099
671 395 23 26 0.089
347 245 17 21 0.075
823 342 21 28 0.056
434 294 23 25 0.055
423 287 18 22 0.047
458 202 15 18 0.045
417 142 15 18 0.042
423 82 14 16 0.037
929 241 19 31 0.036
316 271 17 19 0.035
366 280 18 18 0.026
347 135 12 15 0.024
305 201 15 22 0.024
835 345 24 30 0.024
354 233 17 20 0.024
415 83 14 18 0.023
346 142 14 16 0.023
395 173 14 20 0.022
568 311 17 21 0.022
288 88 16 20 0.021
342 145 16 19 0.020
