29_Students_Schoolkids_Students_Schoolkids_29_699
509
747 597 18 22 0.769
496 629 20 22 0.755
345 548 15 22 0.754
573 552 16 18 0.741
425 596 18 21 0.726
787 542 16 20 0.720
572 476 13 15 0.716
657 459 14 17 0.709
379 571 17 20 0.704
537 651 21 25 0.698
445 501 13 15 0.671
487 411 10 12 0.669
608 481 13 16 0.644
488 510 12 16 0.643
730 516 16 17 0.638
819 425 12 14 0.634
814 366 9 11 0.624
419 489 13 16 0.621
293 529 14 18 0.618
684 500 14 18 0.611
816 402 11 13 0.602
364 466 13 15 0.597
711 346 10 13 0.561
615 439 11 14 0.560
241 517 16 18 0.540
650 407 10 12 0.535
856 386 9 11 0.529
316 405 11 12 0.522
867 439 12 15 0.516
557 355 9 11 0.514
690 416 11 13 0.504
726 406 12 14 0.492
880 373 11 13 0.492
493 372 10 12 0.488
116 395 11 12 0.472
733 384 10 11 0.465
721 468 13 15 0.463
418 431 11 14 0.459
197 490 14 17 0.457
664 374 9 11 0.446
646 594 18 21 0.433
619 400 10 11 0.428
565 398 12 14 0.427
692 380 10 11 0.427
231 527 19 21 0.421
526 347 9 11 0.411
902 372 10 12 0.410
918 403 11 12 0.396
741 368 10 11 0.387
166 470 13 14 0.375
25 389 11 12 0.368
782 359 9 12 0.361
774 353 9 11 0.361
383 347 9 10 0.352
913 359 10 12 0.348
234 521 18 22 0.347
951 360 9 12 0.342
332 411 11 12 0.328
963 337 10 10 0.322
775 355 10 11 0.306
374 372 10 11 0.304
675 352 10 12 0.299
84 416 11 13 0.287
464 366 10 12 0.286
597 374 10 12 0.283
686 360 9 11 0.282
737 347 10 11 0.280
799 335 10 10 0.275
930 475 15 17 0.269
622 408 11 13 0.268
630 379 11 13 0.263
637 367 9 13 0.254
843 366 11 12 0.254
468 347 9 11 0.247
506 351 9 11 0.246
516 554 15 18 0.241
1 388 9 15 0.238
905 369 11 14 0.234
872 348 11 12 0.234
103 454 14 16 0.227
677 354 12 12 0.225
865 416 12 14 0.202
72 430 10 13 0.194
387 387 10 12 0.193
581 365 10 13 0.190
223 435 12 14 0.189
781 285 9 10 0.186
258 443 14 15 0.185
148 345 9 10 0.185
897 337 11 13 0.184
422 394 10 10 0.183
507 352 10 12 0.181
253 434 14 17 0.179
610 343 9 11 0.178
162 467 13 16 0.174
396 397 12 13 0.172
971 354 11 12 0.168
324 371 11 13 0.163
918 301 9 9 0.160
643 345 9 10 0.159
816 401 11 31 0.157
611 345 13 11 0.154
723 400 11 14 0.148
744 323 8 10 0.147
422 316 8 9 0.145
590 312 7 9 0.144
891 335 12 10 0.142
766 308 8 10 0.142
809 324 10 11 0.142
288 358 11 12 0.141
647 589 16 20 0.140
556 332 9 11 0.140
253 428 11 13 0.139
618 349 9 10 0.138
333 341 9 11 0.137
905 345 10 11 0.136
585 362 9 11 0.136
260 529 14 18 0.136
764 335 9 11 0.136
212 511 15 18 0.135
410 362 10 12 0.133
300 559 19 24 0.133
295 451 14 17 0.133
164 470 24 19 0.133
97 359 9 10 0.131
727 397 12 24 0.129
123 315 7 9 0.129
662 380 9 12 0.128
836 330 9 12 0.127
458 323 10 10 0.123
997 338 9 11 0.122
937 325 9 10 0.121
65 414 11 13 0.119
313 337 9 11 0.119
948 341 9 11 0.117
293 365 11 14 0.117
105 309 9 10 0.116
565 457 12 14 0.115
515 349 21 10 0.114
263 356 10 12 0.113
878 376 10 11 0.110
517 378 10 11 0.109
205 378 11 12 0.109
584 371 23 13 0.109
514 418 11 14 0.107
722 459 14 17 0.105
541 437 13 15 0.101
244 354 11 12 0.101
518 382 12 15 0.100
841 304 8 9 0.099
886 354 9 12 0.098
474 376 10 11 0.098
561 478 67 14 0.098
878 402 12 14 0.097
321 366 11 12 0.097
198 376 11 12 0.096
658 336 10 10 0.094
618 328 8 11 0.092
873 290 7 19 0.092
869 412 13 14 0.092
494 329 10 11 0.092
146 323 8 9 0.091
638 360 9 12 0.091
384 327 9 16 0.090
733 377 12 20 0.089
236 375 11 13 0.088
243 377 12 17 0.087
960 317 10 10 0.087
180 306 9 10 0.087
840 321 9 10 0.086
745 281 9 12 0.085
29 350 8 9 0.084
159 460 11 16 0.084
866 423 13 27 0.083
67 321 7 9 0.082
473 307 9 11 0.081
200 398 12 14 0.080
668 325 8 13 0.080
639 354 9 27 0.079
779 319 10 11 0.079
288 442 13 18 0.078
202 376 12 12 0.078
875 372 19 16 0.078
140 389 13 13 0.077
675 492 21 21 0.077
389 388 12 19 0.077
865 306 10 9 0.077
635 329 10 12 0.076
0 388 26 15 0.076
620 393 11 32 0.075
252 346 12 13 0.075
7 435 13 15 0.075
807 341 10 11 0.075
348 323 9 10 0.075
899 322 8 15 0.075
998 330 10 21 0.074
948 359 30 10 0.074
562 385 10 12 0.074
534 357 10 11 0.074
868 346 11 12 0.073
678 310 9 10 0.072
97 327 8 9 0.072
659 285 8 16 0.071
242 355 9 11 0.071
348 345 10 11 0.071
452 322 17 10 0.071
560 355 8 11 0.070
532 420 11 13 0.069
474 325 9 10 0.068
526 469 13 16 0.068
290 360 12 16 0.067
456 305 10 9 0.066
873 296 9 15 0.066
991 303 7 23 0.066
181 354 8 9 0.065
285 361 14 14 0.063
98 329 9 11 0.063
148 323 9 10 0.062
67 411 11 24 0.062
782 274 7 28 0.061
448 339 11 10 0.061
528 348 10 12 0.060
834 334 10 13 0.060
362 458 13 19 0.060
512 315 9 11 0.060
936 302 10 14 0.059
434 338 10 11 0.058
523 387 12 13 0.058
39 402 12 12 0.058
536 644 20 23 0.058
784 264 7 21 0.058
953 289 7 25 0.058
232 376 12 19 0.057
104 310 8 14 0.057
524 418 15 13 0.057
202 428 11 13 0.056
357 436 14 16 0.056
888 389 12 20 0.056
206 291 8 8 0.055
898 292 19 9 0.055
869 332 17 10 0.055
641 597 20 23 0.054
387 319 8 24 0.054
210 380 12 13 0.054
430 337 11 11 0.053
869 330 8 10 0.052
20 254 6 7 0.052
0 372 8 16 0.052
921 290 8 25 0.052
956 364 12 12 0.052
719 260 8 21 0.051
859 410 14 18 0.051
192 406 15 17 0.051
308 367 18 13 0.051
49 310 9 9 0.050
942 360 14 11 0.050
39 436 14 16 0.050
227 437 14 15 0.050
312 403 12 15 0.050
948 299 17 15 0.050
853 408 12 14 0.050
605 288 8 14 0.049
572 402 18 13 0.049
925 215 7 7 0.049
548 304 11 9 0.049
78 366 11 12 0.048
34 434 21 17 0.048
487 327 15 10 0.048
944 336 17 15 0.047
615 327 9 22 0.047
282 330 9 9 0.047
506 414 12 14 0.047
901 321 10 12 0.047
64 422 20 25 0.047
81 367 12 18 0.047
509 278 9 13 0.046
394 314 10 9 0.046
254 355 20 14 0.046
370 373 11 13 0.046
1015 314 8 23 0.045
536 360 11 12 0.045
225 344 11 12 0.045
214 314 9 9 0.045
418 433 14 15 0.045
695 419 13 16 0.045
158 359 9 10 0.045
515 333 11 10 0.045
938 291 7 30 0.045
924 474 16 18 0.044
944 208 7 6 0.044
452 204 6 7 0.044
820 283 7 31 0.044
461 314 7 40 0.044
990 301 7 40 0.043
949 359 14 17 0.043
941 364 10 11 0.043
969 341 18 27 0.043
291 354 9 12 0.043
453 307 30 8 0.043
606 289 11 12 0.042
219 349 9 10 0.042
381 394 12 14 0.041
1005 356 10 12 0.041
732 406 13 13 0.041
803 317 12 18 0.041
7 281 9 9 0.041
401 359 17 12 0.041
1 264 6 8 0.041
101 417 11 12 0.040
579 372 11 12 0.039
553 321 11 20 0.039
157 456 12 15 0.039
883 272 10 30 0.039
1014 286 8 27 0.039
100 362 9 11 0.039
589 399 13 13 0.039
702 308 12 13 0.039
509 380 24 19 0.038
130 384 12 15 0.038
644 280 7 23 0.038
367 329 20 9 0.038
375 310 8 10 0.038
546 323 9 9 0.038
286 440 13 16 0.038
363 326 14 12 0.037
170 363 10 10 0.037
243 383 13 16 0.037
225 295 8 20 0.037
650 337 18 15 0.037
974 268 7 36 0.037
229 385 11 12 0.037
29 433 14 15 0.036
664 304 18 11 0.036
442 319 9 11 0.036
317 316 20 10 0.036
789 379 9 13 0.036
0 200 7 10 0.036
421 400 10 14 0.036
196 396 14 25 0.036
252 440 14 16 0.036
328 317 18 10 0.036
141 391 16 16 0.036
624 329 23 10 0.035
867 392 18 42 0.035
114 313 18 10 0.035
157 350 9 20 0.035
880 337 17 26 0.035
640 276 13 22 0.035
976 313 11 29 0.035
262 385 10 12 0.034
240 371 15 30 0.034
327 375 12 14 0.034
893 296 7 23 0.034
69 319 8 10 0.034
565 303 16 9 0.034
662 328 14 18 0.034
366 458 15 19 0.034
894 303 12 17 0.034
724 455 15 18 0.034
433 260 8 33 0.033
490 309 9 31 0.033
256 359 14 13 0.033
526 289 11 9 0.033
307 369 30 17 0.033
189 408 11 14 0.033
216 434 49 16 0.033
811 357 11 26 0.032
152 331 17 9 0.032
985 352 19 13 0.032
253 305 9 9 0.032
643 301 8 23 0.032
264 351 11 11 0.032
995 315 18 20 0.032
40 355 10 10 0.031
269 361 13 13 0.031
796 325 25 29 0.031
511 479 12 13 0.031
674 304 19 15 0.031
167 399 11 12 0.031
474 306 9 34 0.031
931 326 12 14 0.031
690 383 11 12 0.031
219 341 11 11 0.030
719 300 16 25 0.030
42 399 10 13 0.030
116 334 10 11 0.030
946 275 11 25 0.030
536 305 7 10 0.030
414 355 11 15 0.030
452 197 5 25 0.030
874 369 50 18 0.030
451 455 15 18 0.029
999 281 9 34 0.029
746 380 9 13 0.029
981 339 22 18 0.029
807 273 11 24 0.029
369 353 9 10 0.029
994 355 23 11 0.029
974 295 11 32 0.029
888 438 12 13 0.029
858 275 13 26 0.028
726 448 13 20 0.028
45 428 15 20 0.028
906 282 16 30 0.028
664 287 14 31 0.028
387 331 11 11 0.028
345 172 7 8 0.028
642 192 5 23 0.027
214 344 20 12 0.027
58 412 22 17 0.027
589 344 13 16 0.027
148 387 12 13 0.027
260 439 13 15 0.027
810 329 16 12 0.027
29 349 15 15 0.027
728 511 13 18 0.027
73 304 11 8 0.027
158 359 27 11 0.027
3 437 13 18 0.027
939 208 11 8 0.027
244 382 25 14 0.027
2 304 8 9 0.026
740 337 10 62 0.026
398 353 11 11 0.026
120 333 8 9 0.026
227 296 8 11 0.026
725 303 17 22 0.026
85 364 16 19 0.026
145 389 17 17 0.026
849 365 10 13 0.026
713 344 17 16 0.026
838 135 7 22 0.026
177 354 14 16 0.026
74 383 9 12 0.025
975 284 12 33 0.025
851 412 11 14 0.025
962 327 30 22 0.025
754 362 12 11 0.025
335 408 11 14 0.025
583 400 21 14 0.025
217 497 16 20 0.025
314 289 9 12 0.025
652 595 16 19 0.024
818 277 12 33 0.024
795 300 19 15 0.024
190 410 18 18 0.024
819 296 10 26 0.024
103 338 12 11 0.024
14 398 14 15 0.024
213 316 19 8 0.024
710 324 13 25 0.024
374 307 7 33 0.024
988 303 22 22 0.024
373 350 10 28 0.024
459 369 53 13 0.024
641 307 9 28 0.023
779 309 12 24 0.023
492 260 7 25 0.023
385 375 22 41 0.023
1012 321 10 31 0.023
630 324 13 18 0.023
361 429 13 15 0.023
989 258 9 36 0.023
45 407 19 15 0.023
512 422 13 16 0.023
748 315 22 19 0.023
434 204 6 7 0.023
910 269 9 40 0.023
515 561 15 17 0.023
164 329 12 11 0.023
1013 254 7 37 0.023
314 282 8 22 0.023
207 343 17 11 0.023
259 323 12 11 0.022
803 294 16 28 0.022
668 346 20 32 0.022
290 440 15 17 0.022
348 322 27 13 0.022
228 341 10 10 0.022
957 301 20 26 0.022
920 273 15 29 0.022
980 323 24 28 0.022
116 338 10 17 0.022
359 379 12 13 0.022
821 255 9 36 0.022
754 304 23 19 0.022
8 671 25 16 0.022
228 316 18 9 0.021
312 312 14 20 0.021
33 305 9 9 0.021
78 374 15 16 0.021
675 330 18 22 0.021
988 262 8 48 0.021
92 424 13 16 0.021
690 307 24 16 0.021
72 297 8 23 0.021
283 312 7 30 0.021
788 396 10 14 0.021
630 359 20 46 0.021
347 345 26 11 0.021
452 368 22 12 0.021
489 294 9 32 0.021
418 403 12 15 0.021
425 393 10 12 0.020
1012 296 12 31 0.020
53 418 19 18 0.020
1014 243 7 39 0.020
843 284 12 29 0.020
869 315 9 29 0.020
