29_Students_Schoolkids_Students_Schoolkids_29_618
23
171 136 95 115 0.875
604 163 96 114 0.873
423 145 93 122 0.868
524 63 35 41 0.805
784 58 28 38 0.795
977 77 30 41 0.782
1003 60 21 44 0.662
747 132 27 33 0.645
745 172 29 37 0.617
747 67 20 25 0.611
707 132 27 34 0.518
877 61 37 40 0.513
331 119 59 121 0.430
668 91 26 34 0.348
843 88 21 27 0.264
670 84 22 27 0.142
992 71 27 40 0.095
878 78 34 39 0.079
1008 76 16 44 0.049
651 85 19 24 0.049
654 85 26 29 0.042
810 167 26 30 0.036
718 66 21 25 0.027
