29_Students_Schoolkids_Students_Schoolkids_29_694
33
856 347 20 27 0.776
255 358 14 16 0.694
476 382 19 24 0.689
379 340 17 24 0.637
432 367 13 19 0.609
969 378 15 18 0.226
72 309 12 13 0.224
227 372 10 11 0.196
753 294 10 12 0.196
535 354 9 10 0.182
538 353 11 12 0.179
603 371 14 17 0.156
639 347 9 11 0.148
349 318 11 13 0.128
543 353 10 12 0.124
251 339 10 13 0.095
436 364 14 20 0.072
373 345 17 22 0.069
69 309 13 21 0.067
65 324 12 12 0.061
382 338 14 17 0.054
1017 358 7 30 0.052
533 354 7 10 0.040
251 336 10 12 0.034
0 349 7 15 0.034
106 322 9 9 0.032
132 402 13 19 0.030
397 359 12 14 0.028
747 357 8 11 0.027
1016 358 8 16 0.026
745 294 11 13 0.024
22 356 10 12 0.022
132 397 13 15 0.022
