29_Students_Schoolkids_Students_Schoolkids_29_770
128
794 209 16 20 0.739
387 166 19 24 0.683
307 185 22 24 0.612
891 216 8 10 0.578
713 184 17 22 0.467
1012 231 9 10 0.466
926 241 8 9 0.457
965 238 8 10 0.456
992 236 8 10 0.424
309 206 24 30 0.419
963 218 8 9 0.348
885 237 8 9 0.315
25 241 7 9 0.310
621 206 8 9 0.303
545 106 17 21 0.294
818 218 9 10 0.255
54 208 9 11 0.241
653 181 16 20 0.236
939 217 8 9 0.233
857 235 8 9 0.215
760 217 8 10 0.208
0 271 6 9 0.198
583 44 21 22 0.189
869 220 7 8 0.188
876 234 9 9 0.181
979 212 7 10 0.164
449 193 7 8 0.160
837 232 9 10 0.159
922 216 10 9 0.150
913 236 8 11 0.142
913 203 8 10 0.126
888 238 8 10 0.125
694 193 12 14 0.124
14 215 9 9 0.122
940 222 7 21 0.121
951 244 8 9 0.118
68 239 8 8 0.116
875 227 9 19 0.114
963 187 8 12 0.103
436 182 7 10 0.101
25 233 7 20 0.096
965 228 7 23 0.090
407 149 7 8 0.090
103 234 8 8 0.083
660 214 21 25 0.082
990 191 10 10 0.075
953 231 7 25 0.074
119 234 8 8 0.073
246 233 6 8 0.071
12 221 6 32 0.067
977 223 10 19 0.066
502 0 8 10 0.066
840 237 26 8 0.065
514 0 10 11 0.064
1011 182 8 10 0.063
993 231 31 10 0.062
968 214 20 11 0.061
934 230 31 9 0.061
466 71 11 12 0.060
748 213 10 10 0.057
887 220 8 29 0.056
40 212 11 11 0.054
506 0 21 11 0.054
359 181 8 10 0.053
495 239 8 9 0.051
755 192 8 8 0.050
596 224 6 7 0.049
608 227 6 7 0.049
657 179 17 19 0.046
977 212 22 16 0.041
433 164 7 8 0.040
54 204 15 15 0.038
846 213 18 12 0.038
812 238 12 18 0.038
814 197 12 17 0.037
628 186 8 17 0.037
0 220 10 22 0.037
759 216 13 14 0.036
1014 208 7 29 0.036
900 184 12 21 0.036
784 214 23 14 0.036
493 239 7 8 0.035
221 235 6 7 0.034
904 179 6 24 0.033
9 230 7 19 0.033
784 218 9 11 0.033
972 176 15 10 0.033
692 194 27 18 0.033
426 161 16 14 0.032
240 208 7 19 0.032
100 221 7 27 0.031
1014 194 7 28 0.031
355 203 9 13 0.031
1010 158 10 15 0.030
64 258 7 8 0.030
890 213 11 14 0.030
540 108 17 21 0.029
436 208 6 7 0.029
653 161 10 13 0.029
898 246 8 9 0.029
1012 175 7 41 0.029
620 202 11 15 0.028
244 231 10 12 0.028
1014 151 7 22 0.028
628 189 7 11 0.027
193 233 10 8 0.027
587 50 18 20 0.026
917 205 12 28 0.026
835 228 30 19 0.025
65 209 16 19 0.025
990 162 28 8 0.025
0 208 15 28 0.025
320 210 17 19 0.025
416 206 7 8 0.024
236 211 9 12 0.024
990 190 25 12 0.023
912 242 8 10 0.023
1009 170 7 28 0.022
995 210 20 24 0.022
126 233 9 7 0.022
894 198 8 31 0.022
793 198 10 9 0.022
546 99 18 20 0.022
715 195 21 22 0.021
771 234 9 9 0.021
13 201 10 31 0.021
820 194 11 23 0.021
642 185 26 16 0.020
