2_Demonstration_Demonstrators_2_78
24
592 53 75 97 0.867
688 329 107 142 0.853
328 175 31 40 0.816
516 221 101 100 0.764
194 241 8 9 0.609
21 180 35 52 0.596
233 217 9 11 0.525
254 217 9 11 0.422
959 458 22 27 0.332
768 119 28 38 0.198
928 483 18 21 0.098
360 176 12 19 0.094
884 453 16 21 0.089
248 218 9 10 0.056
294 238 7 9 0.054
18 195 29 44 0.046
393 186 41 36 0.046
995 48 23 51 0.039
390 193 30 32 0.036
1005 50 18 62 0.033
958 451 20 22 0.030
5 259 17 25 0.024
412 178 26 33 0.022
338 170 29 39 0.020
