2_Demonstration_Demonstrators_2_473
39
118 226 16 17 0.571
208 209 17 20 0.402
789 195 11 14 0.286
178 210 16 19 0.162
767 193 10 11 0.153
635 166 9 10 0.139
24 217 13 13 0.123
723 219 7 7 0.093
842 208 8 9 0.090
877 229 6 7 0.087
932 222 8 8 0.084
1009 230 8 10 0.083
823 220 8 8 0.079
583 188 19 26 0.068
995 219 7 9 0.066
878 226 5 7 0.063
642 177 10 12 0.057
187 209 24 20 0.054
929 221 8 8 0.054
304 230 9 9 0.053
155 205 15 18 0.052
45 224 11 11 0.051
485 180 10 12 0.048
481 182 10 11 0.045
1006 218 8 10 0.041
771 191 13 15 0.035
168 209 25 18 0.030
1 212 11 15 0.030
634 164 12 16 0.030
992 220 23 8 0.029
17 217 12 12 0.027
1 184 9 18 0.025
26 213 13 12 0.025
213 214 14 16 0.024
38 215 16 19 0.024
476 185 13 10 0.023
823 214 16 11 0.022
253 220 12 10 0.022
245 220 11 11 0.020
