2_Demonstration_Political_Rally_2_68
52
820 434 15 18 0.769
567 428 17 21 0.687
344 470 14 17 0.669
407 447 15 17 0.565
718 438 12 16 0.545
952 528 11 13 0.531
926 516 11 13 0.526
632 553 23 28 0.460
781 432 14 18 0.451
999 571 24 28 0.426
982 517 13 15 0.390
907 522 12 14 0.386
1001 523 11 14 0.322
684 649 32 35 0.295
979 524 14 16 0.217
0 537 31 75 0.200
215 477 10 12 0.187
988 521 16 15 0.186
780 440 15 17 0.145
864 477 9 11 0.139
974 550 13 15 0.139
910 518 27 16 0.137
763 543 16 20 0.133
614 548 12 15 0.081
598 577 24 28 0.081
871 438 16 18 0.079
957 518 13 17 0.075
670 584 14 27 0.065
547 487 13 15 0.055
118 577 30 34 0.051
713 517 10 13 0.047
234 479 9 10 0.046
539 519 13 16 0.043
595 447 9 13 0.042
1015 539 9 15 0.041
184 368 48 52 0.039
960 516 10 11 0.037
78 542 21 23 0.036
835 333 9 10 0.035
982 531 14 15 0.033
951 529 11 17 0.028
862 515 8 10 0.027
538 519 13 29 0.027
867 439 13 17 0.026
853 476 10 13 0.026
0 555 21 54 0.025
756 546 46 28 0.025
365 556 17 18 0.025
210 473 12 13 0.024
790 558 25 30 0.024
343 444 10 13 0.022
565 547 16 23 0.022
