2_Demonstration_Protesters_2_417
32
75 297 36 38 0.840
417 242 67 84 0.820
679 278 57 65 0.787
596 294 24 35 0.775
950 291 17 21 0.762
968 299 38 40 0.707
566 278 20 27 0.658
252 326 18 22 0.642
792 253 33 41 0.601
31 342 9 11 0.413
270 330 16 17 0.259
852 296 33 41 0.229
331 340 9 12 0.156
275 333 12 11 0.151
126 330 12 12 0.151
815 260 29 35 0.131
12 338 10 10 0.081
515 271 26 29 0.076
287 339 6 8 0.060
133 332 9 10 0.049
573 279 21 27 0.042
121 324 17 20 0.034
28 343 13 14 0.032
802 254 35 38 0.032
17 351 9 10 0.031
150 354 8 8 0.029
864 289 26 42 0.028
653 272 24 34 0.024
332 332 10 10 0.022
15 340 10 18 0.021
12 334 9 8 0.021
354 280 17 25 0.021
