2_Demonstration_Protesters_2_568
189
603 482 48 64 0.807
83 396 38 51 0.771
8 291 13 15 0.713
143 317 15 15 0.672
155 394 23 27 0.616
536 353 11 14 0.594
821 320 10 12 0.534
851 325 8 10 0.519
933 363 12 13 0.515
459 309 8 10 0.514
426 304 8 9 0.494
949 314 9 10 0.493
248 392 18 32 0.473
492 313 9 9 0.453
965 329 10 12 0.427
881 367 9 11 0.420
701 330 8 10 0.419
942 326 9 11 0.390
439 303 7 8 0.378
205 283 8 9 0.375
570 292 8 9 0.375
742 313 7 9 0.366
556 318 7 9 0.350
276 286 8 10 0.325
980 331 10 11 0.309
481 311 8 9 0.294
662 328 6 8 0.292
96 264 8 10 0.282
257 286 9 10 0.282
55 278 9 10 0.282
780 310 7 8 0.276
155 292 8 9 0.271
513 289 7 8 0.269
372 301 9 9 0.265
870 320 9 10 0.253
532 317 8 9 0.239
614 301 7 8 0.231
229 283 8 9 0.225
628 348 8 9 0.223
394 301 9 9 0.217
350 287 8 9 0.210
93 276 8 9 0.205
667 304 7 7 0.199
945 316 10 14 0.198
642 303 7 8 0.196
308 285 7 9 0.193
517 324 7 8 0.190
463 283 6 7 0.186
595 308 7 9 0.182
699 308 7 9 0.177
299 296 8 8 0.173
547 365 7 10 0.172
684 331 7 9 0.168
475 284 6 8 0.167
428 283 8 9 0.165
977 321 9 11 0.155
70 278 9 10 0.155
253 283 10 9 0.154
545 287 9 9 0.154
647 324 7 8 0.153
429 304 17 9 0.153
226 282 9 8 0.153
705 300 7 7 0.146
911 322 8 9 0.146
653 341 8 9 0.140
279 287 10 9 0.137
310 298 8 8 0.137
530 315 8 9 0.135
484 326 9 11 0.135
520 341 7 10 0.131
421 303 11 8 0.131
1006 323 8 10 0.123
145 273 7 8 0.121
548 285 8 9 0.119
396 302 11 10 0.118
320 290 9 10 0.117
530 290 7 10 0.114
336 297 8 9 0.113
514 322 10 12 0.113
177 279 8 8 0.112
383 301 21 8 0.110
406 272 7 7 0.108
685 303 8 8 0.107
120 270 8 8 0.106
511 315 7 8 0.106
180 276 7 9 0.100
962 329 24 12 0.097
527 316 16 10 0.093
1013 326 9 14 0.088
32 274 10 14 0.087
985 374 11 12 0.084
657 303 9 8 0.081
382 299 17 9 0.081
638 303 10 8 0.079
96 263 7 22 0.078
53 278 26 9 0.077
656 303 17 9 0.074
854 321 26 10 0.073
587 291 7 7 0.073
688 306 21 9 0.072
37 270 10 12 0.071
772 310 8 8 0.069
65 272 12 17 0.069
413 293 12 14 0.069
540 286 15 10 0.069
230 263 6 7 0.069
869 316 9 10 0.067
322 277 6 28 0.066
1016 333 8 11 0.065
575 294 9 8 0.063
457 282 21 8 0.062
319 272 7 7 0.061
955 321 21 24 0.060
286 267 7 7 0.058
545 360 10 13 0.056
575 290 9 9 0.055
676 304 21 9 0.054
651 328 21 10 0.053
34 273 18 12 0.052
253 286 9 11 0.052
1 295 9 20 0.052
158 290 8 10 0.051
288 294 26 9 0.050
442 310 7 8 0.049
377 271 11 9 0.048
519 354 8 12 0.047
459 356 7 7 0.047
142 271 11 10 0.046
964 324 12 19 0.046
937 364 10 12 0.044
593 306 27 10 0.044
221 283 12 9 0.043
462 279 6 7 0.043
518 359 9 10 0.042
736 324 8 8 0.041
528 289 29 9 0.041
767 306 8 9 0.041
425 285 8 40 0.041
629 301 9 8 0.040
581 294 24 8 0.039
331 290 18 16 0.038
850 312 8 8 0.038
451 311 19 10 0.037
27 266 7 8 0.037
656 319 15 18 0.036
988 315 8 8 0.036
590 344 8 8 0.035
437 277 8 7 0.033
747 315 7 8 0.033
688 302 15 7 0.032
593 298 18 8 0.031
598 309 9 10 0.031
304 285 18 24 0.029
26 264 18 20 0.029
62 264 10 10 0.029
390 274 27 6 0.029
258 269 7 13 0.029
626 342 9 9 0.029
866 320 13 13 0.029
895 325 11 10 0.029
11 257 8 10 0.029
0 305 7 14 0.028
844 346 7 8 0.028
423 284 31 8 0.028
67 278 9 23 0.027
855 314 16 8 0.027
769 305 7 8 0.027
126 270 12 8 0.026
567 290 12 13 0.026
2 260 11 21 0.026
590 333 7 23 0.025
150 314 12 18 0.024
349 301 15 8 0.024
31 284 9 12 0.024
448 282 24 8 0.024
925 325 10 10 0.024
684 311 6 31 0.023
719 350 8 10 0.023
347 273 11 8 0.023
297 284 22 12 0.022
924 315 9 8 0.022
795 315 10 8 0.022
53 282 10 9 0.022
868 320 27 10 0.021
911 317 9 8 0.021
982 373 11 14 0.021
347 280 26 19 0.021
64 304 9 9 0.020
75 266 12 22 0.020
