2_Demonstration_Demonstration_Or_Protest_2_1012
96
561 336 87 112 0.869
462 307 64 81 0.867
393 384 83 100 0.863
39 363 43 51 0.859
694 486 110 109 0.851
658 248 41 49 0.848
950 224 56 62 0.846
118 357 74 84 0.845
664 178 38 45 0.840
851 358 74 87 0.835
558 250 54 61 0.834
686 291 56 73 0.829
480 191 33 40 0.827
720 223 45 51 0.823
925 167 32 38 0.811
325 254 38 44 0.798
540 197 27 33 0.780
440 261 45 48 0.776
826 234 33 45 0.764
177 339 49 59 0.756
900 268 52 58 0.755
809 151 30 35 0.747
142 305 40 40 0.733
966 155 31 32 0.731
897 181 38 46 0.706
284 254 32 36 0.704
860 242 31 41 0.690
887 144 24 26 0.683
517 253 37 43 0.653
1010 175 14 39 0.644
818 125 16 20 0.608
619 172 22 26 0.587
749 130 16 21 0.579
925 140 22 23 0.567
567 191 25 29 0.448
0 539 59 131 0.445
26 324 37 36 0.399
704 139 20 21 0.258
297 257 73 39 0.244
781 125 13 15 0.222
1008 128 14 17 0.199
1004 224 19 42 0.191
770 131 15 17 0.189
282 174 10 10 0.181
900 129 17 20 0.177
774 127 18 18 0.177
909 174 36 41 0.172
995 234 25 39 0.160
20 251 23 23 0.152
869 168 20 25 0.124
894 126 18 20 0.120
880 183 35 44 0.114
742 134 17 19 0.112
695 142 17 18 0.110
19 314 27 45 0.110
782 223 36 40 0.104
44 328 32 35 0.096
905 115 16 29 0.091
628 203 22 25 0.088
519 182 18 22 0.066
738 135 15 17 0.066
905 114 18 19 0.063
151 238 23 31 0.060
936 134 16 19 0.053
812 126 23 27 0.051
847 239 38 46 0.051
712 137 20 19 0.045
421 219 23 30 0.044
88 244 11 14 0.041
0 301 13 36 0.040
495 185 38 34 0.038
915 131 33 29 0.038
111 239 10 13 0.037
769 135 15 19 0.034
684 141 25 23 0.033
933 139 19 23 0.032
977 135 17 18 0.031
1012 197 12 56 0.031
352 238 32 41 0.031
784 121 11 15 0.030
1005 155 16 29 0.030
959 142 19 27 0.029
641 159 17 19 0.029
290 172 19 11 0.028
894 123 26 31 0.028
893 125 13 16 0.027
298 174 10 9 0.027
623 184 34 40 0.026
148 315 42 48 0.026
998 156 17 25 0.026
155 237 18 21 0.025
517 174 17 20 0.024
26 323 23 30 0.023
86 242 17 20 0.022
144 234 24 33 0.020
602 162 14 16 0.020
