2_Demonstration_Protesters_2_331
165
27 324 18 25 0.788
962 308 21 25 0.713
676 322 16 21 0.580
598 292 9 10 0.576
722 280 11 13 0.559
763 307 13 15 0.557
389 315 10 13 0.500
892 303 12 14 0.473
944 277 15 17 0.466
1017 299 7 17 0.465
137 307 9 10 0.465
466 318 11 12 0.450
433 294 9 10 0.450
403 310 10 13 0.447
739 305 12 14 0.445
333 326 11 13 0.440
106 319 18 22 0.409
838 316 13 15 0.401
767 285 12 13 0.398
185 292 12 14 0.375
417 318 12 15 0.375
525 320 12 14 0.373
859 315 14 17 0.360
490 290 9 10 0.350
0 337 8 17 0.324
377 307 10 12 0.323
263 311 10 11 0.323
359 320 10 13 0.321
434 326 12 14 0.320
535 287 8 10 0.318
445 260 9 11 0.301
838 280 11 14 0.299
911 303 12 13 0.289
879 326 17 24 0.281
765 301 13 22 0.261
809 279 12 13 0.249
685 307 14 15 0.247
399 310 13 16 0.242
228 317 9 10 0.226
326 312 9 11 0.225
309 314 11 13 0.225
500 313 10 12 0.223
387 332 10 12 0.223
629 287 11 12 0.221
653 317 10 11 0.216
798 312 14 17 0.216
678 317 17 21 0.212
685 280 9 10 0.209
706 296 11 13 0.208
578 288 10 11 0.191
529 304 9 12 0.180
518 294 10 11 0.180
773 286 11 13 0.172
919 283 12 15 0.170
266 312 11 11 0.168
206 308 9 9 0.164
853 285 16 13 0.160
392 314 13 15 0.156
845 284 13 14 0.148
746 293 10 11 0.138
180 294 13 15 0.135
626 285 9 11 0.124
742 297 12 20 0.120
303 310 11 13 0.115
225 299 9 9 0.102
479 319 11 11 0.099
709 296 13 15 0.099
363 318 11 14 0.099
576 300 12 15 0.096
861 286 10 11 0.095
248 304 10 10 0.094
734 298 12 15 0.089
347 320 10 10 0.089
807 277 14 23 0.087
714 319 12 15 0.085
204 304 10 15 0.083
227 297 11 11 0.078
106 317 14 16 0.076
447 281 9 12 0.076
470 318 12 12 0.072
340 320 32 12 0.071
889 292 11 17 0.069
242 303 14 14 0.069
382 313 33 18 0.067
888 288 10 12 0.066
794 279 15 13 0.062
134 305 10 12 0.062
713 298 12 17 0.060
632 294 10 12 0.058
730 366 12 12 0.058
302 295 11 13 0.057
702 294 12 13 0.056
865 305 37 43 0.056
737 295 41 31 0.056
437 328 12 14 0.055
382 304 8 11 0.054
577 289 15 25 0.054
338 285 8 10 0.054
108 312 41 19 0.054
575 295 11 14 0.053
525 292 18 23 0.053
534 287 12 14 0.053
547 293 9 12 0.053
126 364 9 11 0.052
206 312 12 11 0.052
938 277 14 15 0.051
843 321 11 14 0.051
650 314 16 16 0.049
320 309 21 29 0.049
333 324 23 14 0.048
647 315 16 18 0.046
279 314 10 11 0.045
244 314 9 12 0.045
710 279 9 11 0.043
228 298 10 33 0.042
359 335 11 12 0.041
688 280 9 10 0.040
310 321 41 15 0.039
625 281 9 10 0.039
708 280 10 16 0.038
489 287 11 19 0.038
508 298 18 24 0.038
518 290 22 28 0.038
874 333 17 20 0.038
110 324 16 21 0.037
856 284 23 17 0.036
412 323 14 18 0.035
656 348 12 13 0.035
684 288 13 38 0.034
585 290 50 12 0.033
750 325 14 15 0.033
112 312 14 19 0.033
737 313 12 16 0.032
309 312 24 13 0.031
370 332 20 14 0.031
841 279 14 14 0.030
760 361 11 13 0.029
265 301 9 13 0.029
724 367 13 15 0.028
464 321 12 13 0.028
683 284 9 29 0.028
633 300 13 15 0.028
230 296 7 7 0.028
305 290 10 10 0.027
435 293 10 20 0.027
220 297 12 32 0.027
547 288 14 13 0.026
631 288 14 30 0.026
666 282 12 12 0.026
921 279 13 14 0.025
420 293 44 68 0.025
455 320 16 12 0.025
487 292 9 11 0.025
228 316 13 13 0.025
921 227 9 11 0.024
94 317 16 15 0.023
584 307 18 12 0.023
1 331 6 13 0.023
672 287 11 12 0.023
491 298 22 38 0.022
591 309 10 12 0.022
446 286 13 12 0.021
766 281 11 12 0.021
0 354 9 25 0.020
860 322 15 19 0.020
