2_Demonstration_Political_Rally_2_452
36
854 242 90 124 0.864
510 278 71 98 0.838
479 322 49 62 0.831
188 310 49 72 0.826
815 306 51 65 0.818
6 354 30 35 0.794
450 311 28 35 0.780
759 272 43 55 0.745
571 310 43 56 0.715
76 352 31 43 0.686
744 319 57 76 0.680
9 334 24 27 0.404
98 361 36 47 0.371
722 311 62 72 0.240
1001 324 22 39 0.228
672 329 45 57 0.148
754 279 50 84 0.110
793 324 34 50 0.091
454 313 37 49 0.088
987 324 37 52 0.074
767 289 38 52 0.072
763 321 44 58 0.056
783 335 39 57 0.055
338 354 69 77 0.049
59 343 12 14 0.049
608 316 43 58 0.036
765 339 49 57 0.035
59 339 18 21 0.029
684 300 36 69 0.028
2 333 22 27 0.027
842 310 36 52 0.025
690 304 27 34 0.025
0 327 8 18 0.024
369 320 53 61 0.023
729 256 39 49 0.022
374 308 51 54 0.020
