2_Demonstration_Demonstration_Or_Protest_2_451
192
350 458 105 139 0.867
551 476 98 116 0.834
850 507 33 44 0.818
961 562 63 119 0.814
463 512 53 61 0.812
714 451 103 131 0.811
435 474 43 56 0.722
508 358 9 12 0.673
491 375 9 12 0.660
610 353 9 11 0.628
569 377 10 12 0.612
515 374 9 12 0.605
596 394 10 12 0.604
543 329 10 12 0.594
456 377 11 13 0.565
445 281 9 11 0.558
548 366 9 11 0.551
552 314 9 10 0.539
483 179 8 9 0.497
431 269 9 12 0.497
483 286 8 11 0.489
434 120 8 8 0.481
464 119 7 8 0.479
448 241 8 10 0.476
531 353 10 12 0.471
420 278 9 10 0.461
421 156 8 9 0.459
579 366 9 11 0.456
521 292 9 12 0.455
868 466 17 20 0.452
607 384 10 13 0.440
494 323 9 12 0.437
426 293 9 11 0.433
438 400 10 12 0.431
487 130 7 8 0.421
477 246 8 9 0.415
626 385 10 12 0.412
516 158 8 10 0.396
554 351 9 11 0.379
955 480 38 60 0.373
217 437 58 79 0.365
471 228 7 9 0.362
442 142 7 8 0.359
461 145 6 7 0.352
444 229 7 10 0.350
511 112 8 8 0.316
550 138 7 9 0.311
520 137 8 9 0.311
454 256 8 9 0.306
515 297 9 13 0.305
460 216 7 9 0.290
492 147 8 11 0.288
829 416 9 10 0.283
495 196 7 9 0.282
430 178 8 10 0.265
491 217 8 8 0.264
516 429 9 12 0.258
635 359 9 11 0.253
400 161 8 11 0.245
422 235 9 11 0.245
517 293 11 14 0.245
513 299 8 11 0.244
537 146 8 10 0.240
446 337 9 11 0.229
404 187 9 9 0.217
580 290 9 12 0.212
813 524 39 52 0.212
446 420 12 13 0.211
788 382 9 9 0.196
478 343 11 11 0.185
492 167 6 9 0.185
511 365 10 19 0.181
521 269 9 10 0.173
518 135 8 10 0.172
531 308 9 9 0.158
551 359 10 16 0.157
468 154 7 8 0.155
500 186 8 9 0.153
397 191 8 11 0.150
515 152 9 19 0.148
441 315 9 11 0.147
463 256 8 9 0.144
422 224 7 9 0.142
536 168 8 9 0.141
396 271 10 12 0.138
458 256 11 9 0.136
398 163 8 10 0.134
899 489 15 17 0.132
541 122 8 8 0.128
493 407 12 13 0.127
527 356 12 14 0.127
453 349 10 11 0.127
489 147 18 9 0.125
470 224 8 17 0.123
464 212 7 8 0.121
502 225 7 9 0.118
448 335 10 19 0.115
401 255 8 12 0.112
426 136 8 8 0.112
411 224 8 9 0.111
412 392 10 13 0.101
497 182 8 21 0.101
433 179 9 9 0.098
636 360 9 16 0.096
528 420 11 12 0.094
595 339 8 11 0.094
479 179 13 10 0.088
460 139 7 21 0.088
555 198 8 9 0.088
454 185 8 13 0.088
676 397 21 27 0.086
415 225 14 10 0.083
492 156 6 26 0.081
44 576 89 98 0.080
529 308 10 19 0.079
463 243 14 10 0.079
442 406 12 32 0.075
508 331 9 11 0.075
410 338 10 10 0.075
532 324 11 13 0.074
457 354 16 14 0.074
512 352 10 45 0.072
597 390 27 16 0.071
453 188 16 9 0.069
527 83 7 8 0.065
558 262 9 11 0.063
635 387 10 13 0.062
553 372 30 18 0.062
402 176 8 20 0.060
438 393 13 31 0.058
502 237 7 14 0.057
949 475 27 48 0.055
491 123 6 36 0.054
442 318 9 17 0.054
392 202 8 13 0.054
425 243 8 10 0.053
628 386 13 15 0.052
578 325 10 11 0.052
502 244 9 10 0.050
407 186 10 10 0.048
523 203 8 9 0.048
422 292 9 12 0.043
478 248 9 12 0.042
483 390 12 15 0.042
448 166 10 26 0.042
524 245 8 10 0.040
541 114 7 30 0.040
466 152 10 20 0.038
535 138 24 18 0.035
451 154 7 30 0.035
443 153 8 30 0.035
567 145 9 11 0.035
425 284 10 23 0.035
396 147 8 8 0.034
554 254 14 13 0.033
636 373 9 26 0.032
629 369 12 30 0.032
609 488 58 97 0.032
568 429 9 9 0.031
549 167 8 10 0.031
592 332 10 20 0.030
909 465 16 19 0.030
588 314 10 12 0.030
791 384 10 12 0.030
495 139 20 16 0.029
454 187 8 20 0.029
473 208 7 15 0.028
490 390 11 14 0.028
795 544 56 68 0.028
409 364 12 13 0.028
471 211 12 23 0.027
787 378 9 10 0.027
447 382 15 15 0.026
448 145 20 17 0.026
526 184 8 18 0.025
565 120 8 9 0.025
20 444 37 42 0.025
873 474 18 19 0.025
222 416 53 71 0.025
977 507 46 55 0.025
450 417 13 15 0.024
832 514 34 42 0.024
959 491 55 61 0.024
391 202 8 23 0.023
399 186 11 16 0.023
525 416 11 13 0.022
476 243 11 14 0.022
580 156 9 10 0.021
894 488 21 27 0.021
539 415 10 12 0.021
364 121 22 37 0.021
485 175 19 30 0.020
