2_Demonstration_Protesters_2_396
52
877 232 60 91 0.812
136 118 18 22 0.754
179 122 16 20 0.700
782 195 24 30 0.663
21 190 41 55 0.661
498 176 15 20 0.645
756 196 18 23 0.643
410 143 12 16 0.510
549 153 12 14 0.444
556 198 14 18 0.428
617 166 17 21 0.377
82 125 16 18 0.350
519 388 23 28 0.337
284 125 12 16 0.313
65 112 18 22 0.267
0 134 19 33 0.189
284 241 24 35 0.165
503 153 9 10 0.139
149 120 55 21 0.135
230 6 18 22 0.135
0 115 9 18 0.128
204 40 16 24 0.120
587 211 18 19 0.113
209 141 16 18 0.109
597 204 18 19 0.100
590 208 23 20 0.079
318 133 10 11 0.059
140 121 20 22 0.051
76 121 24 26 0.046
780 189 21 25 0.046
281 244 20 27 0.045
213 117 12 13 0.042
607 184 22 39 0.042
559 189 17 22 0.040
152 130 13 16 0.040
560 203 45 19 0.039
689 220 11 11 0.039
369 133 12 17 0.039
604 202 19 21 0.036
612 166 14 20 0.035
792 158 11 13 0.031
289 145 14 17 0.027
548 134 11 13 0.027
568 110 12 19 0.027
700 456 39 33 0.027
330 148 23 21 0.025
30 127 15 16 0.024
101 102 12 16 0.023
102 127 15 15 0.023
562 179 16 20 0.022
365 131 15 15 0.021
140 114 18 22 0.021
