2_Demonstration_Demonstration_Or_Protest_2_618
24
782 219 24 31 0.801
128 277 18 24 0.706
814 243 17 23 0.701
224 207 22 45 0.676
881 225 18 26 0.675
554 177 27 32 0.638
291 211 21 39 0.623
0 238 18 27 0.594
31 234 18 25 0.560
647 184 25 36 0.554
511 398 31 34 0.388
747 251 17 21 0.288
320 203 27 42 0.221
484 257 13 17 0.164
836 251 16 21 0.123
66 256 17 20 0.112
656 180 21 33 0.104
4 220 16 20 0.101
218 215 25 43 0.038
661 176 22 32 0.037
2 213 16 21 0.035
297 209 39 40 0.027
524 404 30 27 0.027
751 247 16 18 0.027
