2_Demonstration_Demonstration_Or_Protest_2_800
72
56 353 14 16 0.772
540 363 13 17 0.759
562 359 14 16 0.756
481 360 13 15 0.736
274 366 12 15 0.734
772 372 11 14 0.731
820 380 13 15 0.729
924 360 14 17 0.729
410 365 12 16 0.725
673 359 13 16 0.714
350 393 11 12 0.714
180 349 13 15 0.706
629 357 14 17 0.703
319 360 12 14 0.702
218 367 13 15 0.698
510 375 13 15 0.668
374 373 11 12 0.623
717 367 13 15 0.614
144 370 10 12 0.585
449 373 13 15 0.577
753 374 10 13 0.560
877 360 14 17 0.532
292 355 10 12 0.511
499 369 11 14 0.508
196 355 9 12 0.452
619 352 10 12 0.448
732 359 12 13 0.420
794 364 9 12 0.376
500 369 15 17 0.370
841 362 11 13 0.352
999 367 9 12 0.239
432 360 12 14 0.232
449 366 12 14 0.204
654 359 12 13 0.174
603 363 12 14 0.163
796 381 11 13 0.159
714 357 11 12 0.146
708 367 15 15 0.145
536 364 32 15 0.135
241 350 8 10 0.133
596 369 11 14 0.128
709 358 17 18 0.121
431 361 20 12 0.120
901 359 13 13 0.119
837 367 11 21 0.096
889 360 26 14 0.093
604 368 12 13 0.088
601 362 11 22 0.087
625 354 15 17 0.085
287 355 11 12 0.078
401 390 10 14 0.076
907 361 10 12 0.076
432 363 16 21 0.072
856 360 41 14 0.066
595 365 11 13 0.066
347 373 9 12 0.062
599 375 12 14 0.056
605 359 14 16 0.050
807 378 23 15 0.049
310 385 11 12 0.049
837 379 12 14 0.044
480 393 10 12 0.035
705 366 12 14 0.035
433 374 11 13 0.032
858 362 9 10 0.032
522 351 10 11 0.030
900 357 11 12 0.029
700 366 12 14 0.028
1015 400 8 11 0.023
513 371 13 16 0.021
1002 368 11 13 0.021
796 363 16 11 0.020
