2_Demonstration_Demonstrators_2_376
37
602 283 88 111 0.874
260 193 95 126 0.852
443 229 80 97 0.851
795 202 92 99 0.849
465 317 117 102 0.843
0 207 59 81 0.842
622 220 64 72 0.841
977 114 36 40 0.836
199 215 68 93 0.827
450 175 62 69 0.826
222 135 31 37 0.816
334 158 55 61 0.792
402 171 37 45 0.775
70 201 37 47 0.771
447 136 29 33 0.752
13 148 38 46 0.687
133 162 37 45 0.595
494 146 33 40 0.435
366 129 27 30 0.310
576 153 28 35 0.221
277 159 29 31 0.193
656 162 43 45 0.192
918 120 39 43 0.167
314 144 30 37 0.145
497 154 38 45 0.129
304 135 30 33 0.095
159 229 32 43 0.085
515 166 32 38 0.064
723 173 52 58 0.054
175 236 29 49 0.042
607 185 41 52 0.029
303 134 22 26 0.027
618 183 35 40 0.026
598 201 38 54 0.025
319 152 37 53 0.025
502 148 22 26 0.024
438 149 33 45 0.020
