2_Demonstration_Demonstration_Or_Protest_2_41
234
238 510 55 63 0.888
0 466 30 44 0.854
346 422 34 41 0.842
441 425 27 34 0.841
233 373 27 34 0.833
47 374 32 39 0.819
448 354 20 26 0.816
145 414 35 39 0.816
329 384 25 32 0.813
196 448 41 46 0.811
689 346 19 25 0.809
521 388 23 28 0.798
190 351 23 29 0.793
111 399 24 27 0.792
151 339 23 28 0.791
543 471 23 26 0.783
830 105 81 137 0.775
470 338 19 25 0.771
251 347 21 26 0.762
170 400 26 31 0.757
310 360 23 28 0.740
113 631 59 72 0.733
653 358 22 24 0.732
511 327 19 22 0.731
266 452 31 35 0.728
406 392 22 31 0.724
535 319 15 20 0.719
295 298 15 17 0.713
751 321 19 21 0.712
598 354 19 23 0.711
241 329 17 21 0.693
487 319 19 23 0.693
659 327 17 20 0.682
49 286 15 17 0.680
766 294 14 16 0.676
122 317 18 23 0.676
363 315 14 18 0.671
83 322 22 22 0.668
217 312 15 17 0.663
427 370 21 28 0.663
34 295 17 20 0.606
732 315 18 21 0.595
548 347 15 20 0.589
795 283 14 17 0.578
697 319 15 19 0.567
445 332 15 17 0.559
156 314 16 18 0.546
261 321 17 20 0.544
318 320 13 17 0.542
27 278 14 16 0.519
678 278 11 14 0.469
137 320 16 19 0.462
354 277 11 13 0.460
242 307 14 15 0.457
4 261 14 17 0.453
0 398 9 36 0.444
214 341 15 17 0.437
382 336 15 24 0.429
546 278 10 12 0.413
637 317 17 20 0.404
679 335 15 19 0.391
198 286 13 15 0.369
24 327 22 25 0.367
406 256 11 13 0.320
176 291 11 13 0.308
367 297 13 16 0.304
676 262 10 11 0.294
252 320 22 22 0.293
330 289 11 14 0.287
302 278 11 12 0.268
536 293 9 11 0.265
442 292 12 15 0.253
696 280 12 13 0.250
67 279 12 14 0.247
713 334 19 24 0.247
4 312 20 27 0.219
585 341 17 19 0.213
723 311 21 22 0.211
296 299 31 15 0.209
745 297 16 18 0.208
32 320 21 24 0.207
27 280 16 22 0.207
690 295 14 16 0.200
315 297 12 17 0.194
516 305 14 17 0.193
719 308 15 18 0.187
759 281 13 15 0.184
216 311 14 39 0.184
686 327 17 22 0.184
365 262 10 12 0.180
203 285 14 15 0.180
25 301 17 20 0.171
304 274 10 12 0.170
688 260 9 10 0.170
567 260 9 10 0.156
757 297 19 42 0.154
718 303 13 20 0.153
137 300 12 14 0.151
581 359 15 20 0.150
387 273 10 11 0.145
210 284 12 14 0.142
301 277 20 13 0.136
608 320 15 16 0.135
319 280 12 13 0.131
49 282 22 18 0.129
715 297 12 15 0.122
186 235 8 9 0.120
30 284 29 29 0.120
83 285 11 14 0.117
317 281 19 15 0.115
308 299 17 17 0.114
734 290 14 15 0.109
0 650 22 45 0.108
274 304 11 13 0.107
247 304 14 17 0.106
10 325 32 26 0.100
349 274 15 12 0.096
28 292 22 55 0.095
759 256 9 11 0.095
672 294 11 14 0.094
466 326 59 37 0.094
82 290 13 17 0.092
234 288 12 16 0.091
732 288 12 13 0.087
66 282 23 16 0.084
156 307 17 21 0.084
167 291 24 18 0.083
239 305 19 49 0.082
204 246 8 11 0.081
489 311 18 17 0.079
673 294 23 14 0.075
714 295 23 29 0.074
499 322 24 24 0.073
167 264 9 9 0.073
366 264 12 16 0.072
763 276 15 28 0.071
567 260 21 10 0.065
240 288 19 35 0.065
1 251 11 15 0.064
767 268 16 19 0.063
370 283 12 19 0.061
33 329 19 23 0.061
707 296 21 15 0.061
760 272 12 17 0.060
554 264 10 10 0.060
579 259 9 9 0.059
768 241 8 9 0.058
338 233 10 10 0.058
646 319 18 23 0.058
192 255 8 10 0.057
253 295 17 16 0.057
244 285 12 17 0.056
791 261 10 11 0.056
759 257 16 14 0.053
3 320 17 31 0.053
677 264 10 12 0.052
70 280 26 22 0.051
743 249 10 10 0.051
265 337 17 20 0.050
324 317 19 20 0.049
138 635 55 71 0.048
582 258 10 10 0.047
449 328 15 18 0.047
679 258 11 14 0.047
382 230 10 11 0.046
394 256 9 11 0.045
356 264 20 57 0.045
548 353 52 22 0.045
343 266 10 12 0.044
338 269 14 20 0.044
434 333 14 21 0.042
113 357 20 26 0.042
258 377 21 24 0.042
630 252 9 9 0.042
157 301 14 17 0.041
29 239 10 10 0.041
471 314 13 21 0.041
201 242 12 19 0.040
253 230 12 13 0.040
783 262 19 12 0.039
581 447 29 34 0.039
265 327 18 24 0.038
78 283 16 16 0.037
763 265 24 27 0.037
412 382 20 27 0.036
773 267 24 16 0.035
328 271 45 28 0.035
631 348 15 21 0.034
696 275 10 13 0.034
755 269 18 28 0.033
172 188 25 28 0.033
355 375 19 27 0.033
410 356 18 19 0.033
466 318 15 17 0.032
399 253 13 16 0.032
2 306 14 31 0.032
563 325 13 16 0.032
606 324 15 19 0.032
793 240 9 11 0.031
756 252 14 16 0.031
636 341 17 22 0.031
396 251 12 16 0.031
728 262 10 12 0.030
198 329 15 18 0.028
263 297 17 17 0.028
1 332 12 28 0.026
698 242 9 11 0.026
212 286 15 15 0.026
712 285 19 14 0.025
675 322 15 17 0.025
301 257 9 11 0.025
247 289 26 31 0.025
59 274 14 12 0.025
763 290 19 24 0.024
253 236 12 14 0.024
7 330 19 23 0.024
211 235 9 9 0.024
93 386 22 29 0.024
0 291 6 23 0.024
170 282 13 18 0.023
84 288 19 25 0.023
248 376 22 29 0.023
776 313 15 18 0.022
549 342 15 17 0.022
409 359 20 26 0.022
39 327 19 22 0.022
634 247 10 11 0.022
631 352 22 20 0.022
230 276 11 12 0.022
94 339 17 25 0.021
329 321 16 21 0.021
582 305 13 16 0.021
76 296 15 15 0.021
690 243 15 11 0.020
