2_Demonstration_Political_Rally_2_688
659
917 503 25 30 0.823
663 420 21 26 0.821
827 544 23 29 0.820
852 129 16 20 0.818
621 464 22 27 0.811
685 478 22 26 0.810
687 180 16 22 0.810
627 155 14 19 0.805
378 74 13 16 0.804
660 272 19 24 0.803
699 142 15 18 0.802
708 256 17 21 0.801
709 438 21 25 0.801
964 286 20 26 0.799
559 219 16 20 0.799
639 315 18 21 0.798
458 339 18 22 0.797
504 451 22 27 0.797
783 410 20 24 0.795
878 121 16 21 0.795
792 334 19 24 0.795
610 386 18 22 0.794
846 333 20 26 0.794
716 359 19 22 0.792
883 191 17 22 0.791
642 174 15 18 0.790
498 350 19 24 0.790
60 213 16 20 0.790
164 335 18 21 0.790
481 382 17 22 0.789
497 217 16 19 0.788
700 293 17 21 0.788
432 264 17 23 0.788
671 168 15 19 0.787
642 261 17 20 0.786
339 137 16 19 0.786
92 261 17 20 0.786
571 427 20 25 0.786
674 378 21 26 0.786
293 326 18 22 0.785
759 529 23 28 0.785
890 458 22 25 0.785
686 340 16 21 0.784
106 238 17 20 0.783
453 289 18 20 0.783
560 252 17 23 0.783
958 371 21 26 0.782
157 281 20 23 0.782
95 198 17 20 0.781
293 127 14 17 0.781
773 261 17 20 0.780
275 222 15 19 0.780
217 173 15 18 0.779
1 176 11 17 0.779
908 167 19 24 0.779
357 330 18 22 0.778
163 169 16 20 0.778
258 329 18 20 0.778
699 217 16 21 0.778
284 271 19 21 0.776
519 253 16 19 0.776
762 380 19 22 0.776
835 236 18 23 0.776
956 89 14 18 0.776
841 111 16 18 0.776
780 236 17 20 0.775
611 250 16 19 0.775
628 506 20 25 0.775
956 130 15 19 0.775
230 192 15 18 0.774
519 338 17 21 0.774
484 194 16 19 0.774
742 234 16 20 0.774
614 136 16 18 0.773
329 80 13 16 0.772
266 194 16 19 0.772
572 293 16 20 0.771
908 144 15 18 0.771
917 374 19 24 0.771
497 151 14 17 0.770
875 225 17 22 0.770
58 252 17 21 0.770
957 211 17 21 0.768
572 202 17 19 0.767
195 213 17 19 0.766
289 240 18 21 0.766
507 173 14 18 0.765
832 416 23 29 0.764
0 150 8 17 0.764
939 332 20 23 0.764
218 210 18 23 0.764
790 35 13 18 0.763
447 397 19 22 0.763
524 372 20 24 0.763
621 357 18 22 0.762
226 337 20 22 0.762
837 301 19 22 0.761
118 293 17 21 0.761
555 340 18 21 0.761
254 98 14 18 0.761
138 253 18 22 0.761
641 109 14 19 0.760
672 81 13 16 0.760
952 440 21 27 0.760
602 75 14 16 0.760
534 98 13 17 0.760
738 137 15 20 0.760
116 171 17 19 0.759
138 131 13 16 0.758
19 48 12 14 0.758
16 71 13 16 0.758
567 93 14 18 0.757
726 197 16 19 0.757
745 294 19 24 0.756
301 98 14 17 0.756
751 71 14 19 0.756
573 39 14 16 0.755
922 203 17 20 0.755
623 35 14 16 0.754
450 169 15 18 0.754
997 338 21 24 0.754
757 443 21 24 0.754
412 171 15 19 0.754
385 156 16 20 0.753
95 66 13 15 0.753
358 59 14 17 0.753
400 416 20 26 0.753
205 98 14 17 0.753
891 87 17 19 0.752
340 174 16 20 0.752
910 407 20 24 0.752
828 148 16 21 0.751
781 304 19 22 0.751
786 86 16 19 0.750
812 258 16 19 0.750
863 257 18 22 0.750
524 79 14 17 0.749
821 117 15 19 0.749
447 249 16 20 0.749
305 302 17 21 0.749
862 496 23 26 0.748
935 226 17 19 0.748
183 309 17 20 0.748
748 325 18 24 0.748
808 301 17 19 0.748
438 443 20 25 0.748
527 305 17 20 0.747
470 157 15 17 0.747
902 61 14 17 0.746
715 169 14 16 0.745
854 36 12 16 0.745
547 158 15 18 0.745
492 108 14 17 0.744
854 70 14 17 0.744
1002 108 15 18 0.743
477 258 17 20 0.743
77 50 13 16 0.742
144 151 14 17 0.742
411 88 13 16 0.741
964 243 18 20 0.741
847 201 18 22 0.741
644 226 15 20 0.741
454 83 14 16 0.740
198 149 15 18 0.740
930 259 19 24 0.739
289 79 14 17 0.738
389 236 16 19 0.738
179 145 14 18 0.737
1010 185 14 20 0.737
116 114 13 16 0.736
349 32 11 14 0.736
983 78 15 19 0.736
524 198 16 18 0.735
705 108 15 17 0.734
987 32 14 16 0.734
329 244 18 22 0.734
648 57 13 16 0.734
371 98 14 17 0.734
773 17 13 15 0.733
248 128 14 18 0.733
1015 228 9 23 0.733
808 210 16 20 0.732
446 141 15 18 0.731
771 179 15 18 0.731
9 259 18 21 0.730
585 402 16 21 0.730
919 32 15 18 0.729
816 56 14 17 0.729
850 19 13 15 0.727
454 214 14 17 0.726
203 19 12 14 0.726
464 126 15 17 0.725
224 55 14 16 0.724
202 69 13 15 0.724
879 153 16 19 0.723
17 126 15 19 0.723
308 177 14 16 0.723
672 107 14 18 0.722
870 170 15 19 0.722
925 138 16 18 0.722
400 54 12 17 0.720
590 109 14 17 0.720
831 33 14 17 0.720
121 136 14 16 0.719
749 20 13 15 0.719
671 35 14 17 0.718
39 86 14 16 0.717
40 142 15 19 0.716
810 378 18 21 0.716
6 18 12 15 0.716
404 147 15 17 0.715
970 51 15 19 0.715
366 197 16 19 0.715
776 116 15 19 0.715
214 31 13 15 0.714
905 20 15 16 0.713
251 65 13 16 0.712
976 198 16 20 0.712
805 12 14 17 0.712
944 10 12 15 0.710
611 219 16 19 0.710
579 319 18 22 0.709
229 79 12 16 0.709
488 74 13 16 0.708
419 367 19 21 0.708
444 102 15 17 0.707
149 100 14 16 0.706
289 48 12 15 0.705
688 0 12 12 0.705
484 48 13 15 0.704
315 43 12 15 0.704
521 21 13 16 0.703
578 144 14 18 0.703
164 61 13 17 0.703
775 67 13 16 0.700
435 19 13 15 0.700
418 218 15 17 0.700
317 206 14 18 0.699
640 18 13 17 0.698
435 77 13 15 0.698
51 174 15 17 0.697
656 133 15 20 0.697
415 43 13 15 0.696
14 215 17 20 0.696
741 109 14 17 0.696
221 127 14 18 0.695
500 419 20 24 0.694
1004 419 19 23 0.694
927 83 14 17 0.694
425 126 13 16 0.694
560 79 13 17 0.693
302 62 13 15 0.693
726 3 12 17 0.690
260 25 13 16 0.689
718 84 13 17 0.689
164 122 14 16 0.688
238 95 13 16 0.688
171 87 15 19 0.687
886 348 21 23 0.687
874 0 13 12 0.687
891 40 13 16 0.686
300 202 14 18 0.686
241 1 12 13 0.686
614 272 15 20 0.685
388 109 13 15 0.684
189 193 13 17 0.684
1009 42 14 18 0.684
342 104 14 17 0.683
34 7 13 15 0.682
570 66 13 15 0.681
130 18 12 16 0.681
834 3 13 17 0.680
545 12 13 15 0.680
712 11 13 16 0.680
547 35 13 16 0.678
236 21 12 15 0.678
117 40 13 16 0.678
92 156 15 18 0.674
328 377 19 22 0.673
621 0 12 12 0.673
401 331 19 20 0.672
902 291 19 21 0.671
853 88 14 17 0.670
472 20 12 15 0.669
662 220 14 18 0.669
952 177 17 21 0.667
285 152 14 19 0.666
519 50 12 16 0.666
353 4 12 15 0.666
427 199 14 18 0.665
65 101 14 16 0.664
389 127 15 19 0.663
644 89 14 16 0.663
95 32 13 16 0.660
362 399 19 23 0.659
549 186 15 18 0.659
678 249 15 18 0.659
601 51 13 14 0.659
1007 150 16 18 0.658
495 310 14 18 0.658
73 182 16 20 0.658
466 65 13 16 0.657
438 50 13 16 0.657
393 28 13 16 0.656
321 25 12 15 0.655
97 8 12 15 0.654
81 95 12 14 0.654
808 75 13 16 0.652
395 301 15 18 0.651
906 116 14 18 0.651
889 252 17 21 0.650
175 22 12 14 0.648
554 62 12 15 0.647
269 53 12 14 0.646
376 43 12 15 0.645
701 88 14 15 0.643
746 51 14 16 0.642
1011 13 12 15 0.637
69 23 13 16 0.637
198 45 12 15 0.636
289 4 13 16 0.636
273 370 18 23 0.636
937 31 12 16 0.633
565 18 13 16 0.631
901 316 20 24 0.631
707 70 14 17 0.630
1003 387 19 25 0.628
24 104 13 16 0.628
607 22 13 16 0.627
29 26 12 16 0.626
842 93 14 16 0.623
819 186 16 19 0.623
759 41 12 15 0.620
153 203 15 19 0.620
369 25 12 14 0.619
536 132 14 18 0.614
991 7 12 16 0.610
490 29 13 16 0.609
539 117 14 18 0.609
209 0 11 11 0.607
335 116 15 18 0.599
965 480 19 21 0.597
114 89 14 16 0.596
486 0 10 9 0.577
359 306 17 21 0.576
241 162 14 19 0.567
594 176 15 20 0.566
0 0 8 12 0.561
713 29 13 16 0.557
755 217 15 18 0.555
388 0 11 12 0.547
786 4 13 15 0.541
335 66 13 15 0.540
600 95 13 16 0.534
983 309 18 20 0.530
769 502 20 27 0.529
863 52 13 17 0.529
966 7 12 16 0.522
636 69 12 16 0.522
80 136 15 17 0.520
973 173 15 21 0.514
1005 168 15 18 0.510
645 4 13 16 0.510
452 39 12 14 0.494
945 50 12 15 0.477
17 192 15 18 0.477
344 216 15 17 0.477
203 282 21 21 0.471
315 2 13 13 0.468
291 19 12 16 0.465
324 173 13 15 0.463
221 14 11 13 0.460
784 157 15 18 0.459
568 0 10 9 0.452
451 0 11 11 0.447
137 1 12 16 0.442
145 85 13 15 0.423
670 358 17 21 0.423
415 1 12 13 0.420
422 0 13 12 0.416
562 83 14 19 0.412
984 127 14 16 0.409
684 55 13 16 0.403
188 0 11 12 0.392
262 171 14 17 0.391
0 48 5 14 0.384
1015 64 9 17 0.384
545 0 11 12 0.374
847 400 18 22 0.372
711 206 15 20 0.367
803 175 14 16 0.356
716 394 17 20 0.346
276 0 10 11 0.340
667 2 12 15 0.334
1016 513 8 33 0.325
315 99 12 15 0.324
0 213 9 19 0.319
577 10 12 15 0.317
495 89 13 16 0.308
511 6 11 17 0.306
719 6 19 17 0.304
674 15 13 13 0.300
123 84 13 16 0.297
534 282 15 17 0.292
309 174 25 15 0.285
251 252 14 21 0.284
376 102 15 18 0.278
908 142 27 19 0.269
326 0 11 12 0.268
430 240 13 17 0.266
514 2 11 13 0.265
68 138 12 14 0.259
977 152 15 19 0.256
685 33 12 16 0.255
238 96 31 18 0.253
164 1 11 13 0.250
366 6 10 12 0.247
898 274 19 32 0.243
613 421 18 24 0.240
451 81 15 24 0.240
962 4 13 16 0.239
558 73 24 18 0.238
97 0 12 13 0.232
556 64 18 16 0.224
211 283 17 19 0.211
949 88 38 18 0.211
537 98 13 37 0.208
144 19 12 13 0.208
199 277 18 22 0.207
594 164 15 19 0.206
990 276 18 19 0.206
139 238 16 19 0.204
641 8 15 26 0.200
75 289 16 20 0.199
806 171 14 16 0.198
495 93 12 28 0.198
940 32 13 24 0.197
933 221 30 22 0.193
548 178 16 20 0.189
569 24 13 18 0.187
939 44 14 18 0.182
768 0 12 11 0.180
313 208 30 17 0.178
441 245 18 20 0.177
896 7 12 16 0.173
55 43 13 13 0.168
126 84 11 12 0.168
318 0 14 15 0.167
94 23 13 20 0.165
806 201 19 33 0.163
76 94 22 17 0.162
860 41 16 24 0.161
118 133 37 15 0.161
771 64 14 19 0.161
409 259 13 17 0.161
1003 264 16 18 0.159
620 100 12 14 0.157
371 279 15 17 0.156
616 178 15 18 0.155
474 323 16 19 0.147
242 122 22 25 0.146
634 168 24 25 0.145
674 37 18 19 0.144
454 3 11 13 0.142
530 85 15 33 0.140
162 243 14 18 0.138
31 12 14 23 0.133
131 84 25 16 0.133
645 53 15 28 0.132
148 95 24 22 0.132
134 6 13 25 0.130
800 15 15 17 0.129
983 8 41 16 0.129
141 224 17 29 0.129
0 93 6 16 0.128
848 114 17 35 0.127
335 272 17 20 0.124
821 135 45 28 0.122
797 167 25 24 0.122
385 137 17 40 0.121
257 167 15 18 0.120
339 206 15 17 0.118
488 58 12 39 0.118
569 0 12 20 0.117
747 71 14 40 0.117
571 37 27 17 0.117
165 91 52 14 0.113
612 247 16 46 0.112
20 72 31 31 0.112
70 0 10 9 0.112
31 5 12 39 0.112
672 70 13 33 0.112
505 11 17 13 0.111
282 100 12 14 0.111
987 34 35 19 0.106
956 0 11 12 0.105
898 52 14 54 0.105
505 18 14 16 0.104
756 69 37 19 0.103
123 13 13 57 0.103
807 181 21 21 0.103
44 154 15 18 0.098
930 78 13 19 0.098
339 103 14 57 0.098
991 305 16 23 0.096
926 66 12 15 0.096
151 0 20 12 0.092
642 74 13 66 0.091
185 109 13 15 0.087
1007 144 15 66 0.087
73 150 19 61 0.087
820 326 17 21 0.086
742 17 36 15 0.086
610 11 12 16 0.085
865 412 15 19 0.084
303 70 13 63 0.084
153 239 17 19 0.083
181 0 34 12 0.082
748 312 19 23 0.081
18 172 14 73 0.081
574 176 38 40 0.081
538 81 13 83 0.079
858 406 17 22 0.079
228 45 20 56 0.077
916 3 15 53 0.077
579 19 13 14 0.076
278 0 18 15 0.075
643 103 26 46 0.074
750 12 13 69 0.074
49 46 11 14 0.074
878 108 16 64 0.071
158 1 14 13 0.071
439 247 23 28 0.071
518 5 12 25 0.070
607 95 25 16 0.069
815 4 26 17 0.069
551 14 11 79 0.066
911 98 13 18 0.066
560 3 24 40 0.066
853 0 11 67 0.064
428 0 41 12 0.064
747 93 13 16 0.063
306 30 14 65 0.063
609 213 17 20 0.061
968 6 13 13 0.061
17 41 12 19 0.060
886 62 14 16 0.058
195 270 15 19 0.058
709 201 16 19 0.056
845 0 17 15 0.056
911 112 15 20 0.056
487 0 26 9 0.055
86 0 24 55 0.055
875 16 12 15 0.055
968 66 12 16 0.054
521 7 10 74 0.054
1004 154 16 24 0.053
238 117 24 55 0.053
884 3 22 18 0.052
117 60 13 88 0.052
827 141 17 21 0.052
789 0 17 73 0.052
596 59 13 87 0.051
362 281 16 18 0.051
613 173 15 33 0.050
994 5 12 15 0.049
341 331 13 16 0.049
833 299 21 45 0.048
169 17 53 19 0.048
27 108 13 16 0.047
510 25 12 17 0.047
377 57 17 16 0.047
560 39 24 61 0.047
466 101 13 92 0.046
338 275 33 30 0.046
146 1 36 13 0.046
699 109 14 17 0.046
391 214 23 64 0.045
669 203 12 15 0.044
823 124 17 99 0.044
6 247 15 21 0.043
315 0 10 101 0.042
613 89 12 16 0.041
222 6 29 29 0.041
333 58 19 83 0.040
291 29 13 81 0.040
845 55 14 98 0.040
964 171 25 25 0.040
356 55 37 38 0.039
535 295 31 62 0.039
500 413 19 22 0.039
98 35 16 16 0.039
603 55 12 13 0.039
684 66 13 16 0.039
304 165 28 72 0.038
0 102 6 18 0.038
635 64 12 16 0.038
259 176 16 18 0.037
439 14 12 111 0.037
93 5 57 38 0.036
985 244 16 16 0.036
849 395 18 22 0.036
545 66 12 14 0.036
328 67 13 22 0.036
342 218 15 21 0.036
998 66 14 16 0.035
321 29 18 15 0.034
298 197 14 16 0.034
800 178 13 16 0.034
543 0 21 73 0.034
758 18 51 47 0.033
631 106 21 20 0.033
120 126 13 19 0.033
68 129 12 19 0.032
78 184 14 16 0.032
880 176 57 53 0.032
755 198 15 19 0.032
221 203 20 22 0.032
936 58 16 19 0.032
750 363 16 20 0.031
444 132 18 114 0.031
175 46 10 13 0.031
82 67 12 118 0.031
484 137 38 65 0.031
695 197 28 110 0.030
667 322 15 20 0.030
840 28 75 35 0.030
46 162 17 26 0.030
675 331 18 21 0.030
357 56 13 17 0.029
571 402 16 21 0.029
578 32 20 16 0.029
442 0 68 12 0.028
1007 107 13 18 0.028
867 493 21 23 0.027
327 235 18 21 0.027
680 13 54 51 0.027
801 69 14 21 0.026
320 50 13 16 0.026
335 382 19 25 0.025
571 394 22 25 0.025
335 256 16 23 0.025
0 208 8 18 0.024
474 92 13 15 0.024
205 132 12 18 0.024
150 50 17 15 0.024
963 157 19 18 0.024
213 147 24 112 0.024
623 308 15 18 0.023
583 487 16 18 0.023
202 0 29 88 0.023
785 30 26 97 0.023
480 0 30 73 0.022
392 0 22 98 0.022
434 82 41 78 0.022
167 60 14 19 0.021
330 387 19 25 0.021
346 0 17 88 0.020
375 409 16 21 0.020
