2_Demonstration_Protesters_2_3
180
352 360 31 36 0.829
539 336 24 33 0.827
263 407 34 43 0.825
669 288 25 30 0.822
597 322 22 28 0.807
427 344 26 33 0.793
559 296 18 23 0.776
449 317 20 25 0.763
483 291 15 18 0.751
716 313 21 25 0.730
926 257 13 15 0.713
487 349 24 29 0.703
520 286 17 21 0.701
932 331 28 38 0.689
596 284 19 21 0.680
384 286 15 16 0.680
735 273 17 19 0.676
823 267 20 25 0.674
463 269 11 13 0.647
890 266 18 22 0.633
509 317 16 23 0.630
694 274 15 19 0.628
464 304 13 18 0.625
621 280 14 16 0.586
600 272 12 14 0.582
587 263 10 12 0.539
970 168 10 12 0.524
890 285 17 23 0.512
653 277 13 15 0.511
205 285 14 16 0.511
938 163 10 12 0.510
721 272 11 14 0.506
472 286 12 16 0.505
364 278 12 16 0.503
509 279 12 15 0.487
684 258 13 14 0.444
344 273 11 13 0.423
760 268 13 16 0.410
914 274 15 15 0.409
704 252 8 10 0.405
437 270 11 13 0.370
637 259 11 12 0.370
547 257 8 10 0.362
510 282 18 17 0.339
917 174 8 9 0.334
792 254 10 12 0.318
742 293 18 21 0.308
942 317 23 30 0.296
596 248 7 8 0.295
691 269 17 20 0.294
1017 168 7 11 0.287
616 257 11 11 0.275
548 271 7 9 0.268
259 359 27 34 0.262
578 258 8 9 0.246
451 258 9 10 0.239
152 323 20 27 0.235
723 273 31 16 0.233
890 264 17 45 0.228
442 419 25 40 0.218
793 269 12 13 0.213
741 193 8 9 0.203
346 274 13 15 0.201
942 164 10 11 0.201
587 263 15 15 0.201
907 344 25 32 0.190
158 427 30 38 0.186
652 294 15 20 0.185
671 252 9 10 0.170
350 251 8 10 0.170
390 236 9 9 0.157
860 257 12 14 0.155
512 252 9 10 0.154
792 254 10 23 0.152
437 296 18 21 0.149
678 260 14 14 0.147
428 303 22 19 0.146
675 255 14 14 0.141
425 306 16 20 0.136
644 277 22 21 0.135
527 257 9 9 0.128
405 250 8 10 0.127
229 297 11 13 0.125
765 269 16 19 0.125
1016 172 8 14 0.116
199 397 26 31 0.114
529 286 16 20 0.113
346 264 9 23 0.112
447 248 7 8 0.111
472 260 18 12 0.110
467 254 9 13 0.096
759 260 15 17 0.094
784 269 21 17 0.091
437 248 17 10 0.089
494 406 32 37 0.088
464 289 38 22 0.086
211 276 12 13 0.079
209 279 14 17 0.078
757 258 11 12 0.075
799 267 12 14 0.074
640 295 24 19 0.073
702 250 12 14 0.073
769 273 16 20 0.072
479 260 15 13 0.071
161 292 14 24 0.069
830 248 9 9 0.069
482 267 13 11 0.066
145 281 12 13 0.065
511 250 14 25 0.062
439 256 13 71 0.061
359 238 7 12 0.060
440 248 9 8 0.058
162 302 19 23 0.058
146 282 23 13 0.058
430 248 11 10 0.054
445 244 13 24 0.054
635 269 27 18 0.053
541 256 15 11 0.053
382 265 11 15 0.052
422 310 15 19 0.052
267 367 23 31 0.052
730 252 11 14 0.050
635 297 13 17 0.049
673 194 7 8 0.049
880 258 18 27 0.049
160 287 12 14 0.049
967 169 9 10 0.045
1002 301 13 18 0.044
931 166 10 11 0.043
263 350 25 27 0.042
227 293 13 33 0.041
351 242 12 22 0.040
735 259 23 16 0.040
149 278 12 14 0.040
155 287 21 35 0.039
728 255 14 14 0.038
228 318 14 18 0.038
939 324 22 27 0.037
172 311 15 19 0.036
493 252 33 8 0.036
878 189 7 9 0.035
383 269 12 23 0.035
1015 166 9 18 0.035
373 238 9 18 0.035
840 258 25 14 0.035
406 254 9 17 0.033
402 250 10 23 0.031
662 249 8 10 0.031
805 263 13 16 0.031
491 342 21 23 0.030
858 261 15 16 0.030
878 250 11 12 0.030
387 235 10 21 0.029
403 269 11 15 0.028
189 300 14 17 0.028
142 435 33 39 0.028
129 283 11 12 0.027
153 283 16 17 0.027
654 277 17 24 0.026
167 305 24 29 0.026
717 258 36 69 0.025
373 242 12 21 0.025
427 247 7 9 0.025
437 281 15 29 0.025
948 305 17 26 0.024
738 253 13 14 0.024
958 237 8 9 0.024
495 252 24 24 0.024
445 430 23 38 0.024
359 234 7 8 0.024
770 256 11 11 0.023
446 281 12 27 0.023
700 200 6 7 0.022
474 246 17 28 0.022
735 194 12 8 0.021
343 290 12 15 0.021
930 257 15 20 0.021
894 261 16 17 0.021
319 287 12 11 0.020
122 300 11 14 0.020
