2_Demonstration_Protesters_2_8
50
598 380 113 134 0.880
820 282 58 70 0.849
65 469 92 111 0.840
179 355 38 41 0.819
249 338 39 53 0.801
761 221 47 53 0.795
65 344 27 35 0.791
122 337 25 31 0.788
88 322 22 28 0.783
416 380 81 82 0.774
285 342 47 56 0.767
1 330 17 28 0.567
334 301 23 31 0.556
177 272 13 15 0.500
280 264 11 14 0.496
232 261 14 17 0.429
98 417 54 57 0.328
188 287 19 21 0.287
275 252 11 12 0.273
297 249 10 13 0.253
253 254 10 12 0.223
290 232 11 12 0.210
3 310 18 23 0.208
127 314 18 23 0.167
302 269 13 16 0.142
276 250 11 23 0.139
115 303 15 18 0.131
65 323 20 27 0.097
123 293 13 16 0.092
283 288 18 20 0.091
297 230 10 34 0.080
335 423 60 69 0.079
119 298 17 23 0.073
341 301 29 38 0.065
810 204 38 43 0.063
314 238 10 11 0.058
263 250 27 16 0.054
283 234 12 15 0.054
245 238 13 15 0.050
248 241 12 17 0.044
298 239 27 10 0.042
310 238 11 11 0.037
44 270 10 12 0.034
5 332 20 27 0.034
317 275 14 16 0.031
254 278 13 16 0.029
437 359 60 73 0.025
330 231 10 13 0.024
278 289 15 19 0.022
238 272 21 15 0.020
