2_Demonstration_Protesters_2_80
631
328 563 17 22 0.799
541 602 16 21 0.793
578 580 16 19 0.786
316 362 11 13 0.771
428 373 36 44 0.770
122 436 14 18 0.765
314 462 13 16 0.756
97 488 14 18 0.752
953 467 15 18 0.752
299 502 14 17 0.752
239 384 12 14 0.748
930 418 12 15 0.745
78 395 12 16 0.742
532 454 13 17 0.741
256 486 15 18 0.736
495 437 13 16 0.730
152 346 12 14 0.726
741 494 14 17 0.721
598 360 13 16 0.721
787 31 18 21 0.721
312 485 13 17 0.719
611 384 12 14 0.718
308 440 15 18 0.714
114 345 13 15 0.708
679 496 15 18 0.707
302 399 13 15 0.707
728 627 21 21 0.707
69 323 12 14 0.704
433 517 15 18 0.704
396 574 16 19 0.703
531 340 10 14 0.701
289 380 12 14 0.701
474 462 15 17 0.701
855 604 19 24 0.697
985 439 13 16 0.692
552 474 13 16 0.686
516 391 13 16 0.682
176 321 11 13 0.679
524 524 15 18 0.677
592 506 14 16 0.674
984 346 11 13 0.672
947 401 13 16 0.669
232 346 12 14 0.668
755 567 15 18 0.665
712 422 14 16 0.664
274 367 11 14 0.664
85 302 10 13 0.663
209 370 11 15 0.661
645 390 12 15 0.660
200 465 14 17 0.656
291 431 13 16 0.654
162 490 13 17 0.654
385 391 14 16 0.651
424 632 16 18 0.647
719 578 15 19 0.647
410 304 10 12 0.644
117 372 13 16 0.643
29 313 11 13 0.642
117 292 11 13 0.641
1013 373 11 13 0.639
103 295 11 14 0.638
650 337 11 13 0.638
629 396 12 14 0.627
388 608 16 20 0.623
941 368 13 16 0.623
142 406 13 16 0.623
67 434 14 18 0.622
602 398 12 14 0.616
284 498 14 17 0.612
896 434 12 15 0.611
208 324 10 11 0.610
748 382 12 14 0.609
300 360 11 13 0.594
495 328 10 12 0.588
478 309 10 12 0.587
380 437 14 17 0.582
687 399 12 15 0.581
290 318 10 12 0.580
373 381 10 12 0.578
516 335 10 12 0.576
220 605 15 19 0.575
220 299 9 12 0.575
1001 272 9 11 0.573
190 348 11 13 0.571
174 302 9 12 0.570
389 471 14 18 0.569
472 538 14 17 0.566
235 275 9 11 0.562
579 498 13 17 0.559
576 377 10 13 0.554
570 276 9 10 0.552
659 377 12 14 0.546
533 374 13 16 0.536
329 314 10 12 0.531
998 327 11 14 0.530
204 608 16 20 0.526
613 318 9 10 0.521
748 355 10 12 0.519
223 227 8 9 0.517
637 379 10 13 0.517
645 267 9 11 0.513
599 299 9 10 0.508
258 364 11 13 0.506
60 312 10 12 0.505
718 356 10 13 0.500
41 299 10 11 0.499
533 363 11 14 0.498
198 319 10 11 0.498
226 551 16 18 0.497
563 420 12 15 0.497
1008 489 15 20 0.491
630 358 10 12 0.485
527 300 9 11 0.483
330 272 9 10 0.482
495 372 13 15 0.480
392 303 9 11 0.480
101 166 8 10 0.464
62 186 8 9 0.460
82 176 8 9 0.458
245 319 11 14 0.453
507 299 9 11 0.452
572 336 10 11 0.445
324 293 9 11 0.445
1004 242 8 11 0.444
300 621 16 17 0.443
994 253 9 11 0.435
593 455 12 15 0.434
269 281 8 10 0.434
718 313 9 10 0.428
972 326 11 12 0.424
678 360 11 12 0.423
296 302 10 11 0.416
240 214 6 8 0.412
551 325 11 13 0.409
480 279 10 11 0.407
967 426 12 15 0.406
235 436 11 14 0.405
350 462 12 16 0.404
427 461 14 18 0.385
375 283 8 10 0.384
563 312 8 10 0.383
345 376 11 12 0.381
337 391 11 13 0.374
361 305 10 12 0.374
670 317 9 10 0.372
652 323 9 10 0.371
253 418 10 12 0.370
292 292 9 11 0.368
355 390 15 15 0.365
606 388 14 18 0.362
968 343 11 13 0.361
500 284 9 10 0.359
341 324 9 11 0.357
165 332 11 12 0.356
217 415 11 14 0.347
465 299 10 13 0.347
238 259 9 10 0.329
653 465 15 17 0.328
1012 470 11 15 0.326
549 299 9 9 0.316
356 280 9 9 0.315
82 352 10 13 0.314
1 443 18 19 0.303
135 387 11 13 0.302
660 524 16 19 0.299
436 310 9 10 0.295
38 276 11 13 0.291
980 216 7 10 0.289
587 245 9 10 0.288
133 584 31 30 0.285
501 315 9 12 0.284
346 507 12 15 0.283
303 284 8 10 0.277
518 312 9 12 0.274
554 339 10 13 0.268
571 298 9 10 0.264
436 584 14 15 0.264
205 605 28 19 0.260
522 323 8 10 0.259
531 286 8 11 0.259
65 320 14 16 0.259
309 333 11 12 0.254
719 503 13 15 0.252
275 480 12 15 0.251
606 234 8 10 0.249
142 149 7 9 0.243
685 326 10 12 0.242
200 387 11 13 0.240
233 626 16 19 0.237
80 573 17 20 0.235
229 325 10 10 0.235
264 207 7 8 0.232
239 284 10 14 0.232
594 203 8 9 0.223
96 138 8 10 0.222
470 600 17 20 0.219
902 260 8 9 0.216
278 256 9 10 0.213
669 252 9 11 0.213
920 356 9 12 0.212
339 361 10 11 0.205
500 463 14 18 0.205
491 352 11 13 0.205
991 223 8 10 0.204
123 153 7 9 0.204
338 320 11 12 0.203
117 360 12 32 0.203
206 376 13 15 0.202
1008 472 14 19 0.202
721 374 10 12 0.200
371 435 16 17 0.198
702 340 9 11 0.197
172 468 12 16 0.196
624 342 9 11 0.189
635 247 9 10 0.183
628 250 10 10 0.181
363 174 8 10 0.177
996 250 10 15 0.176
695 256 8 9 0.176
391 286 8 10 0.176
997 193 7 9 0.175
683 329 10 10 0.175
867 387 10 12 0.173
228 452 13 16 0.164
164 514 14 15 0.158
232 442 13 17 0.157
619 232 8 9 0.157
349 392 11 14 0.157
302 390 13 37 0.157
340 391 26 13 0.156
297 184 6 7 0.154
138 395 11 15 0.153
634 318 10 12 0.152
1014 220 8 9 0.151
975 370 13 15 0.151
296 339 10 13 0.151
519 309 10 18 0.148
996 147 7 9 0.144
723 286 7 8 0.144
39 294 11 19 0.142
586 312 8 11 0.142
369 273 7 9 0.141
682 362 12 12 0.141
652 469 16 22 0.140
663 235 7 9 0.139
106 291 23 14 0.138
249 313 12 14 0.137
992 363 12 15 0.137
991 386 11 15 0.137
194 544 15 17 0.134
174 241 9 11 0.134
261 304 9 11 0.133
752 459 15 19 0.131
243 295 11 14 0.131
334 357 12 14 0.130
977 411 13 15 0.129
651 235 10 10 0.128
651 490 13 17 0.128
893 396 10 13 0.127
571 448 12 14 0.123
56 292 10 10 0.122
412 199 9 10 0.122
312 471 13 41 0.121
366 382 17 15 0.120
295 287 14 15 0.120
526 299 21 11 0.120
620 438 12 14 0.118
656 125 7 9 0.118
380 311 9 10 0.118
1004 210 8 9 0.117
689 324 10 11 0.117
388 492 14 18 0.116
493 283 18 11 0.116
964 245 7 9 0.116
994 197 8 10 0.115
19 553 13 15 0.115
390 303 23 11 0.114
967 152 7 9 0.114
552 315 16 21 0.112
42 279 9 12 0.112
1006 480 15 19 0.112
100 287 11 14 0.111
392 613 16 18 0.111
741 342 9 11 0.110
238 254 8 29 0.108
599 318 11 12 0.107
358 277 7 21 0.107
588 314 14 12 0.106
118 236 8 10 0.106
964 326 10 11 0.102
569 290 9 14 0.102
605 120 8 9 0.102
444 305 9 11 0.102
670 359 18 18 0.101
55 341 10 13 0.099
969 320 11 38 0.099
214 415 21 18 0.099
593 319 10 10 0.099
175 302 10 39 0.098
916 157 6 8 0.096
917 160 8 8 0.096
492 331 12 16 0.095
564 225 9 10 0.091
310 359 12 15 0.090
633 361 13 15 0.090
294 297 11 15 0.090
988 378 13 22 0.089
366 154 6 8 0.089
240 159 12 15 0.088
334 157 7 7 0.088
590 150 7 15 0.087
313 339 12 17 0.086
330 313 11 17 0.086
953 177 7 9 0.085
42 184 9 11 0.085
576 165 9 8 0.085
493 325 17 18 0.085
137 272 10 11 0.084
92 317 11 13 0.083
706 255 8 8 0.083
945 331 11 13 0.083
519 155 7 8 0.083
292 258 8 8 0.082
718 342 10 11 0.082
947 329 14 13 0.082
949 150 7 10 0.081
335 388 39 18 0.080
575 140 8 9 0.080
406 279 11 11 0.080
176 482 12 19 0.080
178 489 13 15 0.080
742 342 11 14 0.079
275 257 9 11 0.079
139 151 8 10 0.077
840 452 11 13 0.076
622 418 11 15 0.076
723 283 6 17 0.076
17 289 11 12 0.076
100 286 10 11 0.075
760 484 12 15 0.075
355 296 13 13 0.075
941 332 10 12 0.074
536 257 11 13 0.074
518 490 13 17 0.073
901 159 7 7 0.073
520 480 14 18 0.072
627 252 9 10 0.072
599 266 9 10 0.071
879 403 11 15 0.071
615 188 7 10 0.071
225 143 7 8 0.071
509 298 20 19 0.071
620 230 8 9 0.070
478 303 11 14 0.070
496 500 14 16 0.070
46 168 7 9 0.069
672 359 11 14 0.069
588 282 9 12 0.069
577 184 11 9 0.068
118 229 9 13 0.068
382 414 13 13 0.067
932 146 8 12 0.067
697 254 16 9 0.067
322 318 12 11 0.067
158 120 7 9 0.067
173 195 7 8 0.067
607 178 7 10 0.067
2 157 7 10 0.066
237 333 11 13 0.065
390 164 7 8 0.065
349 159 7 7 0.065
670 319 12 13 0.064
978 331 21 36 0.064
648 237 26 8 0.064
369 432 12 15 0.064
169 195 10 8 0.063
1011 316 10 12 0.063
389 285 20 16 0.063
0 420 7 16 0.062
560 618 14 16 0.061
963 380 13 15 0.061
670 311 9 11 0.061
109 189 9 11 0.061
974 235 9 18 0.061
336 338 11 14 0.060
96 346 74 14 0.060
44 175 7 20 0.060
490 456 14 17 0.060
679 239 9 10 0.060
612 317 12 17 0.059
519 328 23 39 0.058
586 241 8 13 0.058
64 328 16 16 0.058
904 355 10 12 0.058
537 428 11 14 0.057
369 519 15 17 0.057
331 316 17 16 0.056
546 318 16 23 0.056
473 607 15 18 0.056
597 393 49 16 0.056
128 192 8 9 0.056
380 113 7 10 0.056
686 280 10 9 0.056
971 246 18 10 0.056
606 175 7 14 0.055
241 214 8 10 0.055
377 281 23 14 0.055
573 332 14 19 0.055
956 240 9 9 0.055
166 497 15 31 0.054
467 598 16 17 0.054
789 245 7 9 0.054
271 641 19 11 0.054
565 206 9 9 0.053
548 610 17 20 0.053
348 473 11 64 0.053
336 293 29 9 0.052
599 234 33 9 0.052
415 199 9 11 0.052
625 348 11 14 0.051
619 429 12 29 0.051
120 226 7 9 0.051
398 611 13 17 0.051
755 447 14 15 0.051
572 560 13 16 0.051
956 374 24 16 0.051
239 431 13 16 0.050
548 314 9 11 0.050
299 184 6 7 0.050
211 531 14 16 0.050
615 440 15 18 0.049
114 234 9 11 0.049
38 271 9 13 0.049
833 558 11 13 0.049
316 222 7 10 0.048
999 323 11 14 0.048
270 478 14 19 0.048
954 324 9 11 0.048
2 190 8 11 0.048
120 240 9 10 0.047
931 171 8 9 0.047
191 123 7 10 0.046
175 298 9 12 0.046
359 297 11 20 0.046
934 169 7 11 0.046
268 176 6 9 0.046
228 605 22 19 0.046
442 190 10 10 0.045
268 175 8 13 0.045
453 263 11 10 0.045
909 238 8 8 0.045
654 486 15 56 0.044
506 328 41 27 0.044
451 265 9 10 0.043
560 328 21 23 0.043
121 349 13 12 0.043
451 300 30 13 0.042
904 356 24 10 0.041
533 622 17 19 0.041
575 91 9 9 0.041
723 299 8 10 0.040
909 356 12 13 0.040
388 164 7 12 0.040
63 171 8 8 0.040
732 416 11 13 0.040
145 148 7 9 0.040
516 480 17 27 0.040
496 381 12 17 0.040
668 285 8 8 0.040
407 281 10 21 0.039
332 293 14 34 0.039
615 185 7 25 0.039
253 284 20 9 0.039
623 241 20 23 0.039
897 160 16 7 0.039
221 543 16 19 0.038
684 278 10 11 0.038
958 120 9 10 0.038
55 314 11 14 0.038
914 355 16 15 0.038
171 169 9 9 0.037
1002 322 16 19 0.037
438 193 9 9 0.037
372 335 11 13 0.037
666 280 9 16 0.037
111 231 8 10 0.037
338 261 7 9 0.036
415 167 7 8 0.036
425 468 14 16 0.036
959 239 18 14 0.036
692 281 9 9 0.035
763 374 11 11 0.035
411 145 8 9 0.035
240 606 18 21 0.035
176 169 7 8 0.035
400 443 14 15 0.035
490 577 15 16 0.035
499 139 7 11 0.035
114 191 9 10 0.035
436 295 11 10 0.035
610 374 43 42 0.035
996 143 11 12 0.035
960 118 8 15 0.035
147 340 23 19 0.034
424 279 9 10 0.034
290 197 8 9 0.034
593 133 8 21 0.034
892 173 6 9 0.034
68 424 12 16 0.034
709 359 21 11 0.034
407 453 20 18 0.033
124 152 30 8 0.033
619 95 6 27 0.033
606 305 13 35 0.033
426 279 7 31 0.033
391 280 26 10 0.033
478 120 10 25 0.033
552 570 13 16 0.033
238 612 19 23 0.032
163 193 8 8 0.032
997 192 10 30 0.032
640 233 20 18 0.032
219 302 11 11 0.032
135 324 10 12 0.031
511 495 15 16 0.031
149 450 11 13 0.031
979 213 19 19 0.030
1005 391 13 15 0.030
589 91 9 10 0.030
503 61 7 10 0.030
45 168 18 9 0.030
241 211 6 9 0.029
620 483 12 17 0.029
963 428 12 15 0.029
660 249 11 18 0.029
642 262 12 17 0.029
438 454 15 17 0.029
1003 246 12 11 0.029
336 181 8 10 0.029
745 323 9 10 0.029
39 265 7 10 0.028
534 258 15 18 0.028
507 122 7 15 0.028
386 176 8 9 0.028
129 165 8 9 0.028
274 477 11 13 0.028
580 186 31 8 0.028
300 610 15 20 0.028
899 160 30 8 0.027
417 176 8 9 0.027
1012 337 10 17 0.027
1004 209 20 22 0.027
644 178 22 27 0.027
344 532 12 14 0.027
957 325 16 14 0.027
967 383 13 16 0.027
767 373 10 10 0.027
96 285 9 10 0.027
43 189 9 10 0.026
388 416 12 15 0.026
619 489 12 16 0.026
546 206 7 8 0.026
347 376 61 38 0.026
644 234 10 9 0.025
474 583 21 24 0.025
671 377 12 13 0.025
555 565 23 18 0.025
680 91 8 26 0.025
594 391 20 16 0.025
934 155 9 29 0.025
367 156 13 8 0.025
275 336 28 83 0.025
583 126 9 9 0.025
211 442 14 17 0.025
721 361 12 14 0.024
567 205 7 27 0.024
381 345 12 15 0.024
535 267 12 21 0.024
124 251 8 11 0.024
660 145 7 9 0.024
699 351 11 23 0.024
579 166 6 31 0.024
551 313 37 45 0.024
19 415 17 17 0.024
535 431 12 25 0.024
107 405 11 14 0.024
237 453 19 15 0.024
682 253 10 21 0.024
665 113 14 32 0.024
180 144 12 9 0.023
122 128 6 8 0.023
757 452 13 16 0.023
840 448 13 25 0.023
695 380 10 12 0.023
361 221 9 8 0.023
371 257 10 10 0.023
371 160 20 8 0.023
973 363 29 45 0.023
539 422 11 15 0.023
868 390 28 26 0.023
979 281 8 10 0.022
381 222 8 9 0.022
620 100 7 33 0.022
40 184 7 11 0.022
592 510 17 20 0.022
288 181 14 18 0.022
233 546 16 20 0.022
107 190 25 10 0.022
364 265 10 21 0.022
891 156 6 8 0.022
287 158 6 8 0.022
553 203 11 8 0.022
633 74 6 37 0.022
57 209 9 11 0.022
892 170 7 14 0.021
521 493 12 16 0.021
8 433 17 25 0.021
602 319 13 130 0.021
3 182 7 33 0.021
3 206 8 11 0.021
608 368 11 27 0.021
654 141 11 12 0.021
1010 300 10 13 0.021
1014 282 8 30 0.021
460 260 10 9 0.021
84 570 16 20 0.021
285 182 13 10 0.020
13 416 15 16 0.020
208 154 8 9 0.020
657 80 8 9 0.020
139 401 14 19 0.020
