2_Demonstration_Political_Rally_2_895
83
981 169 19 23 0.742
559 204 9 10 0.368
339 222 8 10 0.336
318 210 9 11 0.321
346 223 9 9 0.202
621 200 8 10 0.169
476 206 8 9 0.139
99 216 11 15 0.134
578 202 10 11 0.134
440 210 8 9 0.133
505 203 7 9 0.130
810 178 12 14 0.129
308 213 9 10 0.112
477 210 8 8 0.110
414 214 9 10 0.109
437 211 9 9 0.106
336 218 10 10 0.089
474 206 8 9 0.084
894 192 10 10 0.081
229 202 10 10 0.080
687 200 11 11 0.079
681 201 10 10 0.079
147 229 11 13 0.068
201 204 11 12 0.066
834 192 10 12 0.066
116 201 10 11 0.066
659 207 8 9 0.065
744 201 9 9 0.061
144 214 10 19 0.059
299 213 14 9 0.058
601 203 9 9 0.056
1015 266 9 44 0.055
429 214 10 9 0.055
88 222 11 13 0.053
179 210 9 11 0.053
130 196 9 11 0.052
95 211 10 13 0.051
529 209 8 10 0.051
658 210 7 8 0.047
590 202 11 10 0.046
411 216 22 9 0.045
288 209 9 12 0.045
363 218 9 9 0.043
243 201 10 10 0.041
128 216 14 13 0.040
383 214 9 10 0.039
282 215 12 8 0.038
362 223 9 9 0.036
400 213 10 9 0.036
146 220 10 15 0.036
67 202 9 9 0.035
127 217 9 12 0.034
374 215 11 10 0.034
716 202 9 9 0.033
578 204 27 10 0.032
272 215 9 10 0.031
351 221 23 10 0.031
754 198 10 10 0.029
528 211 15 8 0.029
83 225 11 12 0.029
315 211 16 13 0.029
79 227 10 10 0.028
32 203 8 9 0.028
70 204 10 11 0.027
145 209 9 12 0.027
594 204 21 10 0.026
339 221 12 13 0.026
659 205 8 9 0.026
893 190 13 16 0.025
129 225 11 12 0.025
740 199 18 9 0.023
488 206 9 8 0.023
490 211 8 9 0.023
140 207 15 33 0.022
695 201 17 9 0.022
540 210 7 11 0.021
16 211 8 8 0.021
46 205 11 9 0.021
658 205 32 10 0.021
292 206 8 8 0.020
363 218 23 10 0.020
133 198 10 11 0.020
736 202 10 9 0.020
