2_Demonstration_Demonstration_Or_Protest_2_413
33
256 928 74 84 0.874
450 896 76 105 0.873
774 930 82 107 0.858
959 964 65 78 0.829
92 903 61 80 0.790
658 924 65 92 0.752
14 1087 29 36 0.618
551 732 30 41 0.585
429 819 24 27 0.432
870 1275 51 75 0.324
45 934 18 21 0.186
35 923 24 27 0.111
146 917 35 49 0.101
1002 1203 22 48 0.094
199 903 34 41 0.083
73 1090 17 21 0.080
641 726 28 31 0.069
29 919 22 28 0.059
725 857 60 82 0.057
158 471 12 14 0.047
1 952 17 40 0.045
155 497 12 17 0.042
877 1294 52 75 0.041
88 922 46 64 0.034
126 447 12 15 0.034
548 973 29 34 0.031
677 920 65 89 0.031
547 742 36 45 0.029
62 557 13 15 0.028
196 461 10 14 0.025
627 737 26 28 0.022
208 900 21 24 0.022
81 493 12 16 0.020
