2_Demonstration_Protesters_2_338
158
50 403 31 39 0.813
937 420 28 37 0.813
984 432 31 36 0.802
806 419 29 34 0.794
48 455 35 45 0.777
303 413 32 39 0.765
636 394 30 37 0.753
1001 477 23 36 0.725
727 397 31 38 0.716
77 397 28 33 0.619
614 394 25 33 0.619
692 404 27 30 0.602
343 381 30 36 0.531
977 224 16 19 0.482
678 439 27 37 0.473
45 377 21 24 0.468
907 432 23 31 0.445
942 192 17 22 0.433
872 113 14 17 0.411
973 413 20 23 0.408
945 159 17 21 0.366
872 145 17 22 0.327
758 396 21 27 0.274
660 431 19 25 0.271
614 393 50 35 0.242
845 418 18 24 0.225
390 423 28 39 0.224
318 190 12 15 0.198
273 197 14 17 0.194
509 414 23 28 0.192
69 370 16 19 0.168
849 419 20 26 0.154
908 398 23 29 0.150
465 464 25 37 0.142
975 415 30 47 0.141
699 68 14 15 0.135
291 376 23 28 0.135
61 372 20 22 0.133
40 380 22 30 0.123
863 445 23 33 0.120
898 501 24 37 0.119
164 416 32 33 0.114
726 481 31 42 0.114
391 226 13 15 0.112
834 18 12 14 0.111
35 393 18 27 0.106
725 458 27 33 0.101
431 319 13 16 0.101
338 134 16 19 0.100
11 376 27 34 0.099
203 422 27 36 0.096
755 399 20 32 0.095
592 421 30 36 0.095
810 502 46 48 0.095
319 65 14 18 0.095
392 415 31 37 0.092
372 199 12 15 0.090
319 378 20 21 0.089
15 372 21 25 0.082
302 146 13 16 0.081
792 93 10 12 0.080
997 392 20 24 0.079
297 202 14 17 0.078
500 411 25 30 0.076
975 199 14 18 0.075
1010 137 14 21 0.075
202 99 15 18 0.074
222 435 30 39 0.071
820 67 15 18 0.071
735 77 12 16 0.071
46 135 11 12 0.067
724 492 42 69 0.067
451 484 27 39 0.064
151 420 35 42 0.063
466 432 32 34 0.062
671 442 21 33 0.061
106 436 27 38 0.060
758 93 14 16 0.060
1011 404 12 23 0.059
821 449 28 36 0.058
539 431 24 33 0.057
915 423 22 33 0.057
518 414 31 36 0.056
378 15 34 50 0.055
1005 397 19 23 0.054
1 381 14 31 0.054
984 391 22 23 0.053
301 375 35 33 0.053
457 432 26 34 0.052
0 391 11 32 0.052
1003 200 16 23 0.051
0 429 10 50 0.050
112 435 32 49 0.049
242 383 29 36 0.047
1014 440 10 26 0.047
922 411 21 27 0.047
256 91 15 19 0.047
120 447 33 50 0.046
1009 434 15 29 0.046
904 440 25 33 0.045
70 121 12 13 0.045
821 64 12 15 0.045
873 150 18 23 0.044
860 419 17 24 0.044
824 414 29 32 0.043
202 168 11 13 0.043
47 371 17 19 0.042
122 397 21 27 0.041
480 422 25 31 0.041
890 508 27 39 0.039
750 90 21 21 0.039
772 396 26 27 0.038
802 391 16 20 0.037
349 176 12 14 0.037
389 430 20 28 0.037
392 437 21 28 0.036
299 206 19 17 0.036
397 434 31 36 0.035
287 376 54 21 0.035
74 366 16 18 0.035
531 421 30 35 0.034
215 426 31 39 0.032
7 386 23 34 0.031
584 425 31 36 0.030
56 377 19 22 0.030
978 213 17 21 0.030
277 198 14 17 0.029
252 362 25 51 0.029
391 199 12 15 0.028
325 416 25 35 0.028
370 199 25 15 0.027
240 113 15 20 0.026
0 400 8 35 0.026
203 386 33 44 0.026
968 410 18 25 0.025
355 381 26 35 0.024
122 403 32 30 0.024
1010 302 13 16 0.024
48 133 11 12 0.023
206 403 29 35 0.023
1010 417 14 30 0.023
423 502 31 39 0.023
15 369 17 18 0.023
945 194 24 19 0.023
740 77 16 16 0.023
878 113 13 16 0.022
784 71 12 15 0.022
346 208 13 15 0.022
478 432 21 27 0.022
729 464 29 38 0.022
789 392 24 25 0.022
127 450 48 59 0.022
294 387 23 27 0.021
988 219 15 18 0.021
294 109 14 15 0.021
202 314 15 11 0.021
770 404 24 29 0.021
941 163 17 24 0.020
