2_Demonstration_Political_Rally_2_881
45
598 63 139 188 0.861
127 380 51 66 0.833
246 351 56 73 0.830
291 574 52 64 0.817
756 161 52 65 0.809
228 251 41 56 0.801
143 216 34 44 0.801
221 499 51 73 0.795
112 535 52 57 0.766
154 272 42 55 0.759
196 198 43 52 0.757
329 169 38 46 0.748
63 272 43 55 0.743
177 556 57 63 0.731
332 630 48 52 0.729
271 197 40 46 0.714
79 183 38 50 0.569
329 317 41 48 0.502
190 273 39 52 0.472
19 196 29 43 0.409
372 209 42 51 0.265
0 343 21 85 0.200
443 177 59 102 0.168
290 198 31 39 0.144
399 170 27 37 0.110
165 195 32 47 0.103
248 606 37 43 0.098
74 195 31 43 0.084
33 628 65 55 0.076
36 199 32 41 0.075
1 294 41 55 0.070
929 667 53 16 0.060
384 221 33 41 0.037
12 167 30 54 0.029
420 193 71 96 0.028
9 163 20 29 0.028
0 371 14 66 0.027
84 621 53 62 0.024
0 342 15 55 0.023
63 623 62 60 0.023
65 204 37 47 0.022
164 562 45 54 0.021
18 149 45 44 0.021
0 392 19 88 0.021
365 208 36 43 0.021
