2_Demonstration_Demonstrators_2_665
228
0 360 42 62 0.839
890 499 64 70 0.829
170 189 39 42 0.827
387 286 43 47 0.816
659 322 41 45 0.809
408 158 30 32 0.801
287 175 32 34 0.801
696 224 33 35 0.795
43 111 31 33 0.793
476 240 38 41 0.793
674 516 61 67 0.788
786 242 38 43 0.786
166 390 58 58 0.783
362 255 35 37 0.773
35 176 35 37 0.764
343 100 22 25 0.758
824 428 42 48 0.741
116 182 34 39 0.739
2 82 22 27 0.731
267 297 36 42 0.728
34 28 14 18 0.724
493 149 23 24 0.721
595 229 32 33 0.716
398 217 27 31 0.715
177 130 29 31 0.702
754 158 17 20 0.697
58 54 19 20 0.691
17 289 50 53 0.681
569 162 27 28 0.667
843 184 18 23 0.655
729 250 32 34 0.653
113 32 14 16 0.623
63 15 14 18 0.622
867 236 25 28 0.614
348 67 13 15 0.594
195 30 13 14 0.590
384 98 20 21 0.588
544 127 18 21 0.586
639 147 17 19 0.585
730 186 22 26 0.573
247 41 13 16 0.567
965 289 29 31 0.566
828 168 16 17 0.556
246 108 22 26 0.555
175 64 16 17 0.553
620 112 14 17 0.552
154 102 28 28 0.482
433 107 18 22 0.469
141 26 14 17 0.461
909 394 40 49 0.443
566 94 13 15 0.437
678 142 18 19 0.414
827 223 27 31 0.409
480 117 18 20 0.404
905 322 33 35 0.389
95 3 12 14 0.377
385 41 8 10 0.372
691 173 22 22 0.371
269 90 20 22 0.349
898 186 14 17 0.329
156 44 14 18 0.299
128 79 25 26 0.287
813 144 12 12 0.269
224 10 13 14 0.244
1 17 11 16 0.239
186 11 12 15 0.237
822 166 19 18 0.235
372 73 13 14 0.233
243 301 40 36 0.231
247 170 28 33 0.231
675 138 16 18 0.223
683 144 21 19 0.221
253 13 11 13 0.217
504 101 14 16 0.216
399 50 8 9 0.211
513 132 19 21 0.200
189 94 20 21 0.184
431 89 16 19 0.182
137 70 21 24 0.162
604 234 31 33 0.155
194 95 23 25 0.153
267 53 11 13 0.152
162 0 11 13 0.146
813 159 17 20 0.143
283 29 12 14 0.142
813 145 14 19 0.137
690 161 21 27 0.131
689 140 16 18 0.129
228 7 12 15 0.129
306 1 8 11 0.127
13 26 14 15 0.126
203 100 20 24 0.125
834 228 25 30 0.124
208 1 10 11 0.119
920 230 26 28 0.115
0 49 10 20 0.111
53 107 31 32 0.108
343 30 11 13 0.107
410 104 17 20 0.105
172 0 13 12 0.105
910 348 39 43 0.101
276 99 22 24 0.101
163 0 19 12 0.096
132 3 13 14 0.087
3 20 22 21 0.084
393 416 47 60 0.082
66 102 28 28 0.081
231 13 12 13 0.080
39 55 19 22 0.080
957 236 24 27 0.069
345 19 10 10 0.069
286 33 12 13 0.068
911 234 24 27 0.067
439 53 11 13 0.065
218 12 13 15 0.065
137 3 12 14 0.065
205 59 17 22 0.063
919 322 27 32 0.062
857 237 26 30 0.062
420 97 24 24 0.062
275 19 12 14 0.061
515 126 20 24 0.060
343 23 10 12 0.059
923 277 33 34 0.059
451 109 18 22 0.057
442 60 11 12 0.056
427 91 22 26 0.056
928 238 24 27 0.055
697 436 45 51 0.055
344 17 9 29 0.054
61 7 15 16 0.053
219 7 15 16 0.053
273 14 10 16 0.052
246 15 11 12 0.052
693 145 16 19 0.052
65 11 14 18 0.051
16 177 32 32 0.051
319 25 11 16 0.051
448 81 14 16 0.049
335 432 41 55 0.049
444 56 9 11 0.049
243 4 13 11 0.048
156 54 16 26 0.048
965 234 33 27 0.047
46 0 12 14 0.046
399 48 16 11 0.046
282 107 18 21 0.046
315 1 11 8 0.046
980 233 19 23 0.046
209 4 27 15 0.043
152 108 26 31 0.042
917 385 44 48 0.042
27 304 43 46 0.042
635 131 18 20 0.042
991 420 33 53 0.042
869 169 18 18 0.040
819 226 27 35 0.040
681 152 18 20 0.040
207 118 19 25 0.040
278 25 16 31 0.038
275 34 12 17 0.036
798 164 15 18 0.036
164 106 21 23 0.036
320 28 10 22 0.035
641 140 17 20 0.034
374 51 9 11 0.034
845 238 22 28 0.034
912 198 16 19 0.033
67 98 21 24 0.033
314 200 29 29 0.033
302 71 12 14 0.032
506 104 18 21 0.032
757 197 21 26 0.031
341 30 14 18 0.031
855 173 21 20 0.031
170 0 11 10 0.030
457 98 19 33 0.030
429 13 8 9 0.030
249 4 18 11 0.030
974 367 40 44 0.029
331 49 13 14 0.029
506 212 30 33 0.029
158 1 13 14 0.028
243 116 21 24 0.028
210 67 15 19 0.028
553 208 25 28 0.028
777 200 24 27 0.027
206 108 22 27 0.027
145 74 21 20 0.026
425 43 12 13 0.026
298 97 17 18 0.026
881 236 25 24 0.026
551 161 22 27 0.026
903 223 30 33 0.026
314 47 13 18 0.026
128 85 31 30 0.025
248 117 25 26 0.025
429 203 25 26 0.025
417 62 12 14 0.025
322 0 7 7 0.025
283 59 15 16 0.025
617 233 26 29 0.024
876 197 14 20 0.024
926 399 37 44 0.024
165 33 19 22 0.024
381 72 13 13 0.024
317 35 12 14 0.024
263 53 12 14 0.023
459 97 15 20 0.023
351 22 9 12 0.023
874 230 24 30 0.023
352 17 8 10 0.023
550 127 16 18 0.023
474 76 10 12 0.023
317 45 17 19 0.023
414 46 10 12 0.022
197 50 17 20 0.022
839 206 22 31 0.022
270 30 15 87 0.022
0 28 12 32 0.021
359 235 36 42 0.021
502 92 18 18 0.021
144 306 39 44 0.021
187 5 59 36 0.021
905 239 24 25 0.021
793 168 19 19 0.020
802 166 20 20 0.020
452 89 18 17 0.020
