2_Demonstration_Political_Rally_2_906
206
508 246 86 114 0.865
85 262 97 106 0.853
427 470 149 137 0.807
278 627 27 38 0.791
191 279 22 25 0.791
29 315 29 31 0.768
733 422 29 35 0.731
174 403 127 114 0.729
675 617 35 37 0.722
310 256 28 30 0.694
132 235 17 19 0.678
322 330 25 30 0.669
998 268 16 20 0.668
251 270 19 21 0.663
358 219 25 29 0.657
222 232 14 16 0.618
275 235 15 18 0.579
663 341 22 32 0.572
916 240 13 16 0.567
833 637 52 36 0.546
617 618 19 24 0.507
789 295 22 27 0.506
1000 341 21 29 0.487
856 302 18 21 0.476
940 322 25 25 0.470
715 218 15 18 0.460
953 237 15 15 0.442
137 207 13 15 0.426
701 319 21 25 0.419
85 207 13 14 0.413
767 245 15 21 0.343
299 211 12 13 0.335
346 240 15 17 0.333
113 190 11 12 0.330
927 280 17 22 0.281
888 264 17 19 0.267
946 322 26 30 0.262
873 223 12 14 0.250
327 217 11 12 0.249
348 235 17 20 0.245
919 235 15 19 0.237
108 226 14 15 0.235
830 376 18 28 0.232
855 261 15 16 0.208
871 292 19 22 0.206
257 627 24 33 0.206
643 639 22 28 0.202
928 229 13 15 0.196
298 184 9 10 0.192
4 261 16 20 0.179
837 209 13 19 0.169
249 204 10 12 0.158
365 212 29 34 0.149
830 253 13 16 0.140
923 279 16 19 0.139
40 241 13 15 0.139
1014 249 10 17 0.136
701 284 22 24 0.135
28 275 17 23 0.133
718 212 15 19 0.131
865 304 27 33 0.129
908 381 32 34 0.126
970 265 17 19 0.125
141 175 10 11 0.122
761 213 15 20 0.121
85 220 14 16 0.110
799 251 15 21 0.108
687 286 22 21 0.104
349 179 10 11 0.100
32 282 20 19 0.092
70 309 15 19 0.091
916 403 30 40 0.089
977 213 13 14 0.088
596 433 27 34 0.088
89 216 26 20 0.086
899 312 21 27 0.082
338 39 44 57 0.080
327 250 19 22 0.079
218 206 11 12 0.077
271 306 23 27 0.076
958 323 22 28 0.075
893 232 13 15 0.074
800 196 11 13 0.072
768 251 15 22 0.071
398 173 10 13 0.069
155 217 13 20 0.069
193 222 12 14 0.069
855 236 15 17 0.068
991 229 12 14 0.066
739 244 13 16 0.065
56 183 10 12 0.064
950 256 14 18 0.063
113 227 13 16 0.061
796 280 16 20 0.060
836 216 14 16 0.060
9 271 16 22 0.058
652 625 51 31 0.055
859 263 17 16 0.055
836 202 12 19 0.055
951 243 13 23 0.054
965 207 11 13 0.053
898 208 12 15 0.053
75 179 10 12 0.052
30 269 24 75 0.051
974 261 14 18 0.049
1007 257 16 22 0.049
255 177 12 10 0.048
303 199 10 17 0.048
946 204 11 11 0.047
13 282 14 21 0.046
0 230 8 17 0.044
309 216 11 12 0.043
174 250 12 15 0.043
915 276 18 20 0.043
0 314 8 22 0.042
30 239 16 17 0.042
979 215 12 20 0.041
313 174 9 11 0.040
342 243 15 17 0.040
271 217 12 14 0.040
720 201 14 18 0.040
285 267 12 15 0.040
329 213 14 17 0.039
731 198 13 16 0.039
999 371 23 29 0.038
795 279 22 31 0.038
608 419 22 32 0.038
270 180 10 14 0.038
79 200 14 19 0.038
775 327 26 33 0.038
955 259 28 21 0.038
775 265 16 19 0.037
275 177 10 10 0.037
263 198 10 12 0.037
655 284 15 18 0.036
348 242 17 21 0.036
26 168 10 11 0.036
155 231 14 15 0.036
818 271 18 18 0.035
713 272 19 31 0.035
775 214 14 19 0.035
419 181 11 10 0.035
215 201 11 14 0.035
397 177 10 11 0.034
415 180 8 10 0.034
268 178 18 11 0.034
826 271 16 19 0.033
799 277 22 19 0.033
251 204 14 12 0.033
715 252 14 18 0.033
734 194 12 15 0.032
1001 249 20 37 0.031
868 230 16 27 0.031
943 205 11 11 0.031
857 227 21 17 0.031
156 223 25 19 0.031
898 263 15 18 0.031
339 160 9 10 0.030
698 313 20 25 0.030
40 285 14 16 0.030
982 220 18 25 0.030
726 340 25 38 0.029
194 222 19 18 0.029
905 299 24 23 0.029
857 295 21 22 0.029
222 187 9 11 0.029
253 640 23 31 0.029
190 165 9 11 0.028
668 258 15 19 0.028
221 202 12 13 0.028
1008 525 16 44 0.028
401 170 10 13 0.027
2 257 14 21 0.027
428 218 13 13 0.027
800 242 15 17 0.027
424 183 9 9 0.026
967 269 15 19 0.026
994 346 19 23 0.026
720 334 20 25 0.026
935 283 17 20 0.026
1005 210 13 14 0.025
171 226 21 15 0.025
889 234 16 17 0.025
224 345 23 23 0.025
1004 247 17 17 0.025
897 314 24 51 0.024
26 270 14 18 0.024
1 215 9 16 0.024
634 305 20 28 0.024
1009 204 11 20 0.024
1010 201 11 15 0.023
12 171 12 12 0.023
804 196 12 12 0.023
430 221 12 16 0.023
1015 225 9 15 0.022
190 200 13 14 0.022
325 180 11 15 0.022
406 178 19 11 0.022
994 229 13 21 0.022
296 257 34 23 0.022
838 251 20 19 0.022
1016 285 8 24 0.021
29 243 13 15 0.021
731 352 24 32 0.020
934 325 33 35 0.020
67 234 13 16 0.020
