2_Demonstration_Demonstration_Or_Protest_2_394
465
677 486 28 34 0.807
823 471 27 30 0.794
389 460 25 29 0.794
622 496 31 31 0.786
955 524 32 37 0.782
590 470 27 31 0.778
985 422 23 27 0.772
337 504 25 32 0.754
521 484 24 28 0.753
712 486 26 31 0.752
782 517 29 35 0.751
504 472 23 29 0.749
858 549 29 35 0.749
186 433 24 28 0.742
558 448 22 26 0.730
33 440 24 28 0.729
466 493 21 27 0.724
973 369 17 21 0.724
121 443 21 28 0.723
444 473 22 30 0.720
276 379 18 21 0.718
659 367 16 19 0.709
943 466 24 27 0.708
214 450 20 25 0.704
36 314 13 16 0.703
472 528 22 31 0.701
95 431 20 25 0.699
556 422 24 28 0.691
268 430 22 25 0.686
506 443 18 26 0.684
222 427 22 24 0.677
225 401 21 23 0.673
320 311 12 14 0.651
468 403 21 24 0.649
429 425 22 28 0.643
680 537 23 30 0.643
710 452 20 25 0.636
370 447 20 23 0.626
147 432 18 22 0.624
564 360 15 17 0.605
635 422 22 26 0.601
282 450 22 25 0.597
292 430 23 28 0.577
240 442 20 23 0.574
679 413 21 27 0.565
244 386 19 22 0.563
688 358 15 18 0.560
187 397 20 22 0.558
126 335 15 18 0.552
895 509 27 35 0.552
407 408 16 20 0.549
205 374 17 19 0.545
212 343 16 17 0.537
301 324 12 15 0.535
696 294 10 12 0.522
752 473 26 30 0.518
651 334 13 15 0.518
634 437 20 25 0.513
64 432 19 22 0.511
453 400 18 22 0.509
304 361 17 20 0.507
182 321 11 14 0.504
27 334 13 15 0.499
380 313 11 13 0.480
767 317 12 13 0.468
959 351 15 18 0.464
596 408 18 20 0.460
995 356 14 15 0.458
63 446 21 25 0.457
941 391 16 21 0.453
229 330 13 15 0.450
145 352 14 17 0.443
1 449 13 23 0.439
326 482 23 25 0.434
626 384 14 16 0.429
990 376 15 18 0.409
954 412 21 21 0.405
588 428 20 25 0.399
892 354 18 21 0.386
313 397 16 20 0.375
643 471 23 24 0.362
76 475 21 27 0.354
581 350 13 16 0.350
367 327 15 17 0.344
239 347 14 17 0.334
854 330 11 14 0.332
729 286 10 12 0.331
1004 457 18 28 0.331
130 355 13 15 0.314
103 346 16 18 0.307
335 304 10 13 0.303
884 375 17 22 0.289
471 434 22 27 0.287
460 288 11 13 0.278
561 292 10 11 0.274
202 343 14 15 0.274
274 435 25 29 0.271
320 291 11 12 0.271
58 522 24 29 0.261
574 401 19 22 0.259
109 286 8 11 0.257
1014 335 9 14 0.249
791 302 10 11 0.249
0 331 8 16 0.246
663 281 8 10 0.236
886 446 18 26 0.234
396 335 12 13 0.229
978 372 19 20 0.227
670 455 20 24 0.227
731 343 13 14 0.227
331 311 17 14 0.223
611 407 18 24 0.219
850 412 18 24 0.218
652 310 11 12 0.217
697 273 9 10 0.214
224 416 25 41 0.213
592 413 19 23 0.211
764 302 10 11 0.205
510 327 12 14 0.203
295 296 11 11 0.200
752 343 17 17 0.199
163 337 15 16 0.196
766 359 18 20 0.195
487 310 11 11 0.195
780 296 12 13 0.194
332 456 22 28 0.192
766 273 9 11 0.192
712 407 16 22 0.190
286 435 26 30 0.186
708 367 13 20 0.185
693 326 11 14 0.184
103 330 14 16 0.182
1014 421 10 24 0.179
238 316 12 15 0.178
994 463 22 26 0.175
207 424 18 22 0.172
784 298 15 13 0.171
725 360 17 23 0.171
590 408 19 45 0.170
739 366 17 21 0.169
911 412 17 27 0.167
373 321 15 17 0.158
1007 393 15 20 0.153
267 370 16 20 0.151
991 358 16 34 0.147
677 273 9 11 0.147
856 325 14 16 0.146
277 519 18 30 0.140
336 314 10 11 0.139
51 341 13 16 0.139
728 345 13 27 0.137
64 436 21 27 0.136
126 335 20 28 0.135
444 267 10 11 0.134
865 321 11 14 0.131
107 329 19 17 0.131
377 312 11 13 0.128
340 436 22 25 0.126
765 270 9 11 0.124
195 400 56 21 0.121
969 363 28 29 0.120
740 313 10 12 0.119
100 314 13 16 0.118
304 315 31 14 0.117
570 319 10 13 0.117
621 355 14 18 0.115
999 324 11 13 0.115
697 323 12 15 0.114
287 295 14 13 0.111
539 336 12 13 0.110
245 379 21 23 0.110
707 366 25 18 0.110
701 319 13 14 0.108
665 316 14 15 0.108
727 321 12 14 0.108
729 343 29 15 0.105
646 304 10 17 0.105
767 302 10 30 0.105
410 438 17 23 0.105
23 332 18 15 0.102
533 258 8 9 0.102
665 283 9 12 0.101
250 289 9 10 0.100
676 314 10 11 0.098
287 314 11 14 0.098
517 310 12 11 0.094
565 294 11 15 0.094
645 309 12 18 0.094
746 353 15 26 0.093
268 450 19 22 0.093
189 305 9 10 0.090
620 343 13 16 0.090
645 294 9 11 0.089
270 271 9 9 0.088
140 286 10 11 0.088
570 305 10 12 0.088
661 279 20 10 0.087
216 326 11 11 0.086
475 319 14 13 0.086
659 326 15 26 0.081
449 315 13 12 0.081
729 312 13 14 0.081
845 416 20 26 0.080
733 371 17 19 0.080
530 317 11 12 0.078
944 346 15 16 0.077
1011 486 12 33 0.076
511 345 10 13 0.076
690 407 41 24 0.076
169 339 13 15 0.076
715 364 44 24 0.076
727 316 17 15 0.075
673 314 14 15 0.075
90 314 21 14 0.075
76 345 16 16 0.074
724 343 16 41 0.074
536 358 14 18 0.073
27 337 24 16 0.072
350 274 9 10 0.071
563 427 24 26 0.071
525 310 14 12 0.070
415 435 25 25 0.070
793 286 9 11 0.070
350 342 12 16 0.070
576 408 18 20 0.070
351 442 27 23 0.070
602 295 9 10 0.070
314 354 17 21 0.069
206 326 16 19 0.069
853 355 12 16 0.069
328 438 25 24 0.069
237 308 10 14 0.067
255 325 12 13 0.067
888 355 20 30 0.067
961 513 33 39 0.066
729 331 14 34 0.066
546 270 8 10 0.066
208 276 9 9 0.066
128 331 14 16 0.065
645 417 23 26 0.065
185 260 8 10 0.065
782 267 8 12 0.065
438 271 10 13 0.065
744 362 29 18 0.065
351 338 16 17 0.064
726 433 18 24 0.064
606 382 29 54 0.064
879 378 18 24 0.064
489 309 15 12 0.064
505 322 17 24 0.063
16 338 16 15 0.062
658 310 20 12 0.062
281 293 10 13 0.062
361 292 8 10 0.061
309 257 9 10 0.061
346 351 14 23 0.061
889 341 13 16 0.060
913 404 17 26 0.060
723 324 12 13 0.060
971 508 28 32 0.060
843 423 21 29 0.059
682 596 27 35 0.058
618 360 15 17 0.057
155 260 9 10 0.057
459 285 13 24 0.057
1014 433 10 36 0.057
272 374 18 22 0.056
528 310 11 23 0.056
685 325 14 16 0.056
354 333 10 14 0.056
548 309 11 12 0.056
658 263 8 9 0.056
536 356 11 14 0.055
835 281 9 11 0.054
1015 492 9 38 0.054
416 254 8 11 0.054
813 330 12 16 0.053
944 360 14 18 0.053
303 422 21 24 0.053
291 267 11 16 0.053
816 297 10 11 0.052
314 308 15 15 0.052
617 415 25 25 0.052
475 310 25 11 0.052
260 305 10 12 0.051
340 357 16 16 0.051
344 360 15 18 0.051
89 315 10 13 0.051
460 300 15 21 0.050
790 298 13 19 0.050
284 395 16 22 0.050
780 267 8 18 0.049
480 445 19 27 0.049
942 352 14 21 0.049
785 463 22 25 0.048
910 420 19 27 0.047
511 313 14 33 0.047
147 350 16 25 0.047
711 401 15 19 0.047
766 293 26 18 0.046
323 346 13 15 0.046
477 430 20 25 0.045
695 355 20 20 0.045
387 303 9 10 0.045
947 324 13 15 0.045
1000 378 20 38 0.045
553 347 29 36 0.045
214 331 42 38 0.044
998 327 23 17 0.044
280 335 15 16 0.044
214 425 21 23 0.044
287 298 10 29 0.044
721 252 7 16 0.044
816 276 10 11 0.044
65 521 28 30 0.044
51 342 24 16 0.044
753 331 13 26 0.043
993 325 19 16 0.043
186 533 27 30 0.043
395 337 13 16 0.043
416 260 9 10 0.043
136 280 11 12 0.042
326 440 16 20 0.042
106 282 11 26 0.042
170 388 17 23 0.042
144 419 15 25 0.041
387 360 16 19 0.041
299 358 17 22 0.040
157 336 14 16 0.040
205 325 12 12 0.040
234 321 26 23 0.039
703 597 27 33 0.039
94 331 51 38 0.039
119 297 10 11 0.039
574 377 16 17 0.038
304 284 21 10 0.038
0 356 9 20 0.038
952 328 12 14 0.038
522 321 19 16 0.038
326 452 19 28 0.038
868 597 29 31 0.038
568 325 11 15 0.038
1018 571 6 40 0.038
265 268 18 11 0.037
531 416 17 21 0.037
501 314 12 19 0.036
135 470 21 22 0.036
700 443 21 26 0.036
843 434 19 27 0.036
160 315 12 14 0.035
563 323 19 18 0.035
605 383 13 15 0.035
897 503 39 35 0.035
450 300 12 25 0.035
936 511 23 31 0.035
432 291 10 11 0.035
97 312 34 55 0.034
746 330 14 26 0.034
506 378 15 19 0.034
216 265 9 10 0.034
847 439 26 30 0.034
253 280 12 17 0.034
546 340 16 13 0.033
435 290 15 13 0.033
945 318 11 15 0.033
160 318 24 13 0.031
740 327 28 66 0.031
590 441 23 28 0.031
435 314 21 11 0.030
654 413 15 17 0.030
92 311 12 14 0.030
889 455 18 24 0.030
933 502 23 33 0.030
275 327 16 16 0.029
534 339 12 16 0.029
461 308 16 26 0.029
797 355 13 18 0.029
672 292 18 10 0.029
941 361 15 49 0.029
684 286 28 27 0.029
331 490 25 29 0.029
646 355 14 17 0.029
851 353 15 33 0.028
507 437 16 23 0.028
616 337 13 14 0.028
274 270 28 10 0.028
415 252 8 9 0.028
483 320 12 14 0.028
857 444 21 29 0.028
646 356 21 20 0.028
81 346 29 14 0.028
541 359 23 15 0.027
534 365 15 20 0.027
1017 505 7 40 0.027
764 367 19 21 0.027
181 430 19 26 0.027
231 435 28 27 0.026
813 336 14 17 0.026
987 469 22 29 0.026
463 324 13 14 0.026
188 355 14 17 0.026
623 336 16 16 0.026
333 509 21 27 0.025
618 388 20 23 0.025
526 311 32 10 0.025
638 320 10 12 0.025
127 469 23 26 0.025
873 384 23 25 0.025
354 289 14 11 0.025
190 358 20 19 0.025
1017 532 7 35 0.025
73 275 11 12 0.025
739 277 16 12 0.025
549 326 18 23 0.025
609 365 13 17 0.025
182 258 13 13 0.024
292 273 16 22 0.024
814 298 11 19 0.024
80 478 24 27 0.024
53 419 17 20 0.024
737 373 17 21 0.024
654 415 23 23 0.024
52 427 21 22 0.024
577 395 20 21 0.024
1012 557 11 49 0.024
350 365 15 17 0.024
1011 385 13 21 0.023
481 421 19 23 0.023
390 307 10 12 0.023
94 327 15 17 0.023
889 513 23 28 0.023
205 263 16 26 0.023
719 429 21 27 0.023
736 363 28 26 0.023
336 340 28 40 0.023
105 280 13 14 0.023
835 303 11 14 0.023
764 274 13 14 0.023
743 271 10 16 0.022
947 317 14 46 0.022
670 338 15 17 0.022
96 262 9 10 0.022
58 421 17 23 0.022
519 311 18 17 0.022
605 294 9 11 0.022
1000 482 21 32 0.022
2 443 17 23 0.022
725 442 23 37 0.022
49 447 23 23 0.022
959 357 16 20 0.021
571 373 15 18 0.021
197 415 19 24 0.021
485 246 10 10 0.021
982 323 18 13 0.021
656 259 10 27 0.021
309 430 22 25 0.021
98 306 14 20 0.021
82 522 23 28 0.021
335 362 19 21 0.021
360 321 13 19 0.020
122 288 30 12 0.020
143 275 10 11 0.020
1009 350 14 28 0.020
694 441 21 21 0.020
445 265 12 32 0.020
