2_Demonstration_Political_Rally_2_465
88
162 171 39 51 0.767
606 216 23 29 0.735
462 199 25 33 0.726
500 199 22 26 0.662
502 251 32 53 0.628
626 222 23 32 0.604
296 289 20 24 0.596
706 268 22 30 0.526
583 302 38 64 0.517
585 210 15 21 0.512
961 192 17 20 0.429
806 173 19 21 0.422
354 192 19 26 0.362
350 223 15 19 0.349
764 187 18 21 0.310
824 222 20 25 0.293
439 153 8 10 0.233
361 193 21 27 0.205
793 187 14 15 0.199
418 155 11 13 0.199
734 212 17 23 0.181
353 194 17 40 0.180
911 244 26 33 0.157
690 240 24 32 0.150
442 207 22 28 0.145
483 160 9 11 0.130
916 258 21 25 0.119
871 204 19 22 0.111
843 367 38 53 0.105
404 151 10 12 0.100
971 322 23 28 0.092
309 282 20 23 0.090
544 218 26 31 0.075
852 378 35 51 0.069
743 251 26 28 0.067
881 201 21 22 0.066
314 277 18 23 0.062
365 160 9 10 0.060
966 188 15 19 0.058
758 216 20 26 0.052
571 207 23 24 0.052
700 250 24 39 0.052
527 198 16 20 0.051
885 202 27 24 0.049
843 390 42 53 0.048
905 238 25 28 0.047
538 164 10 13 0.044
618 208 18 22 0.043
696 237 25 39 0.043
480 159 9 11 0.041
905 199 19 23 0.040
431 154 13 13 0.038
530 187 19 37 0.037
955 192 18 19 0.035
837 203 16 19 0.035
543 173 12 16 0.035
512 156 8 11 0.033
374 198 22 23 0.029
774 250 20 23 0.029
484 161 10 11 0.029
755 208 23 25 0.028
885 221 22 23 0.028
694 232 22 30 0.028
462 192 17 20 0.027
766 289 27 41 0.027
803 164 19 24 0.027
356 189 12 16 0.026
589 317 38 63 0.026
757 245 27 28 0.026
386 199 20 24 0.026
538 166 15 21 0.026
783 256 23 24 0.025
505 172 11 13 0.025
772 296 35 44 0.024
552 225 21 26 0.024
856 364 27 39 0.024
937 183 17 20 0.023
839 363 32 39 0.023
755 224 22 28 0.022
363 167 13 13 0.022
517 80 9 11 0.022
352 211 16 24 0.022
881 269 24 28 0.022
735 252 20 29 0.021
884 200 40 33 0.021
843 255 23 30 0.021
976 319 25 29 0.020
595 214 17 24 0.020
