2_Demonstration_Political_Rally_2_586
303
345 461 57 74 0.865
67 489 64 79 0.865
627 486 65 86 0.860
898 589 78 98 0.858
379 571 81 111 0.852
709 422 39 48 0.852
12 494 39 47 0.848
520 411 50 63 0.847
852 454 61 75 0.841
828 428 34 42 0.837
341 424 27 34 0.837
455 426 39 49 0.836
210 518 42 51 0.836
103 401 24 31 0.818
1000 397 24 32 0.816
425 413 26 33 0.781
585 408 19 24 0.777
941 377 20 25 0.770
955 415 23 25 0.765
236 396 20 26 0.761
122 483 36 46 0.759
704 620 91 66 0.755
765 387 16 19 0.750
636 448 43 50 0.743
820 395 26 31 0.742
279 393 19 23 0.740
917 387 16 20 0.740
907 410 23 29 0.708
384 450 32 39 0.707
672 393 21 23 0.691
408 407 18 23 0.671
0 420 18 27 0.666
162 432 32 39 0.665
37 453 30 38 0.654
856 388 14 15 0.636
645 408 17 19 0.615
777 444 18 26 0.610
740 392 17 21 0.601
141 412 30 35 0.593
583 471 32 37 0.584
688 376 14 17 0.583
656 384 13 15 0.568
238 459 22 35 0.552
338 389 15 18 0.551
10 294 9 10 0.549
316 393 16 21 0.543
249 426 21 26 0.542
37 297 8 10 0.522
23 297 9 11 0.516
630 389 15 18 0.511
751 377 12 15 0.505
763 420 20 24 0.494
803 377 17 17 0.489
1014 464 10 58 0.483
202 412 18 20 0.482
613 390 12 14 0.471
482 367 10 12 0.456
532 384 14 16 0.442
357 454 58 62 0.441
478 394 18 21 0.433
385 391 13 15 0.419
227 377 12 14 0.406
963 389 13 18 0.399
882 387 15 17 0.383
199 379 13 16 0.376
196 363 9 11 0.370
415 410 24 29 0.359
702 369 11 13 0.356
374 360 9 11 0.345
153 375 13 15 0.334
435 383 11 12 0.330
578 380 10 11 0.317
812 375 13 15 0.315
471 385 13 15 0.306
621 365 8 10 0.305
785 408 16 21 0.305
922 365 9 9 0.300
884 394 18 22 0.298
645 364 8 10 0.292
129 392 14 17 0.291
410 387 16 15 0.280
358 361 9 10 0.273
577 393 15 18 0.265
597 378 11 13 0.249
509 364 10 11 0.248
862 365 8 9 0.246
981 389 16 20 0.244
84 416 13 16 0.235
862 365 10 14 0.233
793 359 8 10 0.227
217 378 10 13 0.224
683 397 20 21 0.216
869 375 14 14 0.216
346 361 8 10 0.215
261 386 14 17 0.209
894 379 11 12 0.207
716 402 22 22 0.205
389 364 9 11 0.204
677 368 10 14 0.197
175 440 25 31 0.190
843 363 8 9 0.187
239 386 17 27 0.186
288 382 16 18 0.186
670 376 14 14 0.184
512 380 13 15 0.180
21 298 18 9 0.180
294 374 12 18 0.177
203 378 19 16 0.176
389 368 9 11 0.174
858 368 13 36 0.169
578 383 11 19 0.166
421 391 15 15 0.166
391 363 10 14 0.165
296 372 11 14 0.162
401 377 10 20 0.157
231 364 8 9 0.156
455 379 9 13 0.155
264 390 14 16 0.152
141 357 9 10 0.152
172 359 7 9 0.152
679 374 27 17 0.148
995 382 14 13 0.146
413 367 10 10 0.145
212 376 29 15 0.144
471 386 17 21 0.144
243 373 12 23 0.142
645 365 13 11 0.142
126 389 14 16 0.140
560 382 11 12 0.140
567 366 9 11 0.140
423 375 16 14 0.136
247 366 9 11 0.136
151 416 27 34 0.133
506 397 14 17 0.130
987 384 14 14 0.127
423 370 12 13 0.127
1014 483 10 62 0.126
506 377 12 14 0.125
896 376 14 15 0.123
378 391 13 14 0.120
784 375 12 12 0.120
733 369 10 11 0.118
8 295 29 10 0.115
256 379 15 16 0.114
771 365 11 12 0.113
175 376 9 10 0.112
384 386 28 14 0.112
615 381 11 25 0.111
556 384 11 13 0.110
0 568 18 59 0.109
596 387 33 19 0.108
25 417 14 18 0.108
230 361 8 21 0.106
879 378 23 18 0.104
1013 381 11 14 0.104
35 416 20 17 0.103
799 380 15 16 0.103
580 380 29 12 0.102
610 390 44 18 0.101
405 387 33 17 0.098
792 359 11 19 0.098
10 293 14 13 0.097
602 398 15 16 0.095
772 364 9 9 0.094
687 449 23 29 0.088
133 417 21 26 0.087
411 370 12 35 0.086
172 355 8 20 0.086
154 427 32 38 0.085
328 423 24 27 0.085
691 361 9 9 0.081
582 386 21 19 0.080
895 375 10 11 0.077
341 361 26 10 0.077
148 358 8 8 0.077
326 365 11 18 0.076
516 376 27 22 0.076
123 357 9 10 0.075
562 376 19 17 0.075
601 369 9 18 0.074
904 379 14 13 0.074
657 359 9 11 0.074
226 363 12 16 0.073
815 372 16 17 0.073
623 387 55 17 0.073
594 379 24 14 0.072
452 382 12 15 0.072
127 386 11 13 0.071
976 391 16 19 0.071
689 401 17 20 0.070
693 401 18 17 0.070
845 375 21 10 0.069
696 364 20 21 0.069
322 374 13 14 0.069
342 376 12 26 0.068
226 400 71 24 0.067
669 365 16 23 0.066
572 378 20 35 0.064
381 413 19 26 0.064
861 369 13 15 0.063
498 361 11 10 0.062
815 366 19 17 0.062
919 376 12 34 0.061
449 365 17 13 0.061
642 361 10 27 0.060
49 456 34 39 0.060
667 364 10 8 0.059
811 364 8 8 0.059
775 403 58 25 0.059
375 388 53 17 0.058
151 376 35 12 0.058
816 382 18 29 0.058
0 500 13 36 0.058
378 403 17 29 0.056
537 361 10 17 0.056
286 372 18 17 0.056
0 51 34 118 0.055
629 363 10 10 0.055
603 361 8 9 0.055
249 362 8 8 0.055
331 364 25 14 0.053
277 365 20 13 0.053
370 392 15 15 0.052
315 400 17 20 0.050
537 361 10 9 0.050
397 358 10 11 0.050
250 387 35 19 0.049
15 417 21 25 0.049
331 372 19 26 0.049
649 376 20 16 0.049
267 359 12 12 0.048
197 363 12 24 0.047
230 400 20 25 0.047
257 359 12 8 0.047
755 425 19 24 0.047
133 395 13 16 0.046
265 364 24 14 0.046
361 392 13 17 0.044
907 390 19 31 0.043
774 364 27 15 0.043
884 400 19 22 0.043
828 359 11 9 0.043
805 361 18 26 0.042
455 364 19 14 0.042
474 402 21 23 0.041
43 525 19 25 0.041
120 358 28 8 0.041
833 374 14 13 0.041
570 446 21 26 0.041
361 399 12 14 0.041
925 366 11 11 0.040
834 351 8 18 0.040
158 387 19 15 0.039
461 401 14 16 0.038
683 363 9 9 0.038
264 374 19 22 0.038
502 386 13 28 0.038
125 357 16 14 0.037
789 416 16 20 0.036
513 387 27 20 0.035
706 361 9 9 0.035
1015 474 9 30 0.034
828 358 22 25 0.034
631 369 13 37 0.034
4 655 56 76 0.033
752 368 15 20 0.032
11 415 42 24 0.032
112 366 10 13 0.032
731 370 27 10 0.032
0 617 19 69 0.032
256 418 18 20 0.031
330 416 15 22 0.031
322 349 8 8 0.029
519 363 29 13 0.029
174 362 13 20 0.029
152 389 17 17 0.027
488 360 12 11 0.027
426 357 11 15 0.027
692 453 23 30 0.026
440 343 8 9 0.026
329 354 14 15 0.026
355 371 18 21 0.026
279 360 15 13 0.025
196 354 15 13 0.025
292 360 14 10 0.025
3 424 21 26 0.025
253 394 18 18 0.024
138 422 25 30 0.024
110 388 25 36 0.024
302 359 19 26 0.024
248 359 30 19 0.024
616 365 33 13 0.023
172 387 14 13 0.023
535 390 20 19 0.023
263 409 15 19 0.021
428 360 25 19 0.021
411 355 11 21 0.021
364 362 29 13 0.021
20 315 8 12 0.021
589 466 27 30 0.021
116 357 17 26 0.021
921 370 14 16 0.021
836 396 18 23 0.021
