2_Demonstration_Demonstration_Or_Protest_2_502
576
333 493 55 69 0.858
462 351 31 36 0.847
524 511 50 55 0.843
729 376 37 44 0.836
314 415 35 43 0.835
424 393 39 45 0.834
176 475 38 46 0.821
653 416 34 37 0.815
22 317 25 30 0.809
734 282 20 25 0.807
823 579 51 76 0.806
530 419 37 38 0.805
150 532 46 52 0.800
805 321 30 33 0.795
311 315 27 32 0.795
651 308 25 31 0.795
92 326 24 28 0.794
695 307 22 26 0.792
387 385 28 34 0.790
0 289 18 23 0.789
203 434 33 37 0.787
45 329 21 25 0.781
567 408 41 48 0.779
443 338 24 28 0.778
982 338 30 33 0.775
153 286 22 23 0.772
65 270 20 23 0.767
317 285 17 21 0.755
126 341 24 29 0.751
1007 284 17 23 0.750
939 257 19 21 0.750
581 301 19 24 0.750
166 315 23 30 0.749
174 384 26 34 0.748
830 254 18 21 0.739
412 291 20 26 0.735
682 235 16 19 0.727
94 293 20 24 0.727
885 353 26 31 0.727
174 231 11 14 0.725
392 625 42 38 0.719
903 266 21 24 0.717
575 272 17 21 0.712
921 233 17 20 0.710
923 316 27 29 0.696
33 367 28 31 0.694
134 316 18 25 0.693
92 261 18 20 0.693
246 281 18 22 0.690
863 265 16 19 0.686
972 246 15 17 0.685
844 291 21 26 0.678
300 239 12 15 0.677
351 235 16 19 0.675
258 257 16 19 0.674
986 230 15 17 0.666
381 300 23 29 0.663
217 242 15 18 0.661
465 220 11 14 0.661
278 212 11 14 0.627
668 237 13 16 0.625
543 326 21 28 0.621
863 435 33 43 0.619
1013 236 11 17 0.612
281 338 27 30 0.608
37 256 12 14 0.606
628 201 12 14 0.600
95 370 29 29 0.597
906 200 12 14 0.594
951 227 13 15 0.591
890 237 13 16 0.590
325 254 15 19 0.590
1010 389 14 36 0.580
426 271 16 20 0.575
816 192 11 13 0.569
318 213 11 12 0.557
531 228 13 15 0.557
903 302 21 24 0.553
441 237 12 14 0.548
83 411 26 30 0.547
807 264 16 20 0.542
278 304 24 23 0.538
611 226 14 17 0.535
52 242 14 15 0.516
596 204 11 14 0.516
560 204 11 13 0.514
376 205 11 13 0.512
292 392 26 30 0.510
861 239 14 17 0.510
676 197 10 11 0.507
542 204 11 14 0.502
192 214 10 12 0.500
712 218 12 15 0.487
465 201 10 12 0.480
831 216 12 13 0.479
573 195 9 12 0.474
345 258 14 16 0.472
493 199 10 13 0.470
785 183 11 13 0.470
1004 169 9 10 0.465
179 212 10 11 0.460
257 210 9 11 0.454
1 449 23 43 0.452
773 197 11 12 0.452
197 239 10 13 0.449
755 217 12 14 0.449
378 190 9 11 0.441
19 262 13 15 0.440
362 209 10 12 0.439
231 306 19 22 0.435
731 222 12 14 0.431
757 258 15 18 0.430
451 174 8 10 0.429
871 190 11 13 0.423
319 185 9 10 0.422
725 201 10 13 0.422
958 172 9 11 0.418
956 194 9 11 0.404
800 297 21 23 0.403
934 167 9 9 0.396
422 228 13 14 0.394
151 252 14 15 0.387
26 246 12 14 0.387
621 347 24 28 0.385
643 190 9 11 0.384
106 415 25 33 0.381
624 275 18 23 0.381
152 216 10 12 0.379
930 182 10 11 0.378
226 211 11 12 0.368
999 148 8 9 0.368
715 207 11 13 0.366
713 276 17 19 0.366
517 179 9 11 0.358
268 193 8 10 0.357
363 183 9 10 0.354
852 187 9 11 0.350
516 218 12 14 0.349
229 309 19 34 0.349
227 321 19 26 0.344
438 219 10 12 0.341
338 184 8 9 0.336
556 175 7 9 0.335
887 160 8 9 0.328
273 338 24 29 0.327
397 190 8 9 0.325
510 243 13 14 0.325
579 177 8 8 0.324
587 183 8 10 0.321
653 214 11 12 0.319
270 279 15 19 0.315
882 175 9 10 0.312
604 166 6 7 0.306
438 318 15 20 0.306
799 227 12 15 0.305
977 184 10 10 0.305
778 232 12 15 0.301
611 201 9 11 0.300
738 180 9 11 0.300
794 297 20 23 0.298
666 235 30 17 0.297
342 194 9 10 0.296
388 239 14 18 0.296
594 226 11 13 0.294
952 232 14 18 0.288
498 224 11 14 0.286
293 202 9 12 0.285
24 230 10 12 0.280
449 195 10 11 0.275
348 217 10 13 0.270
177 281 16 20 0.262
719 203 13 14 0.260
819 171 9 10 0.255
476 190 8 10 0.246
383 173 7 9 0.243
787 293 18 23 0.241
586 248 14 17 0.238
972 222 14 16 0.238
671 181 9 11 0.235
646 524 47 61 0.228
406 238 11 14 0.227
453 251 14 15 0.227
501 187 8 10 0.226
837 199 9 12 0.222
600 175 8 10 0.220
837 231 13 15 0.220
857 174 9 13 0.218
178 213 19 11 0.212
196 310 18 24 0.211
226 269 15 17 0.208
503 157 7 8 0.204
765 179 11 15 0.204
417 193 11 9 0.203
958 196 10 11 0.202
562 253 12 16 0.202
634 223 13 18 0.202
25 170 8 9 0.197
929 253 30 23 0.197
421 195 9 10 0.196
120 164 6 7 0.195
715 441 24 31 0.195
632 227 13 19 0.193
444 234 12 15 0.193
885 195 9 10 0.192
421 273 17 39 0.190
372 254 16 18 0.190
247 190 8 10 0.188
909 175 10 10 0.187
375 291 19 28 0.184
833 222 14 17 0.180
582 180 14 10 0.180
995 181 8 11 0.179
577 266 17 55 0.178
0 190 6 8 0.178
321 167 7 11 0.177
740 182 9 11 0.177
564 201 12 15 0.176
608 200 18 13 0.174
611 371 34 37 0.171
303 194 10 10 0.171
135 179 8 11 0.170
907 176 9 10 0.169
30 208 8 10 0.168
846 161 9 10 0.165
27 251 30 18 0.164
772 171 10 11 0.164
382 171 8 17 0.164
865 229 25 18 0.162
243 247 14 18 0.162
536 172 9 10 0.162
23 278 13 19 0.161
805 258 18 40 0.161
974 224 17 19 0.160
679 218 12 14 0.160
908 298 19 22 0.159
465 178 8 9 0.158
685 176 11 10 0.157
208 187 8 12 0.157
833 326 25 27 0.157
512 287 13 22 0.157
507 425 28 39 0.156
640 253 18 19 0.155
875 193 18 11 0.155
956 238 17 16 0.154
340 184 8 16 0.154
213 220 11 11 0.153
523 252 12 16 0.151
52 182 7 8 0.150
532 183 8 11 0.150
687 227 17 23 0.149
985 167 7 17 0.149
596 204 22 12 0.149
692 194 12 11 0.147
320 173 7 27 0.147
14 245 18 13 0.147
488 174 9 10 0.147
905 220 11 14 0.144
346 245 18 27 0.142
622 218 27 15 0.141
173 160 6 7 0.141
881 233 19 19 0.140
539 204 36 13 0.139
440 223 11 30 0.137
863 226 11 33 0.136
629 195 13 26 0.136
551 325 24 29 0.134
834 206 11 23 0.132
335 245 13 16 0.130
24 245 28 14 0.130
491 193 12 22 0.129
294 265 13 19 0.128
634 217 22 15 0.128
456 251 17 19 0.127
618 352 29 33 0.125
345 193 10 16 0.125
182 247 12 14 0.124
646 252 17 19 0.123
260 240 14 16 0.123
781 152 6 7 0.123
567 378 30 31 0.122
409 188 10 12 0.122
379 249 18 20 0.121
702 221 14 16 0.119
646 280 16 22 0.118
760 184 10 11 0.116
780 182 15 22 0.116
86 371 26 27 0.116
1014 147 9 10 0.115
496 280 16 19 0.114
305 195 10 11 0.114
457 248 15 15 0.114
216 220 11 14 0.113
733 160 8 10 0.113
258 233 13 16 0.112
705 219 38 15 0.111
240 251 12 16 0.109
344 294 18 22 0.109
858 220 14 16 0.108
540 193 12 41 0.108
20 188 9 10 0.107
18 188 9 9 0.107
24 247 24 26 0.106
691 222 16 16 0.106
498 186 10 21 0.106
673 198 11 14 0.105
849 173 14 20 0.104
585 181 19 10 0.103
411 231 19 15 0.102
192 183 8 21 0.100
685 168 8 21 0.099
293 207 10 12 0.099
210 222 12 14 0.098
487 242 12 14 0.098
427 174 7 22 0.098
605 186 10 25 0.098
652 172 10 13 0.096
535 174 9 19 0.095
321 254 41 20 0.095
526 227 15 27 0.092
467 252 13 15 0.092
862 236 45 17 0.092
2 173 8 9 0.090
0 183 7 19 0.090
913 161 8 21 0.090
871 178 12 27 0.089
669 177 24 10 0.088
189 213 19 14 0.088
179 289 17 22 0.088
21 227 14 18 0.088
949 213 13 65 0.087
985 182 11 11 0.087
910 153 8 8 0.087
1 206 6 15 0.087
768 234 14 16 0.086
935 156 8 24 0.086
856 190 32 11 0.086
452 178 24 8 0.086
151 187 8 20 0.086
281 169 7 25 0.085
0 415 19 40 0.085
1 226 7 22 0.085
784 228 33 17 0.083
409 213 11 12 0.083
255 176 11 18 0.082
29 219 8 10 0.081
138 215 9 11 0.080
90 416 23 28 0.080
252 239 20 14 0.079
710 148 8 22 0.079
701 190 21 11 0.078
250 178 10 21 0.077
818 239 13 16 0.077
801 225 13 14 0.077
510 202 9 22 0.076
64 160 7 9 0.076
428 162 7 9 0.076
544 317 15 25 0.073
744 202 13 16 0.073
885 154 8 33 0.073
408 249 14 16 0.073
338 195 10 12 0.072
932 321 23 28 0.071
143 170 11 9 0.071
640 281 18 23 0.070
376 286 15 24 0.070
847 154 9 35 0.069
820 153 8 7 0.069
407 215 10 13 0.069
4 239 17 13 0.068
530 213 11 13 0.068
437 198 11 12 0.068
228 172 10 27 0.067
485 156 7 12 0.067
106 160 7 9 0.067
436 192 20 16 0.067
209 174 7 30 0.067
463 260 15 22 0.066
655 215 31 10 0.065
982 177 23 16 0.065
194 167 6 41 0.065
487 162 10 27 0.064
290 195 21 17 0.064
701 277 21 60 0.064
634 253 16 19 0.063
602 160 7 30 0.063
635 231 14 24 0.062
7 223 18 9 0.062
623 177 18 15 0.062
708 171 10 30 0.062
1015 145 7 29 0.062
932 138 7 9 0.061
712 186 22 20 0.061
223 150 6 8 0.061
411 204 9 22 0.061
781 149 7 14 0.060
982 153 23 9 0.060
29 207 7 33 0.060
452 161 7 8 0.060
500 153 12 18 0.059
154 179 6 36 0.059
796 176 24 12 0.059
911 152 11 24 0.058
373 246 16 19 0.058
376 280 16 21 0.058
235 156 7 30 0.057
782 224 12 15 0.057
595 194 13 40 0.057
412 227 38 26 0.057
530 168 14 14 0.057
802 148 6 7 0.057
708 205 35 33 0.056
400 233 17 19 0.055
864 223 14 15 0.054
373 190 39 9 0.054
836 216 25 13 0.054
637 166 17 13 0.053
713 172 16 24 0.053
496 219 12 13 0.052
495 226 27 38 0.052
841 232 13 15 0.052
415 144 7 12 0.051
483 156 18 10 0.051
152 173 10 29 0.050
378 258 17 23 0.050
259 382 26 31 0.050
242 207 29 12 0.050
360 203 29 20 0.049
686 287 16 17 0.049
884 158 32 8 0.049
203 341 21 30 0.049
230 175 7 37 0.049
333 165 13 17 0.048
911 165 38 9 0.048
517 165 7 31 0.047
274 253 15 18 0.047
832 168 12 27 0.046
355 319 21 26 0.045
26 164 8 29 0.045
188 245 13 16 0.045
248 160 6 16 0.044
142 222 9 13 0.044
1 265 8 28 0.044
750 164 20 21 0.044
820 183 23 57 0.044
306 168 27 9 0.044
527 165 8 7 0.044
469 247 19 15 0.044
1 256 8 14 0.044
336 215 20 12 0.044
845 272 16 20 0.043
46 174 12 21 0.043
296 255 11 26 0.042
668 154 13 16 0.041
349 297 19 23 0.040
224 274 15 20 0.039
3 215 13 21 0.039
269 169 13 34 0.039
796 161 12 28 0.038
657 531 53 63 0.038
426 159 8 30 0.038
692 157 15 29 0.038
1000 219 13 15 0.038
168 210 17 43 0.038
574 375 23 26 0.038
396 246 19 19 0.037
654 244 21 17 0.037
64 158 7 8 0.037
251 188 31 15 0.037
45 165 7 19 0.037
361 178 10 9 0.036
203 192 34 10 0.036
970 155 21 14 0.036
809 290 18 23 0.036
23 180 10 28 0.036
278 244 13 16 0.036
808 149 13 25 0.036
506 215 41 44 0.035
853 142 8 10 0.035
482 158 7 27 0.035
613 172 20 23 0.035
432 163 12 8 0.035
692 151 10 25 0.035
970 157 19 28 0.035
807 235 22 19 0.035
356 365 25 33 0.034
654 219 11 13 0.034
401 287 21 26 0.034
639 155 10 26 0.034
935 135 9 27 0.034
881 192 28 13 0.033
856 203 14 16 0.033
714 157 16 32 0.032
137 200 19 26 0.032
205 371 22 32 0.032
652 163 16 22 0.032
156 161 5 11 0.032
967 219 14 17 0.032
857 291 22 22 0.032
562 326 20 24 0.031
839 334 23 28 0.031
33 187 8 11 0.031
973 153 7 8 0.031
756 153 7 7 0.030
828 159 22 23 0.030
396 163 12 23 0.030
952 338 26 27 0.030
579 267 16 23 0.030
135 203 10 14 0.030
33 156 8 8 0.030
174 180 26 14 0.029
645 281 29 24 0.029
932 136 7 17 0.029
281 183 13 30 0.029
766 181 18 33 0.029
671 152 24 19 0.029
610 167 22 16 0.028
81 154 8 15 0.028
745 262 22 18 0.028
363 174 25 30 0.028
350 286 43 27 0.028
804 157 24 25 0.028
833 149 8 8 0.027
426 176 37 13 0.027
109 420 36 33 0.026
707 151 11 41 0.026
516 272 18 23 0.026
899 131 8 11 0.026
965 202 17 14 0.026
274 294 20 26 0.026
0 405 15 34 0.026
334 301 19 27 0.026
218 158 11 32 0.026
244 256 15 18 0.026
135 167 22 34 0.026
494 179 15 80 0.026
992 265 13 16 0.026
1007 170 13 12 0.025
333 274 19 22 0.025
710 146 19 28 0.025
801 148 14 7 0.025
410 169 23 10 0.025
469 171 20 33 0.025
816 170 16 17 0.025
433 323 19 24 0.025
869 161 18 92 0.025
0 329 8 26 0.025
727 154 21 33 0.024
353 259 18 18 0.024
955 155 28 12 0.024
1007 216 10 16 0.024
625 165 24 20 0.024
229 204 13 17 0.024
792 198 14 12 0.024
1005 275 17 25 0.023
920 244 18 19 0.023
27 274 15 19 0.023
816 150 18 20 0.023
222 143 7 31 0.023
170 202 31 51 0.022
937 153 28 10 0.022
352 155 6 8 0.022
773 255 15 17 0.022
979 217 22 17 0.022
453 256 16 20 0.022
409 257 14 16 0.022
913 255 18 18 0.022
1014 241 10 20 0.022
652 361 30 29 0.022
865 162 25 21 0.022
330 148 9 27 0.022
669 152 9 42 0.022
486 154 7 6 0.021
37 375 30 34 0.021
705 281 18 20 0.021
828 149 24 25 0.020
215 166 23 32 0.020
