2_Demonstration_Protesters_2_534
36
506 237 50 66 0.851
980 221 44 82 0.845
366 246 50 60 0.840
729 315 67 71 0.837
843 242 62 67 0.832
197 271 60 72 0.823
5 273 49 68 0.791
626 258 33 56 0.685
407 78 32 27 0.590
149 18 15 18 0.471
106 93 16 18 0.337
13 143 25 26 0.333
0 20 12 20 0.146
215 1 18 17 0.137
318 133 26 26 0.115
96 3 16 15 0.062
126 13 13 15 0.060
155 20 15 18 0.049
91 3 13 15 0.048
180 142 26 29 0.043
108 96 18 21 0.041
76 121 18 23 0.036
14 3 14 20 0.035
21 7 22 21 0.033
410 3 12 12 0.033
11 0 20 15 0.032
27 13 15 18 0.032
17 0 23 15 0.031
9 0 13 13 0.027
221 6 16 15 0.026
84 1 30 17 0.026
208 2 14 13 0.024
335 2 15 15 0.023
940 0 33 19 0.022
66 0 19 14 0.022
105 100 17 20 0.020
