2_Demonstration_Protesters_2_1026
91
234 62 20 23 0.789
569 92 21 26 0.779
274 128 22 27 0.774
296 61 21 25 0.773
503 98 26 28 0.740
421 77 22 25 0.740
209 118 24 29 0.739
374 12 20 22 0.736
30 43 20 25 0.719
163 1 16 18 0.716
87 131 21 25 0.697
3 82 19 24 0.672
372 140 23 26 0.668
746 9 18 21 0.629
548 161 20 25 0.618
135 1 17 20 0.597
361 40 20 21 0.587
636 208 22 23 0.578
617 148 22 24 0.578
669 133 18 20 0.567
516 15 16 18 0.565
11 157 22 25 0.507
714 81 18 21 0.500
727 139 18 24 0.478
671 0 17 14 0.458
366 73 22 24 0.428
692 146 20 24 0.395
138 52 17 24 0.377
618 329 28 33 0.364
308 468 19 27 0.359
762 78 22 27 0.352
933 189 21 23 0.297
106 5 19 18 0.287
911 170 23 25 0.275
763 70 22 25 0.274
257 45 15 19 0.220
669 458 21 26 0.205
304 107 22 23 0.188
442 111 20 24 0.175
855 3 19 21 0.174
369 13 20 32 0.157
793 478 19 24 0.154
854 495 17 25 0.149
121 449 18 27 0.149
724 172 18 22 0.135
416 52 21 24 0.116
147 91 23 24 0.114
448 0 19 20 0.110
781 153 22 26 0.101
870 45 20 24 0.099
614 331 21 30 0.094
109 27 19 23 0.083
1011 467 12 26 0.078
969 141 21 23 0.078
56 102 22 25 0.071
987 71 18 24 0.071
942 550 21 25 0.070
283 10 18 22 0.065
208 526 24 34 0.059
3 19 13 21 0.057
11 168 21 25 0.057
86 73 21 24 0.054
152 66 24 25 0.053
60 16 20 25 0.053
609 332 18 29 0.041
977 170 23 27 0.039
149 75 25 29 0.039
804 25 15 20 0.037
807 342 45 40 0.036
715 439 20 23 0.035
970 140 23 41 0.035
6 154 22 23 0.032
442 59 17 21 0.030
602 0 19 12 0.028
98 3 16 20 0.028
56 17 17 22 0.028
815 1 13 13 0.027
707 182 19 21 0.027
803 10 21 34 0.026
773 161 29 28 0.026
161 65 22 26 0.026
782 147 18 23 0.026
4 23 16 23 0.025
119 169 22 30 0.025
703 440 37 27 0.025
623 321 25 34 0.025
18 520 16 28 0.024
901 175 22 26 0.023
837 288 28 37 0.022
1015 231 9 26 0.021
364 431 16 26 0.021
