2_Demonstration_Political_Rally_2_63
152
52 341 24 37 0.695
15 283 11 13 0.625
195 333 9 10 0.624
332 309 7 9 0.561
74 286 9 11 0.546
836 274 9 11 0.534
444 323 8 9 0.527
488 314 9 10 0.522
939 267 8 9 0.510
656 295 10 12 0.502
328 333 10 12 0.494
794 265 9 10 0.481
390 271 7 9 0.470
110 288 7 9 0.448
38 303 15 16 0.426
865 267 9 12 0.420
255 317 6 9 0.381
167 278 7 8 0.361
158 278 9 10 0.353
727 298 9 11 0.343
24 258 7 9 0.321
160 278 11 9 0.317
443 304 9 10 0.268
313 279 7 7 0.252
533 268 8 9 0.236
455 265 7 7 0.230
248 272 7 8 0.228
588 264 7 8 0.220
702 289 7 9 0.210
452 266 8 8 0.207
637 327 17 27 0.201
1 274 7 12 0.200
45 283 10 11 0.185
1016 307 8 15 0.170
709 261 6 7 0.155
606 264 6 13 0.152
470 337 9 10 0.151
663 263 6 7 0.149
47 303 13 14 0.136
538 254 6 8 0.133
172 278 7 8 0.127
697 267 6 7 0.126
550 242 6 7 0.125
306 279 7 8 0.122
342 278 7 8 0.119
220 270 6 8 0.112
278 334 8 11 0.103
781 273 9 10 0.102
449 266 6 7 0.097
382 331 11 14 0.093
653 239 10 7 0.089
503 223 6 6 0.089
580 264 17 8 0.088
72 287 8 10 0.086
514 242 6 7 0.085
479 233 7 7 0.084
312 331 9 10 0.082
468 269 8 8 0.075
602 286 7 8 0.074
715 303 9 10 0.073
655 238 5 6 0.072
516 212 6 7 0.071
121 288 7 8 0.070
155 278 7 8 0.070
118 288 8 8 0.066
565 270 7 7 0.065
708 291 9 10 0.064
472 272 6 7 0.063
391 269 6 7 0.062
648 296 12 12 0.062
672 249 5 7 0.061
465 332 9 12 0.059
808 268 8 8 0.059
208 274 7 8 0.058
697 265 14 7 0.057
277 328 10 14 0.056
818 269 8 8 0.054
574 260 8 17 0.054
339 279 7 8 0.053
828 271 15 10 0.052
578 256 7 18 0.052
377 282 7 9 0.052
832 273 24 12 0.050
801 245 6 8 0.050
499 209 6 7 0.050
289 302 7 9 0.049
732 255 8 8 0.049
379 334 12 13 0.048
792 267 24 9 0.048
749 267 7 8 0.046
703 288 8 9 0.046
645 297 8 10 0.045
23 258 7 8 0.044
206 274 7 9 0.043
343 280 7 8 0.043
446 296 8 10 0.043
480 230 5 19 0.042
359 329 11 12 0.041
617 282 7 9 0.040
577 266 9 8 0.040
453 261 8 8 0.039
780 216 7 8 0.039
564 271 7 9 0.038
531 321 8 9 0.038
481 236 5 7 0.038
606 261 6 31 0.037
848 277 9 10 0.037
499 224 9 9 0.037
375 330 19 19 0.037
510 241 12 9 0.035
88 328 20 24 0.035
705 329 14 20 0.034
735 255 7 8 0.034
532 326 9 11 0.033
658 242 21 7 0.032
742 281 7 7 0.031
204 274 20 8 0.031
275 353 11 13 0.030
511 215 8 11 0.030
566 240 8 13 0.030
807 303 9 10 0.030
445 322 13 14 0.030
632 268 13 9 0.029
367 329 21 14 0.029
110 336 11 14 0.028
634 264 13 13 0.028
708 326 14 16 0.028
360 430 13 14 0.027
68 305 10 11 0.027
33 305 13 14 0.027
635 253 6 30 0.027
639 268 10 9 0.027
1011 301 13 23 0.026
803 247 7 9 0.026
657 229 4 37 0.026
708 258 10 12 0.025
942 285 9 10 0.024
797 248 7 27 0.024
848 263 9 19 0.024
181 278 7 12 0.023
353 330 15 11 0.023
33 275 12 15 0.023
634 236 13 15 0.023
634 240 29 6 0.023
445 286 8 18 0.022
63 300 18 16 0.022
515 211 12 8 0.022
607 269 17 22 0.022
734 278 16 9 0.021
0 291 7 17 0.020
667 240 5 31 0.020
117 290 9 9 0.020
