2_Demonstration_Protesters_2_631
76
593 255 57 74 0.877
179 16 38 46 0.830
397 187 37 47 0.823
357 120 38 47 0.821
725 316 81 93 0.808
261 196 39 47 0.807
588 96 24 32 0.796
744 10 26 34 0.787
616 195 49 62 0.763
577 42 19 25 0.762
330 297 57 64 0.726
512 47 17 20 0.672
281 47 20 25 0.624
670 21 21 24 0.566
850 10 30 36 0.561
120 61 19 21 0.560
157 58 20 22 0.518
243 59 22 25 0.485
622 178 43 55 0.440
262 91 22 29 0.431
73 73 18 24 0.414
92 192 22 31 0.348
619 90 16 21 0.341
521 123 24 32 0.313
664 121 26 32 0.308
100 97 17 21 0.280
466 161 31 37 0.278
86 75 23 24 0.247
698 31 19 21 0.214
467 19 25 28 0.204
275 50 19 25 0.172
91 62 17 19 0.125
770 177 41 41 0.121
786 97 25 30 0.110
345 66 18 19 0.108
443 146 25 31 0.104
411 96 21 27 0.099
322 59 16 20 0.096
523 182 25 31 0.091
590 5 21 23 0.087
426 220 42 54 0.077
113 265 29 33 0.066
327 63 38 21 0.057
271 59 14 16 0.056
755 54 29 31 0.052
0 26 9 28 0.052
464 1 24 22 0.051
434 102 22 24 0.050
653 13 21 22 0.046
831 184 34 43 0.043
292 52 50 23 0.042
655 113 27 34 0.040
522 100 19 25 0.038
287 42 28 28 0.035
651 29 21 24 0.035
323 63 22 21 0.034
824 290 52 56 0.032
647 10 37 29 0.032
866 199 46 51 0.031
705 29 19 22 0.031
303 200 32 37 0.031
671 11 24 26 0.030
645 5 26 23 0.030
293 177 43 52 0.030
678 80 19 23 0.027
651 115 20 29 0.026
787 71 22 24 0.025
812 70 18 25 0.025
782 0 21 21 0.024
584 187 30 32 0.023
448 35 22 35 0.023
293 50 20 25 0.023
155 94 16 18 0.023
461 14 27 29 0.023
488 372 65 84 0.022
890 0 54 27 0.021
