2_Demonstration_Demonstrators_2_536
35
873 445 39 45 0.760
993 444 21 26 0.629
64 521 26 27 0.486
739 434 19 21 0.361
547 53 38 44 0.351
767 431 21 32 0.350
325 287 16 20 0.312
669 403 23 27 0.269
483 79 35 50 0.260
916 414 23 27 0.194
185 394 23 34 0.133
747 433 19 22 0.120
183 362 25 39 0.103
623 465 31 43 0.098
813 427 18 25 0.095
432 97 23 30 0.062
8 423 18 27 0.053
745 302 15 17 0.052
374 434 21 28 0.046
370 428 22 28 0.041
581 59 33 44 0.041
546 33 48 57 0.036
375 427 30 29 0.036
918 420 23 28 0.034
599 288 15 18 0.034
561 176 24 39 0.031
906 410 20 24 0.029
178 378 25 41 0.028
573 199 24 38 0.028
285 410 28 37 0.027
558 173 20 29 0.025
293 404 26 33 0.024
326 442 26 33 0.022
587 473 16 23 0.022
534 59 31 40 0.020
