2_Demonstration_Political_Rally_2_149
47
786 355 48 64 0.837
315 370 30 38 0.798
16 18 291 327 0.787
969 358 46 66 0.767
686 365 21 27 0.741
712 371 15 19 0.639
282 365 21 26 0.633
488 384 14 19 0.557
528 361 32 47 0.553
747 370 16 21 0.485
268 369 24 26 0.426
434 370 13 21 0.299
691 346 9 12 0.279
479 401 13 15 0.249
742 357 17 16 0.236
779 352 11 13 0.233
748 359 14 17 0.194
723 346 12 12 0.181
739 356 13 14 0.155
345 364 33 54 0.153
706 353 12 15 0.108
505 380 14 19 0.087
710 347 10 13 0.087
762 364 17 23 0.086
715 346 23 11 0.072
770 376 21 27 0.069
726 363 18 21 0.064
780 348 14 17 0.062
622 313 56 63 0.059
429 371 20 32 0.058
485 409 16 18 0.056
751 368 69 37 0.055
492 413 12 13 0.052
767 353 19 20 0.041
263 370 18 24 0.037
601 302 69 68 0.035
324 368 33 43 0.035
645 331 32 41 0.034
711 346 8 10 0.030
529 372 21 30 0.027
787 348 12 16 0.027
767 386 20 29 0.025
439 379 11 15 0.024
710 349 17 40 0.024
525 379 21 28 0.022
510 348 11 15 0.021
431 414 16 21 0.020
