2_Demonstration_Demonstrators_2_332
31
787 508 124 170 0.835
910 461 98 114 0.818
906 68 51 73 0.817
86 92 46 71 0.806
492 274 88 112 0.789
947 0 52 47 0.787
205 341 87 117 0.783
820 105 54 70 0.780
926 338 89 116 0.732
309 120 86 127 0.706
918 198 64 99 0.649
376 393 61 104 0.583
52 385 45 56 0.445
630 100 40 63 0.415
0 253 23 66 0.293
171 67 59 80 0.247
29 94 47 59 0.208
299 42 48 50 0.155
103 13 41 50 0.145
204 66 63 80 0.093
33 380 55 72 0.064
256 7 21 22 0.061
169 57 48 59 0.060
0 0 13 16 0.052
218 49 53 73 0.042
186 80 57 71 0.034
0 483 9 71 0.026
21 390 54 78 0.025
347 316 64 76 0.025
619 256 22 29 0.023
3 244 27 64 0.021
