2_Demonstration_Political_Rally_2_404
33
831 378 38 49 0.879
429 330 33 41 0.815
721 351 37 45 0.789
324 433 32 35 0.759
662 444 28 30 0.687
520 450 32 33 0.658
195 539 37 48 0.415
443 529 42 52 0.411
395 434 19 28 0.360
131 583 49 92 0.235
264 358 19 23 0.177
208 530 38 44 0.169
265 503 24 30 0.168
962 409 9 10 0.135
979 408 11 12 0.107
559 447 20 24 0.099
253 525 21 29 0.083
102 407 8 10 0.078
583 454 21 27 0.069
219 526 31 37 0.067
979 432 22 29 0.066
517 414 25 25 0.056
631 432 14 17 0.044
214 526 62 35 0.033
0 534 20 58 0.032
250 511 33 40 0.030
561 451 33 26 0.029
972 409 21 14 0.027
165 496 14 17 0.027
150 485 12 18 0.022
239 526 32 31 0.022
174 509 30 43 0.021
985 438 34 21 0.021
