2_Demonstration_Political_Rally_2_941
26
148 163 59 67 0.846
412 98 65 77 0.828
823 102 75 87 0.825
1 302 67 83 0.819
552 59 70 76 0.813
503 76 57 68 0.800
136 82 61 66 0.781
305 48 63 76 0.781
361 37 54 58 0.766
622 105 65 85 0.745
372 101 53 70 0.714
916 134 42 61 0.372
98 83 28 38 0.140
264 338 68 66 0.130
33 122 45 50 0.121
691 127 63 58 0.059
789 110 53 65 0.045
797 98 69 75 0.041
99 91 36 50 0.040
357 2 45 35 0.033
22 99 52 62 0.031
618 82 49 70 0.027
277 355 61 60 0.025
69 103 42 48 0.024
271 323 58 58 0.022
0 97 10 44 0.022
