2_Demonstration_Demonstration_Or_Protest_2_317
23
539 176 202 312 0.865
799 182 164 198 0.862
519 79 31 40 0.838
0 174 32 71 0.787
401 103 22 29 0.775
767 127 49 56 0.772
730 34 42 51 0.659
282 97 21 27 0.632
101 183 30 39 0.314
109 62 95 125 0.154
868 15 43 56 0.071
660 459 105 114 0.069
632 44 26 31 0.067
147 118 49 71 0.042
866 35 39 48 0.040
733 83 35 35 0.039
817 126 37 60 0.033
730 185 43 51 0.033
877 8 40 48 0.026
106 187 40 45 0.026
716 172 46 69 0.025
276 198 152 180 0.025
92 167 32 45 0.024
