2_Demonstration_Demonstrators_2_190
73
520 145 41 59 0.747
237 19 44 54 0.742
643 120 46 52 0.715
20 36 20 27 0.697
320 81 43 57 0.644
809 84 36 44 0.634
948 177 49 62 0.618
817 24 20 26 0.617
872 62 17 22 0.598
857 156 38 45 0.592
478 39 33 39 0.562
351 46 39 45 0.561
971 30 20 26 0.556
848 29 16 21 0.513
895 33 21 26 0.498
953 38 16 21 0.474
407 70 41 47 0.426
715 70 28 36 0.399
765 26 17 20 0.380
1005 32 15 24 0.378
648 41 28 36 0.378
737 29 17 23 0.299
1001 106 22 31 0.225
944 84 24 28 0.193
471 49 36 40 0.156
955 60 18 23 0.147
400 78 40 52 0.144
693 22 12 14 0.120
797 25 17 21 0.117
1000 37 21 28 0.102
657 56 28 34 0.093
991 54 20 24 0.080
72 47 33 45 0.077
661 20 25 30 0.070
863 85 28 34 0.065
707 70 24 35 0.064
507 303 27 31 0.061
695 311 39 47 0.059
328 69 40 57 0.057
0 76 10 31 0.053
670 18 18 20 0.053
50 31 19 24 0.050
828 85 60 37 0.047
821 93 31 38 0.046
890 31 21 24 0.046
715 29 18 21 0.043
653 27 26 38 0.041
691 21 22 17 0.041
729 116 34 37 0.037
820 19 18 24 0.036
769 229 50 59 0.035
665 51 25 33 0.033
921 312 46 50 0.033
215 0 27 24 0.033
940 81 21 25 0.032
227 115 33 39 0.031
481 27 30 40 0.030
667 10 18 18 0.029
952 84 24 27 0.029
1015 43 9 30 0.028
73 41 22 30 0.028
834 95 23 33 0.028
944 91 26 34 0.028
558 80 26 35 0.027
959 63 20 25 0.026
619 70 28 33 0.026
528 51 30 36 0.024
951 46 18 25 0.024
657 19 21 25 0.024
343 0 33 31 0.023
895 17 19 29 0.022
722 92 34 55 0.021
72 55 22 28 0.020
