2_Demonstration_Demonstrators_2_796
38
856 89 43 45 0.862
290 198 111 149 0.827
722 342 128 150 0.822
631 169 85 108 0.816
632 77 35 48 0.811
163 63 51 72 0.762
744 30 20 23 0.663
220 151 60 85 0.634
882 159 43 54 0.513
396 191 134 161 0.474
667 85 27 33 0.382
0 76 19 72 0.324
892 148 60 68 0.245
990 187 34 79 0.188
679 79 26 27 0.151
987 51 16 18 0.135
87 84 66 86 0.131
0 63 39 89 0.076
959 64 28 32 0.066
829 50 9 10 0.063
905 140 48 58 0.053
874 169 39 49 0.043
641 35 9 10 0.042
93 300 110 167 0.040
969 51 36 29 0.036
892 197 69 73 0.033
774 164 58 68 0.033
0 51 24 84 0.033
215 77 22 39 0.032
345 91 48 67 0.030
639 47 11 11 0.027
666 93 30 41 0.027
640 32 9 21 0.024
980 44 20 19 0.023
648 155 41 48 0.022
887 172 54 69 0.022
976 42 15 17 0.022
866 173 31 47 0.020
