2_Demonstration_Political_Rally_2_879
43
343 105 97 126 0.881
170 227 57 63 0.873
468 126 99 126 0.861
0 250 28 40 0.708
903 326 20 23 0.700
101 228 14 17 0.590
244 212 18 21 0.555
855 317 14 16 0.518
975 477 25 29 0.510
793 314 13 17 0.398
769 311 11 15 0.338
812 309 12 15 0.312
703 438 31 34 0.272
953 321 14 17 0.271
49 211 20 26 0.264
808 288 11 13 0.229
835 310 13 15 0.150
807 311 15 15 0.114
927 361 18 18 0.103
991 322 11 17 0.102
793 311 29 17 0.081
751 336 15 18 0.072
821 309 29 16 0.063
942 293 11 10 0.062
31 233 25 28 0.061
781 294 11 13 0.046
944 289 12 17 0.041
791 439 21 41 0.037
37 309 27 38 0.035
952 304 10 24 0.033
795 456 18 24 0.033
993 311 18 20 0.030
123 263 20 24 0.029
758 436 34 34 0.028
777 284 9 12 0.026
793 431 21 29 0.025
790 321 13 17 0.024
780 282 10 25 0.024
5 231 27 51 0.023
731 304 10 10 0.022
782 293 30 12 0.022
1016 488 8 25 0.022
979 304 12 14 0.021
