2_Demonstration_Demonstration_Or_Protest_2_1006
324
617 141 15 19 0.737
591 263 18 20 0.712
678 249 15 19 0.686
227 192 15 18 0.685
180 86 13 15 0.639
385 199 15 18 0.636
474 214 14 17 0.635
220 294 16 20 0.624
475 265 15 18 0.611
29 39 13 16 0.602
841 132 14 17 0.587
539 254 16 20 0.577
742 93 15 18 0.573
918 229 16 20 0.570
131 52 13 15 0.564
530 142 14 17 0.561
256 124 14 17 0.559
962 105 13 17 0.557
398 70 13 16 0.555
700 214 16 19 0.553
436 269 16 19 0.551
317 251 14 17 0.550
148 160 17 21 0.545
94 190 12 15 0.537
738 239 17 20 0.536
502 252 14 18 0.532
27 107 16 18 0.525
424 126 15 17 0.520
354 148 14 17 0.512
246 190 13 17 0.509
427 154 15 17 0.485
920 89 14 17 0.481
2 205 14 16 0.468
277 88 13 16 0.464
338 120 14 16 0.443
615 33 13 17 0.436
783 152 14 17 0.432
766 183 17 21 0.425
479 172 16 19 0.422
655 144 13 16 0.418
591 67 14 16 0.402
232 66 13 16 0.388
105 312 14 18 0.381
278 196 15 19 0.379
711 268 15 18 0.363
2 71 12 15 0.336
55 42 13 15 0.332
654 169 15 17 0.325
94 1 13 16 0.324
703 74 13 16 0.309
106 106 13 15 0.299
334 289 17 21 0.285
897 86 12 16 0.277
95 123 13 15 0.271
183 27 11 13 0.269
162 152 14 16 0.261
853 72 13 15 0.254
649 350 17 22 0.252
650 42 14 18 0.252
775 48 11 13 0.249
389 239 15 18 0.248
902 158 14 17 0.226
415 44 14 17 0.225
1011 633 13 24 0.224
576 220 15 18 0.223
130 45 14 18 0.221
526 189 17 20 0.221
752 1 14 18 0.219
791 18 11 14 0.212
629 231 16 21 0.195
527 200 16 21 0.195
989 11 10 12 0.193
438 19 11 14 0.186
399 279 16 21 0.182
283 11 12 15 0.173
439 86 13 16 0.172
606 180 15 19 0.168
270 327 16 20 0.165
906 281 16 18 0.165
119 158 13 17 0.165
684 8 12 16 0.164
185 114 12 15 0.163
790 88 12 15 0.162
284 177 14 16 0.153
300 42 12 15 0.152
33 164 15 16 0.146
756 246 15 17 0.145
792 116 14 16 0.143
655 145 13 38 0.139
319 16 11 13 0.135
209 0 10 11 0.135
118 6 10 13 0.134
283 199 16 18 0.134
131 40 13 15 0.134
839 211 15 18 0.133
533 143 16 19 0.133
66 88 13 16 0.130
732 65 12 14 0.127
492 123 16 19 0.123
501 340 17 20 0.122
972 324 17 18 0.122
959 0 10 11 0.118
639 215 15 18 0.115
8 135 13 15 0.115
52 48 14 15 0.112
334 29 13 13 0.111
189 24 14 14 0.111
472 28 16 16 0.108
463 30 13 16 0.107
401 273 15 19 0.104
778 307 16 19 0.104
506 11 12 15 0.104
151 0 11 13 0.103
827 102 12 15 0.102
470 46 15 17 0.100
1003 340 12 15 0.099
822 174 16 18 0.099
337 67 15 17 0.098
835 63 15 14 0.097
278 187 14 19 0.093
398 263 14 18 0.093
1011 73 12 15 0.093
916 237 16 19 0.088
113 95 14 18 0.088
859 109 13 17 0.085
71 340 14 19 0.084
839 36 12 14 0.084
167 61 12 13 0.083
301 36 12 16 0.082
93 112 20 24 0.081
158 435 16 21 0.079
779 206 16 19 0.078
1007 638 16 29 0.078
965 136 15 17 0.077
440 265 16 18 0.077
600 377 18 21 0.077
334 50 13 27 0.076
961 57 12 13 0.075
243 10 11 15 0.074
532 123 13 71 0.074
556 43 14 18 0.074
99 123 13 15 0.073
356 8 10 12 0.071
195 24 10 13 0.069
336 56 14 32 0.069
529 147 14 18 0.068
498 198 21 21 0.067
338 29 13 15 0.065
147 297 13 18 0.063
333 49 13 15 0.062
543 334 14 17 0.061
268 32 13 15 0.061
76 150 14 17 0.061
468 29 18 32 0.059
825 179 15 19 0.058
953 106 17 15 0.058
35 91 12 14 0.058
848 1 12 17 0.058
469 1 11 14 0.057
231 101 13 17 0.057
739 307 15 20 0.057
788 119 12 48 0.056
512 43 13 17 0.056
93 8 13 15 0.056
687 157 15 18 0.056
465 27 19 19 0.054
258 128 15 16 0.052
728 15 14 17 0.052
344 2 10 13 0.051
537 149 17 19 0.051
330 29 12 14 0.051
164 54 15 20 0.050
539 261 15 18 0.049
736 175 16 18 0.048
624 394 17 20 0.048
946 74 12 15 0.048
296 48 13 15 0.048
386 126 13 16 0.048
796 44 12 16 0.048
942 108 12 15 0.047
642 290 18 22 0.047
148 2 12 13 0.047
371 31 12 15 0.046
350 19 13 17 0.046
181 23 14 24 0.046
575 12 13 17 0.046
702 311 15 19 0.045
163 55 12 15 0.045
152 114 13 15 0.045
255 38 13 14 0.044
770 274 16 19 0.044
496 107 21 17 0.043
964 97 14 18 0.043
80 146 15 16 0.043
728 176 19 16 0.043
820 204 16 21 0.042
61 76 12 15 0.042
256 0 13 13 0.042
281 5 12 12 0.042
353 13 12 19 0.041
779 154 14 17 0.041
688 212 13 16 0.041
54 53 10 14 0.041
351 79 17 17 0.040
666 60 15 18 0.040
299 5 10 10 0.040
698 76 15 15 0.040
31 109 16 18 0.040
698 341 16 19 0.040
921 85 20 17 0.039
526 213 15 19 0.039
699 61 14 18 0.039
74 92 17 16 0.039
797 282 14 17 0.039
588 70 16 19 0.039
162 48 12 13 0.038
454 117 15 18 0.037
172 351 14 19 0.037
206 0 12 22 0.037
956 69 13 16 0.037
418 40 14 17 0.036
435 275 15 18 0.036
264 0 13 12 0.036
165 125 14 47 0.036
573 320 15 17 0.036
260 85 25 17 0.035
196 162 18 23 0.035
351 340 15 19 0.035
1013 160 9 13 0.035
104 152 14 17 0.035
201 168 14 19 0.034
795 48 11 13 0.034
421 128 13 16 0.034
746 50 12 16 0.034
69 163 14 18 0.033
509 28 13 26 0.033
289 122 14 16 0.033
347 6 21 13 0.032
88 92 17 16 0.032
532 137 15 18 0.032
357 52 12 14 0.032
821 186 16 22 0.032
288 203 14 16 0.032
494 198 16 20 0.032
980 315 17 22 0.032
647 285 19 24 0.031
319 195 17 20 0.031
192 49 13 15 0.030
512 128 34 29 0.030
695 55 14 18 0.030
49 52 13 15 0.030
643 218 15 19 0.030
719 173 17 17 0.029
686 164 16 22 0.029
687 8 13 16 0.029
654 45 15 18 0.028
228 36 12 16 0.028
131 58 12 15 0.028
616 38 17 20 0.028
0 37 7 16 0.028
318 4 9 9 0.027
244 543 15 19 0.027
1010 647 13 23 0.027
869 394 16 18 0.027
477 292 14 18 0.027
718 464 16 18 0.027
250 38 13 15 0.027
252 36 21 14 0.027
107 116 14 18 0.027
897 79 12 17 0.027
949 303 15 17 0.027
502 244 15 21 0.027
929 325 17 19 0.026
740 53 18 17 0.026
246 2 13 14 0.026
260 32 23 17 0.026
413 356 13 15 0.025
638 31 15 18 0.025
541 153 15 18 0.025
5 137 11 14 0.025
368 36 14 26 0.025
473 160 17 24 0.024
647 50 15 18 0.024
291 71 14 16 0.024
952 57 20 28 0.023
279 358 15 17 0.023
395 259 13 15 0.023
753 47 34 17 0.023
821 6 15 18 0.023
809 360 15 18 0.023
783 311 20 17 0.023
840 0 17 37 0.023
915 243 16 18 0.023
307 165 14 17 0.023
270 29 13 15 0.022
757 2 12 15 0.022
259 83 15 17 0.022
449 181 15 20 0.022
745 157 15 19 0.022
501 8 15 17 0.022
387 0 11 10 0.022
706 226 17 19 0.022
821 67 18 15 0.022
678 71 20 17 0.022
579 16 12 15 0.022
194 0 14 12 0.022
273 325 16 41 0.022
994 84 14 15 0.021
493 109 15 18 0.021
1013 624 11 26 0.021
521 319 17 17 0.021
60 79 14 22 0.021
374 30 14 16 0.021
251 1 19 15 0.021
215 223 13 17 0.021
851 245 16 19 0.021
948 35 12 18 0.021
90 371 14 22 0.021
523 336 19 23 0.020
336 48 17 16 0.020
228 33 20 16 0.020
59 92 16 16 0.020
506 26 14 17 0.020
311 196 13 18 0.020
