2_Demonstration_Demonstrators_2_295
55
85 266 21 26 0.788
844 333 17 23 0.783
402 296 20 26 0.779
453 329 20 24 0.773
688 337 19 25 0.766
207 311 18 21 0.764
867 320 19 22 0.759
787 316 19 23 0.758
193 297 16 19 0.750
285 311 19 25 0.737
699 316 21 27 0.722
922 331 19 26 0.713
263 308 17 21 0.710
611 334 18 23 0.697
818 337 16 22 0.659
532 341 15 21 0.655
143 318 18 22 0.637
131 305 16 21 0.616
629 326 20 23 0.583
195 325 14 18 0.582
237 319 15 19 0.507
386 331 17 20 0.497
489 291 49 64 0.473
177 301 15 17 0.449
131 308 24 25 0.328
619 329 29 25 0.325
199 318 25 20 0.311
249 320 14 19 0.279
690 308 15 24 0.252
9 370 11 15 0.216
41 367 13 14 0.209
589 322 18 22 0.184
1018 345 6 25 0.177
15 304 12 15 0.135
771 329 14 20 0.130
454 315 16 18 0.106
482 388 12 13 0.099
193 284 20 66 0.078
828 304 12 22 0.070
205 326 17 20 0.067
661 369 15 18 0.064
436 386 14 16 0.061
145 298 16 18 0.058
764 328 17 19 0.056
692 325 21 28 0.056
821 331 16 23 0.052
576 324 19 25 0.045
761 321 20 21 0.042
756 321 17 21 0.042
830 324 12 19 0.032
261 298 15 22 0.028
8 333 15 18 0.027
321 297 20 23 0.023
422 315 14 21 0.023
770 321 20 26 0.021
