2_Demonstration_Demonstration_Or_Protest_2_641
62
23 542 39 40 0.859
283 410 21 26 0.803
879 359 16 19 0.797
728 404 22 27 0.766
702 378 18 22 0.765
897 372 16 19 0.688
815 354 13 16 0.634
779 345 14 17 0.628
989 326 11 13 0.617
752 359 13 17 0.573
831 350 13 16 0.569
1003 318 10 11 0.558
775 365 13 16 0.511
786 375 12 18 0.505
860 356 13 15 0.504
264 420 18 25 0.433
962 333 12 15 0.336
320 412 16 20 0.276
923 349 20 26 0.262
872 332 9 12 0.254
802 352 12 15 0.230
793 315 9 10 0.198
697 340 11 14 0.179
868 336 11 13 0.177
839 351 24 15 0.176
849 348 10 13 0.171
805 354 14 18 0.161
347 428 9 10 0.146
965 325 12 14 0.138
418 431 10 13 0.123
822 352 48 14 0.116
874 330 9 10 0.113
960 331 10 13 0.110
736 379 13 15 0.110
447 443 9 12 0.104
850 352 13 16 0.096
372 434 9 10 0.090
729 379 16 15 0.088
970 323 10 11 0.085
699 361 14 18 0.074
384 441 10 11 0.071
719 348 11 13 0.060
414 431 11 12 0.054
959 333 11 14 0.053
774 330 19 83 0.048
655 394 16 18 0.045
696 336 15 33 0.042
964 318 11 16 0.042
396 430 14 12 0.040
798 355 15 20 0.040
699 314 10 11 0.035
376 437 15 11 0.034
1016 351 7 16 0.034
922 365 17 28 0.030
882 318 8 8 0.029
134 449 10 14 0.029
784 328 12 32 0.028
254 421 20 25 0.028
394 433 11 12 0.027
602 190 13 15 0.026
794 347 15 15 0.023
349 431 28 10 0.022
