2_Demonstration_Demonstrators_2_359
78
437 141 40 51 0.851
497 165 39 42 0.841
712 147 44 53 0.832
802 232 41 52 0.831
975 151 33 38 0.829
869 151 38 47 0.828
413 106 36 44 0.822
25 182 34 41 0.821
343 247 34 39 0.812
567 179 42 57 0.810
806 145 29 37 0.810
842 118 29 38 0.808
635 145 28 31 0.791
60 184 41 47 0.787
232 101 33 40 0.763
1003 198 21 49 0.761
235 212 44 50 0.759
167 150 25 33 0.755
900 184 41 44 0.741
905 135 21 26 0.687
353 114 27 34 0.680
1005 112 18 27 0.599
548 157 18 23 0.531
225 157 32 43 0.504
1013 151 11 42 0.483
231 165 40 43 0.420
89 73 22 25 0.398
686 140 19 26 0.264
551 148 21 27 0.191
787 149 18 25 0.189
532 132 13 16 0.177
811 136 50 45 0.160
133 118 24 27 0.144
765 173 19 25 0.117
325 140 19 25 0.115
557 143 15 20 0.108
601 146 18 21 0.099
126 167 30 37 0.098
390 123 18 22 0.090
488 148 19 22 0.078
691 146 20 29 0.071
1007 229 17 48 0.068
689 136 22 29 0.063
117 173 34 42 0.058
607 143 21 25 0.057
911 86 20 21 0.056
334 215 29 32 0.055
386 105 17 25 0.053
668 134 14 17 0.052
473 113 15 16 0.050
906 89 18 19 0.048
196 159 25 34 0.046
988 145 33 37 0.046
930 105 19 20 0.045
756 149 14 28 0.044
390 104 14 17 0.044
95 80 25 28 0.043
0 141 13 36 0.040
963 145 29 38 0.040
904 88 13 17 0.039
770 145 37 42 0.037
145 153 46 35 0.037
40 72 23 29 0.035
942 110 12 16 0.034
922 97 24 27 0.034
758 151 15 20 0.033
757 156 15 29 0.032
995 70 15 23 0.031
860 122 21 29 0.030
468 112 22 34 0.029
923 105 18 20 0.028
920 85 14 17 0.027
249 173 31 32 0.026
644 141 26 30 0.022
696 154 18 31 0.021
670 133 19 20 0.021
888 144 30 34 0.020
957 144 22 30 0.020
