2_Demonstration_Protesters_2_252
161
815 685 18 21 0.732
163 1045 31 32 0.715
379 898 23 26 0.714
188 989 27 33 0.695
871 850 27 38 0.658
466 1027 33 38 0.560
824 640 14 16 0.550
167 640 9 10 0.538
29 735 12 16 0.422
314 925 24 25 0.409
740 585 12 14 0.389
71 775 16 16 0.371
74 654 9 10 0.339
475 825 17 19 0.286
202 689 10 11 0.280
130 737 10 12 0.280
70 744 13 15 0.260
4 624 8 10 0.255
703 1103 33 32 0.255
191 903 24 25 0.245
2 823 19 21 0.242
2 651 9 12 0.230
259 620 13 15 0.211
569 1067 23 29 0.208
707 595 9 12 0.207
780 640 10 13 0.194
35 946 25 24 0.186
1011 710 13 18 0.182
109 649 9 10 0.164
0 936 13 26 0.160
238 757 16 18 0.159
611 731 14 16 0.159
877 642 11 12 0.158
263 739 16 19 0.157
659 617 11 12 0.152
189 646 9 10 0.151
642 603 10 11 0.146
601 602 11 13 0.145
583 587 11 14 0.144
631 786 15 18 0.142
406 643 9 11 0.135
141 638 9 11 0.134
766 589 10 16 0.127
92 651 9 10 0.118
980 711 12 15 0.109
229 644 11 11 0.108
768 594 11 14 0.108
274 654 17 17 0.101
965 735 17 20 0.097
852 679 12 14 0.097
39 678 11 12 0.087
104 650 18 8 0.084
1 919 16 24 0.079
468 876 15 18 0.078
236 628 10 13 0.078
153 693 9 11 0.078
151 806 14 16 0.077
671 591 12 14 0.069
636 973 26 28 0.068
769 600 11 13 0.066
858 751 17 23 0.066
799 601 9 11 0.064
680 596 11 12 0.064
410 835 13 15 0.064
643 606 16 14 0.064
425 824 10 12 0.063
674 590 12 16 0.063
28 684 11 12 0.063
79 775 17 18 0.061
670 584 11 13 0.060
88 813 18 23 0.059
205 689 9 12 0.059
272 1041 33 34 0.058
975 711 16 20 0.056
968 724 18 31 0.055
270 740 13 16 0.055
255 618 20 22 0.055
522 639 13 16 0.055
772 602 10 16 0.054
507 962 22 21 0.053
1005 705 19 21 0.052
370 678 12 13 0.052
879 640 23 11 0.052
559 883 20 24 0.050
134 921 26 27 0.050
1 741 13 21 0.049
945 640 9 11 0.048
673 583 12 12 0.048
894 635 14 14 0.047
587 604 12 12 0.046
246 744 35 20 0.045
284 627 10 12 0.045
911 628 14 16 0.045
943 640 13 19 0.045
948 727 13 15 0.045
105 946 21 25 0.044
345 607 12 14 0.044
40 940 27 23 0.042
822 617 13 18 0.041
702 598 11 12 0.041
1 749 13 18 0.040
593 522 8 10 0.040
619 591 15 14 0.039
144 917 28 24 0.039
67 673 9 10 0.039
504 586 10 12 0.039
733 1143 36 31 0.039
499 953 29 33 0.039
11 826 18 21 0.038
696 577 11 15 0.037
471 827 15 18 0.037
280 634 14 19 0.036
942 650 20 19 0.036
615 591 11 12 0.035
319 941 25 28 0.035
690 962 31 33 0.035
155 805 13 16 0.035
951 726 17 21 0.034
70 655 35 9 0.034
946 643 14 19 0.033
858 754 21 37 0.032
372 674 18 14 0.032
482 825 14 18 0.031
477 928 23 25 0.031
905 632 19 14 0.030
229 635 11 12 0.030
427 687 10 11 0.029
335 844 15 16 0.029
600 594 27 13 0.029
323 984 22 29 0.029
580 787 15 18 0.029
127 734 14 17 0.028
715 1101 32 37 0.028
270 651 25 29 0.028
583 789 15 20 0.027
20 688 13 14 0.027
156 913 25 26 0.025
565 884 19 25 0.024
17 694 10 13 0.024
579 587 34 34 0.024
390 671 14 14 0.024
201 695 10 12 0.024
506 589 10 12 0.023
162 723 14 11 0.023
907 787 17 24 0.023
1001 688 20 26 0.023
555 887 26 25 0.023
73 751 15 19 0.023
482 590 11 13 0.023
1000 690 15 17 0.023
237 625 11 11 0.022
2 739 10 12 0.022
424 609 8 10 0.022
373 674 9 12 0.022
154 699 11 15 0.022
470 856 18 46 0.021
423 612 9 16 0.021
905 589 11 12 0.021
305 706 10 10 0.020
200 900 21 23 0.020
401 641 12 23 0.020
