2_Demonstration_Protesters_2_253
96
716 914 44 60 0.856
388 1064 48 62 0.851
671 772 38 50 0.850
809 1129 56 74 0.847
638 929 40 51 0.838
461 812 42 52 0.838
704 1067 51 64 0.835
733 758 40 46 0.829
476 1092 53 71 0.827
799 1080 50 60 0.824
581 790 37 48 0.823
337 1061 47 59 0.822
879 699 39 49 0.816
252 1146 44 66 0.815
65 814 39 47 0.814
967 735 44 54 0.811
343 350 51 56 0.802
467 1032 43 56 0.801
132 1052 47 59 0.801
124 1130 46 64 0.766
78 771 30 38 0.765
37 1195 45 63 0.760
13 1041 38 47 0.760
162 1157 52 69 0.758
57 1431 68 100 0.751
878 1391 70 94 0.751
137 753 31 36 0.749
392 1329 70 92 0.739
680 1032 39 53 0.732
43 1022 30 47 0.729
60 745 25 31 0.717
0 1196 41 60 0.711
543 1025 60 87 0.710
524 1055 43 66 0.708
104 1025 31 41 0.686
38 765 24 32 0.686
859 989 35 55 0.677
499 705 19 23 0.665
51 1313 60 94 0.629
814 969 38 49 0.602
933 698 26 33 0.579
793 1009 47 55 0.537
786 743 28 39 0.536
778 1041 43 59 0.529
0 1264 34 71 0.513
732 1158 60 77 0.493
683 997 41 58 0.440
596 750 20 24 0.415
930 735 26 38 0.393
365 1218 66 85 0.379
335 1062 92 60 0.272
967 1207 52 100 0.256
813 978 53 66 0.228
657 704 16 19 0.224
54 763 56 49 0.180
849 707 22 30 0.170
521 717 15 18 0.169
972 1196 51 74 0.164
629 693 15 17 0.156
585 697 16 20 0.104
243 1434 120 103 0.098
516 709 19 23 0.097
593 744 21 23 0.088
729 1183 49 70 0.086
198 763 20 28 0.085
494 1441 64 94 0.074
747 1151 56 68 0.056
822 710 27 37 0.052
956 1221 46 80 0.050
979 1234 45 80 0.047
367 1198 53 65 0.047
50 1305 46 72 0.046
477 1210 56 71 0.041
778 824 31 44 0.040
211 1399 81 96 0.039
265 1040 30 40 0.038
234 1444 81 92 0.038
855 702 20 29 0.037
876 1362 60 70 0.037
268 1053 33 49 0.036
21 1136 33 46 0.035
355 1225 49 72 0.034
798 737 31 41 0.034
0 691 18 24 0.033
66 1039 31 46 0.032
183 736 20 29 0.032
790 752 34 41 0.030
272 1461 107 76 0.029
982 1299 38 85 0.027
772 706 21 28 0.027
838 700 37 42 0.026
583 701 16 21 0.025
511 751 15 19 0.023
848 1198 54 69 0.022
0 780 16 28 0.022
173 739 31 33 0.021
