2_Demonstration_Protesters_2_303
43
568 29 78 107 0.826
630 371 37 42 0.803
574 385 44 55 0.773
821 374 40 47 0.747
511 382 26 32 0.736
333 360 40 46 0.729
873 363 34 40 0.725
75 418 37 40 0.699
228 397 41 42 0.675
435 384 51 51 0.630
201 394 26 32 0.629
549 344 19 20 0.621
149 319 24 27 0.607
43 394 29 31 0.492
669 395 21 25 0.433
246 358 36 37 0.419
474 334 19 22 0.413
747 386 20 27 0.350
121 391 31 40 0.322
1000 358 24 52 0.241
386 351 14 18 0.199
525 380 25 29 0.156
260 356 29 34 0.139
19 429 35 39 0.124
732 380 28 33 0.095
428 382 38 43 0.080
726 374 25 33 0.072
1011 368 13 52 0.059
90 420 43 39 0.057
755 385 26 29 0.051
937 364 54 45 0.050
15 414 32 35 0.045
382 348 20 26 0.044
23 406 32 36 0.040
921 369 30 36 0.033
442 341 14 17 0.030
957 370 45 57 0.028
977 365 35 47 0.028
222 716 16 20 0.027
266 350 30 35 0.027
882 365 23 30 0.024
237 363 38 46 0.023
202 336 32 37 0.021
