2_Demonstration_Political_Rally_2_947
181
182 416 17 21 0.777
282 462 23 27 0.764
156 461 20 23 0.754
345 375 15 18 0.753
52 378 17 19 0.725
312 355 15 18 0.711
385 339 14 17 0.692
972 200 10 12 0.692
1008 202 10 13 0.670
421 530 23 32 0.670
238 459 20 25 0.668
721 208 13 16 0.608
350 336 15 18 0.602
669 201 12 14 0.590
598 364 15 19 0.556
299 206 9 11 0.555
643 197 9 11 0.553
95 371 13 15 0.545
273 206 10 11 0.538
169 157 10 12 0.525
427 337 14 15 0.524
215 197 11 14 0.522
180 202 9 12 0.508
339 199 9 10 0.506
296 345 13 16 0.490
561 335 12 15 0.487
402 350 12 15 0.476
609 196 11 13 0.448
389 385 13 15 0.435
399 217 11 12 0.415
364 194 9 10 0.415
788 198 11 13 0.411
510 201 9 11 0.381
294 360 14 19 0.372
43 359 11 15 0.354
241 151 12 14 0.335
236 352 13 15 0.329
455 205 10 11 0.303
361 412 18 18 0.280
812 213 13 16 0.279
435 350 14 17 0.241
310 160 9 10 0.225
891 164 10 12 0.209
431 338 13 22 0.205
411 497 20 23 0.197
350 332 14 34 0.192
382 345 27 17 0.186
744 196 12 13 0.183
80 426 17 20 0.180
285 151 8 11 0.174
501 349 14 14 0.165
297 345 14 36 0.162
540 336 12 15 0.156
216 383 13 16 0.156
31 382 14 16 0.152
810 188 11 13 0.143
372 477 21 25 0.135
736 195 12 15 0.128
376 161 10 12 0.123
3 362 12 15 0.120
409 216 10 11 0.118
128 404 14 18 0.109
372 524 18 20 0.101
392 370 12 16 0.097
378 160 9 9 0.096
297 425 13 17 0.096
265 364 13 17 0.090
106 350 12 17 0.089
209 349 12 16 0.085
737 197 18 15 0.083
109 350 15 17 0.082
534 335 13 15 0.081
542 343 12 15 0.081
111 355 18 18 0.079
374 493 20 23 0.075
341 493 16 25 0.073
223 352 29 16 0.071
932 197 9 11 0.068
414 223 10 11 0.068
69 487 21 26 0.068
790 194 20 14 0.067
324 523 22 28 0.066
184 207 10 14 0.066
388 334 18 16 0.063
8 365 14 17 0.063
446 188 9 10 0.062
57 199 9 11 0.062
99 354 18 34 0.060
187 133 6 9 0.060
392 525 15 24 0.059
190 213 10 12 0.059
890 159 13 16 0.058
831 160 15 21 0.058
442 188 10 10 0.057
43 417 19 22 0.054
835 189 13 16 0.053
737 53 11 13 0.052
565 332 15 15 0.052
450 207 10 10 0.049
216 591 18 33 0.048
810 183 13 42 0.047
300 550 18 25 0.047
310 211 9 24 0.046
891 172 13 16 0.044
173 369 13 17 0.043
753 203 13 14 0.043
593 332 12 17 0.043
20 361 11 15 0.042
262 191 10 19 0.042
528 334 25 16 0.041
310 216 12 14 0.040
859 157 12 15 0.040
784 186 13 29 0.040
508 348 13 15 0.040
785 201 13 15 0.039
946 219 10 13 0.039
493 352 13 15 0.038
736 56 9 10 0.038
613 162 10 10 0.038
596 315 11 19 0.037
310 158 12 14 0.036
699 143 10 11 0.036
492 349 20 14 0.036
178 381 13 18 0.036
832 157 15 45 0.035
113 361 14 17 0.035
420 226 9 10 0.035
292 366 14 16 0.033
310 224 11 13 0.033
73 379 15 19 0.033
201 350 20 20 0.032
341 49 8 10 0.032
498 197 9 11 0.032
596 309 12 18 0.032
1016 228 8 13 0.032
779 159 10 16 0.031
26 385 17 15 0.030
473 341 14 16 0.030
47 338 12 14 0.030
743 48 11 12 0.030
174 380 14 17 0.028
682 162 11 13 0.028
565 246 10 12 0.027
125 377 15 20 0.027
34 384 14 17 0.027
394 359 13 38 0.027
287 140 8 10 0.027
714 210 18 16 0.027
100 489 19 27 0.027
701 183 11 16 0.026
66 464 17 23 0.026
621 58 9 10 0.026
225 221 12 13 0.025
153 343 15 14 0.025
787 179 10 13 0.025
437 347 17 17 0.024
148 367 18 21 0.024
258 202 17 13 0.024
256 210 10 11 0.023
385 526 18 22 0.023
408 170 10 12 0.023
15 382 16 18 0.023
240 157 12 16 0.023
418 493 20 22 0.023
120 120 8 10 0.023
25 373 16 22 0.023
175 366 16 37 0.023
591 185 10 12 0.022
0 364 38 27 0.022
312 227 10 11 0.022
370 510 20 26 0.022
648 212 11 15 0.022
529 145 10 13 0.021
653 212 13 18 0.021
367 479 25 75 0.021
425 526 26 33 0.021
655 221 12 15 0.021
416 394 14 18 0.020
874 206 10 12 0.020
241 200 11 12 0.020
739 48 13 15 0.020
