2_Demonstration_Demonstration_Or_Protest_2_307
350
455 332 36 46 0.829
9 237 31 39 0.795
137 236 32 39 0.790
14 279 30 40 0.790
197 273 30 33 0.776
626 341 33 54 0.774
462 254 26 34 0.756
554 189 21 28 0.745
760 195 19 24 0.742
357 379 40 51 0.728
722 219 24 36 0.727
878 240 22 28 0.715
122 216 21 27 0.709
353 177 23 27 0.703
243 256 27 40 0.701
982 285 25 39 0.699
389 170 19 24 0.697
749 146 14 17 0.690
821 190 18 21 0.659
853 252 20 24 0.635
561 326 30 38 0.633
224 192 16 20 0.631
455 153 13 17 0.628
408 204 19 25 0.621
754 116 11 13 0.615
409 171 16 20 0.608
423 217 24 30 0.606
832 350 33 42 0.589
362 154 15 19 0.577
818 134 13 16 0.577
730 132 12 15 0.570
980 448 44 69 0.569
591 150 15 18 0.563
613 541 56 83 0.561
996 216 25 25 0.545
385 131 11 14 0.524
789 248 24 30 0.517
230 160 13 16 0.499
294 158 13 17 0.495
719 123 11 12 0.490
362 214 22 30 0.486
639 122 12 14 0.465
96 311 24 32 0.462
896 288 29 35 0.458
500 136 12 14 0.450
664 132 10 12 0.445
767 153 14 16 0.444
845 214 18 22 0.439
663 103 9 11 0.438
726 107 9 10 0.436
244 177 13 16 0.424
730 387 33 58 0.414
410 143 14 18 0.411
350 370 40 49 0.410
51 174 10 12 0.410
944 248 18 25 0.407
568 149 13 15 0.403
171 156 11 14 0.392
78 196 14 16 0.391
482 130 12 13 0.388
185 187 13 16 0.387
141 196 13 16 0.374
324 169 19 23 0.355
336 121 11 12 0.351
438 113 11 13 0.350
511 116 10 11 0.349
707 110 10 12 0.349
698 136 11 13 0.347
350 126 11 13 0.342
207 441 87 130 0.341
83 163 10 12 0.338
795 243 22 30 0.335
803 152 15 17 0.335
316 132 11 13 0.327
770 136 12 15 0.319
370 127 10 13 0.307
634 137 11 13 0.299
839 109 9 10 0.285
560 130 11 12 0.282
459 118 12 15 0.278
756 168 15 18 0.273
773 120 11 12 0.273
369 177 16 20 0.269
884 261 21 26 0.251
483 164 19 24 0.249
650 129 10 14 0.240
754 298 24 29 0.239
721 124 13 17 0.221
114 178 11 14 0.218
677 211 19 23 0.206
159 196 16 19 0.202
772 153 15 17 0.201
277 165 15 19 0.198
768 138 13 33 0.196
803 113 11 12 0.196
795 393 44 50 0.195
854 153 13 16 0.190
303 133 10 12 0.189
407 147 15 18 0.188
800 155 15 19 0.187
402 229 17 26 0.175
489 149 14 18 0.175
145 168 12 13 0.171
557 122 10 13 0.169
141 196 25 18 0.167
564 167 17 20 0.167
581 135 11 13 0.166
393 120 17 13 0.161
388 117 10 11 0.158
230 158 22 15 0.157
132 163 12 13 0.156
108 131 9 11 0.153
403 119 10 11 0.151
683 214 17 22 0.151
995 445 29 58 0.149
424 101 8 8 0.149
572 108 8 9 0.148
498 230 21 28 0.147
519 190 20 28 0.144
171 177 12 15 0.143
487 256 24 32 0.138
737 95 8 9 0.136
14 193 14 16 0.134
814 109 10 11 0.132
846 136 14 15 0.131
338 123 24 13 0.131
369 130 20 12 0.127
219 164 13 15 0.126
135 164 14 14 0.125
268 152 12 13 0.125
683 108 9 11 0.124
739 505 52 74 0.124
17 187 14 17 0.123
20 185 13 15 0.122
852 130 15 15 0.122
327 161 17 20 0.122
551 152 14 17 0.120
757 185 18 34 0.119
99 206 16 20 0.119
310 190 17 21 0.118
432 144 15 19 0.115
849 128 13 20 0.115
307 132 11 12 0.114
823 131 17 19 0.113
878 131 10 14 0.111
442 119 30 13 0.111
483 133 34 16 0.111
434 151 14 17 0.109
467 100 8 9 0.109
425 136 17 15 0.108
490 154 15 19 0.108
772 147 14 18 0.108
638 118 13 32 0.106
579 125 12 14 0.105
366 111 9 11 0.103
521 200 19 26 0.102
848 124 11 15 0.101
708 107 29 12 0.101
722 103 10 15 0.099
439 334 32 39 0.099
662 137 13 16 0.099
696 104 9 13 0.098
688 312 18 30 0.097
203 207 15 20 0.097
867 115 11 12 0.094
752 170 14 17 0.094
236 143 13 15 0.094
800 113 21 11 0.093
448 153 44 23 0.091
794 115 15 14 0.091
207 153 11 13 0.090
556 119 10 12 0.089
195 117 11 13 0.089
791 112 10 12 0.085
328 176 19 23 0.084
745 146 46 21 0.081
383 135 12 16 0.081
444 128 14 13 0.079
76 144 9 10 0.079
409 129 16 70 0.079
347 140 13 18 0.078
689 109 21 11 0.078
876 143 12 16 0.076
246 158 23 14 0.076
429 134 21 15 0.075
614 100 10 10 0.074
464 125 16 16 0.073
830 160 11 17 0.070
123 159 11 13 0.070
989 284 29 41 0.069
538 183 16 20 0.069
998 290 25 34 0.069
433 106 12 19 0.067
865 113 9 11 0.067
634 170 17 21 0.067
20 212 21 31 0.065
636 122 29 25 0.065
38 243 22 28 0.065
798 114 17 14 0.062
349 130 31 13 0.062
448 150 18 28 0.060
137 196 48 20 0.060
672 209 18 24 0.060
738 377 30 51 0.059
727 98 12 22 0.059
797 161 15 17 0.058
306 135 12 21 0.058
651 138 14 15 0.057
514 186 17 21 0.057
747 135 14 19 0.056
179 146 11 15 0.055
227 142 17 85 0.055
203 129 10 11 0.054
668 215 20 25 0.054
198 118 11 16 0.053
817 107 8 10 0.053
852 135 15 43 0.052
493 237 26 38 0.052
287 197 33 29 0.052
405 155 15 17 0.051
870 115 14 20 0.050
341 164 17 24 0.049
487 114 17 85 0.049
363 147 28 16 0.049
39 185 12 14 0.049
84 133 9 10 0.049
176 198 16 20 0.048
288 207 24 25 0.047
820 158 16 17 0.047
182 145 9 11 0.047
101 190 17 42 0.047
67 224 15 21 0.047
596 123 11 12 0.046
873 87 9 10 0.046
727 212 20 30 0.046
326 118 9 12 0.046
316 134 13 18 0.046
881 73 8 10 0.046
520 210 19 23 0.045
214 150 16 15 0.045
658 253 26 35 0.044
254 155 32 22 0.044
554 145 58 24 0.043
110 136 9 12 0.043
68 167 10 11 0.043
406 113 12 15 0.043
240 115 9 10 0.042
240 118 9 13 0.042
548 154 13 17 0.042
462 119 30 24 0.042
17 174 17 55 0.042
830 110 19 29 0.041
580 123 22 12 0.041
309 126 35 19 0.041
56 170 16 12 0.041
29 220 16 22 0.040
394 112 20 21 0.040
546 133 11 14 0.040
238 139 11 15 0.040
342 156 14 17 0.040
839 109 12 16 0.040
833 137 13 14 0.039
878 125 11 16 0.039
424 158 20 16 0.039
1017 246 7 27 0.039
479 159 15 19 0.039
517 112 9 11 0.038
792 127 15 15 0.038
33 231 20 28 0.038
341 366 42 37 0.038
718 90 9 12 0.038
21 209 16 22 0.037
301 197 21 25 0.036
200 126 10 17 0.036
422 126 13 15 0.036
529 240 19 24 0.035
629 136 16 34 0.035
284 200 21 24 0.035
274 148 13 14 0.035
438 181 18 23 0.035
630 83 8 13 0.035
533 187 18 23 0.035
639 106 14 23 0.034
820 116 15 30 0.034
995 88 13 16 0.034
401 219 22 30 0.034
17 204 18 22 0.033
167 149 13 15 0.033
800 240 18 24 0.032
660 219 22 27 0.032
496 106 19 19 0.032
1005 220 19 21 0.032
743 485 43 63 0.032
209 166 17 17 0.031
61 138 8 9 0.030
812 107 10 11 0.030
299 129 12 13 0.030
279 132 12 13 0.030
269 129 14 12 0.030
764 297 33 37 0.029
629 172 16 20 0.029
292 212 23 25 0.029
844 249 25 26 0.029
636 106 11 12 0.029
19 221 26 37 0.028
498 143 18 23 0.028
782 258 24 29 0.027
693 113 11 22 0.027
330 112 33 43 0.027
68 219 20 25 0.027
758 93 24 77 0.027
157 297 33 36 0.027
137 137 15 100 0.026
381 199 16 21 0.026
366 121 16 15 0.026
608 101 18 9 0.026
276 175 16 21 0.025
547 145 12 17 0.025
278 195 22 24 0.025
491 104 14 22 0.024
104 205 17 20 0.024
160 145 16 16 0.024
798 202 16 21 0.024
366 458 58 77 0.024
58 184 9 12 0.024
270 118 12 25 0.024
181 146 22 12 0.024
87 155 9 14 0.024
833 107 15 16 0.024
410 175 19 22 0.024
627 83 7 14 0.024
637 166 17 18 0.023
801 160 16 19 0.023
643 169 14 18 0.023
465 179 19 22 0.023
870 153 15 28 0.023
859 120 31 39 0.022
605 506 63 100 0.022
678 131 15 17 0.022
434 335 26 33 0.022
363 95 11 23 0.022
151 186 18 22 0.022
205 188 14 17 0.021
190 119 13 12 0.021
614 462 46 64 0.021
9 184 11 19 0.020
708 200 21 25 0.020
674 139 17 13 0.020
93 215 19 26 0.020
878 81 9 12 0.020
