2_Demonstration_Demonstrators_2_223
400
2 529 55 72 0.878
625 395 42 55 0.859
504 401 39 50 0.852
315 534 57 73 0.851
684 497 50 55 0.845
159 554 59 71 0.842
269 553 62 68 0.841
402 372 33 43 0.840
989 476 35 64 0.837
575 372 33 42 0.836
621 465 37 48 0.834
631 309 30 39 0.829
114 410 35 43 0.828
253 425 47 53 0.828
121 636 66 59 0.827
532 306 28 36 0.826
514 358 33 37 0.822
705 406 37 42 0.822
910 595 64 81 0.821
260 379 38 41 0.819
182 306 35 45 0.818
202 263 26 31 0.817
410 515 56 70 0.814
207 409 40 47 0.813
510 493 50 57 0.809
555 284 29 35 0.804
294 425 37 51 0.804
138 506 52 61 0.802
657 292 27 31 0.802
338 234 23 33 0.801
516 540 50 74 0.799
787 224 21 26 0.798
471 384 35 46 0.798
700 215 23 29 0.796
702 301 30 37 0.793
787 555 70 78 0.788
273 280 26 31 0.788
384 481 50 54 0.785
812 297 31 36 0.784
208 448 31 41 0.782
753 301 30 37 0.780
0 212 14 24 0.780
547 212 18 25 0.780
5 405 30 42 0.779
1 295 28 40 0.771
366 665 57 30 0.771
608 209 19 25 0.769
383 326 30 42 0.768
111 351 30 40 0.758
152 198 18 25 0.755
844 288 24 34 0.755
722 212 21 26 0.745
123 214 21 26 0.744
588 206 17 22 0.741
1007 261 17 27 0.738
849 202 19 24 0.737
430 157 18 24 0.735
1000 404 22 41 0.735
500 225 21 24 0.729
42 231 25 30 0.727
207 544 41 51 0.721
718 185 16 20 0.717
255 181 17 21 0.714
472 205 20 24 0.710
778 262 22 28 0.709
626 370 40 44 0.703
616 181 17 21 0.698
474 165 15 20 0.691
266 264 21 27 0.688
111 479 42 53 0.686
720 331 32 38 0.683
232 233 20 26 0.674
681 591 49 56 0.670
43 202 23 28 0.658
527 201 18 22 0.653
817 193 18 22 0.644
138 179 20 23 0.640
353 158 16 21 0.629
331 197 17 23 0.627
626 160 14 17 0.624
687 176 13 16 0.620
832 160 17 20 0.602
236 196 17 22 0.597
565 188 20 24 0.595
142 146 13 15 0.595
746 191 16 19 0.590
675 148 13 16 0.587
286 192 19 24 0.572
760 182 14 17 0.549
333 310 20 29 0.539
729 293 22 31 0.531
188 189 18 23 0.528
729 382 28 35 0.502
649 163 13 15 0.497
814 233 20 25 0.497
786 186 18 22 0.486
644 129 14 16 0.481
62 251 26 30 0.480
107 186 22 24 0.479
223 174 16 20 0.473
0 252 23 28 0.473
95 149 15 18 0.469
539 147 13 17 0.461
479 139 13 16 0.460
909 169 17 20 0.456
696 157 15 19 0.441
941 672 73 22 0.440
586 113 12 15 0.439
684 128 12 15 0.433
531 120 12 13 0.427
29 117 13 16 0.426
1013 173 11 20 0.422
854 148 13 15 0.415
101 185 21 23 0.404
580 138 13 15 0.402
512 152 15 19 0.391
803 131 13 16 0.388
262 348 30 33 0.385
765 137 14 17 0.383
353 134 13 14 0.381
808 150 13 16 0.370
310 242 16 24 0.369
782 135 13 16 0.368
609 138 12 14 0.349
560 135 15 17 0.348
375 122 12 14 0.346
414 449 35 43 0.340
609 272 26 31 0.340
0 611 19 84 0.338
451 135 12 17 0.325
1010 150 13 16 0.319
27 138 12 14 0.318
193 231 21 25 0.316
66 112 14 17 0.293
95 176 18 22 0.293
406 130 12 14 0.282
737 138 14 15 0.274
324 123 12 15 0.272
854 102 10 13 0.268
832 122 11 13 0.267
320 433 30 42 0.259
3 141 14 16 0.244
607 242 19 25 0.241
727 158 14 16 0.235
286 153 14 17 0.230
763 93 10 13 0.228
0 573 18 86 0.214
773 108 11 13 0.214
578 191 16 19 0.206
253 133 15 17 0.206
586 208 40 23 0.203
672 190 16 19 0.203
33 227 26 32 0.201
622 106 10 12 0.196
791 153 14 17 0.195
609 162 13 16 0.193
349 102 10 13 0.193
830 86 9 11 0.190
283 116 11 13 0.190
710 102 11 13 0.189
500 114 10 13 0.184
570 185 22 26 0.181
764 76 10 11 0.177
225 120 10 14 0.176
139 193 34 30 0.175
522 107 10 11 0.175
91 173 17 19 0.174
261 336 29 31 0.172
695 111 12 14 0.170
403 457 44 60 0.169
574 106 9 12 0.168
384 105 11 14 0.168
444 121 12 15 0.167
496 146 15 16 0.164
849 270 21 26 0.164
399 480 44 48 0.163
27 123 13 26 0.159
464 119 12 16 0.158
556 133 15 17 0.156
851 118 11 13 0.155
848 79 9 11 0.152
784 140 15 19 0.146
600 135 15 16 0.146
707 126 11 14 0.144
582 194 19 26 0.144
615 162 47 16 0.143
728 116 12 14 0.140
191 257 19 26 0.138
1009 77 12 15 0.136
325 127 18 16 0.136
831 156 18 39 0.135
0 480 13 54 0.135
106 115 12 15 0.133
215 199 16 19 0.131
428 108 10 12 0.131
622 124 12 14 0.130
381 108 13 17 0.129
247 128 16 19 0.127
154 129 13 16 0.126
337 317 23 30 0.125
0 269 17 35 0.124
510 145 14 21 0.124
587 145 15 17 0.124
1010 153 13 49 0.122
563 137 34 17 0.122
736 173 15 16 0.121
27 227 22 29 0.121
302 112 11 12 0.121
416 176 14 17 0.119
1009 174 13 29 0.118
375 271 22 32 0.116
269 269 23 28 0.116
482 137 13 16 0.115
0 562 14 57 0.109
527 115 13 15 0.108
698 114 14 18 0.107
449 124 16 26 0.107
331 131 13 20 0.107
1005 195 13 19 0.106
579 139 30 17 0.103
728 158 15 29 0.102
697 144 15 19 0.101
328 153 13 18 0.101
506 151 35 18 0.101
830 125 12 15 0.100
1014 306 10 46 0.100
681 115 11 23 0.099
0 556 27 63 0.098
682 209 13 18 0.093
783 87 12 14 0.091
240 161 11 15 0.090
294 166 14 17 0.090
855 127 13 15 0.090
3 139 26 17 0.089
722 162 14 17 0.088
612 160 15 17 0.085
246 125 13 15 0.083
914 171 15 21 0.081
695 137 14 20 0.081
325 119 13 16 0.080
1014 281 10 29 0.079
680 112 11 13 0.078
488 190 16 20 0.078
377 275 26 35 0.078
805 161 15 19 0.077
762 136 36 18 0.077
554 270 26 28 0.075
996 119 11 15 0.074
374 270 17 24 0.072
530 185 16 19 0.070
520 137 15 16 0.070
853 142 13 17 0.069
777 125 12 15 0.069
608 96 11 12 0.069
223 108 11 12 0.069
5 132 15 19 0.069
490 129 11 12 0.069
290 153 12 14 0.069
671 145 14 18 0.068
294 95 11 13 0.067
698 106 22 17 0.065
50 239 27 32 0.064
494 120 12 14 0.064
20 114 28 22 0.064
736 119 12 15 0.063
852 119 11 23 0.061
807 91 11 14 0.060
371 85 12 13 0.059
295 170 13 28 0.059
453 202 18 21 0.059
470 140 55 21 0.058
849 84 9 15 0.058
185 279 18 25 0.057
370 120 12 14 0.057
1008 95 11 14 0.057
285 112 27 13 0.057
724 126 18 64 0.057
602 159 17 19 0.057
800 122 19 63 0.055
1009 80 11 23 0.055
298 102 11 21 0.054
650 130 14 18 0.054
249 125 16 40 0.053
647 107 12 87 0.052
323 141 13 16 0.052
19 157 14 16 0.051
351 183 15 17 0.051
343 187 18 21 0.050
587 129 20 25 0.049
724 231 18 22 0.048
895 269 21 26 0.048
853 89 11 46 0.047
642 105 12 15 0.047
0 329 8 36 0.047
284 149 14 18 0.045
105 119 12 19 0.045
534 92 10 12 0.044
658 132 13 15 0.044
768 169 15 18 0.044
216 122 22 17 0.042
343 350 25 35 0.042
170 172 13 17 0.042
731 120 16 32 0.042
998 82 9 11 0.041
195 181 18 22 0.041
384 141 14 13 0.040
778 160 18 17 0.040
257 98 12 14 0.039
111 147 14 17 0.039
348 113 18 89 0.039
0 112 14 17 0.038
265 97 11 13 0.038
10 114 13 22 0.038
415 128 13 14 0.038
256 81 10 12 0.038
373 143 12 13 0.038
734 83 10 12 0.038
641 157 23 18 0.037
114 141 14 17 0.037
306 246 19 24 0.036
295 189 16 23 0.036
734 133 54 25 0.036
0 108 7 16 0.036
753 134 17 15 0.036
207 128 13 14 0.036
269 329 28 32 0.035
283 104 16 29 0.035
910 134 13 18 0.034
552 106 10 13 0.033
915 96 18 21 0.033
282 81 10 12 0.033
789 158 24 21 0.032
464 110 26 58 0.032
296 94 13 25 0.032
625 81 11 13 0.031
766 85 21 46 0.031
428 105 14 18 0.031
166 198 16 22 0.030
365 120 60 25 0.030
825 176 17 25 0.030
296 178 15 20 0.030
222 112 14 17 0.030
259 140 17 14 0.030
135 166 14 18 0.030
764 78 11 18 0.029
733 154 20 16 0.029
784 81 12 13 0.028
808 94 11 22 0.028
863 129 13 16 0.027
829 132 13 15 0.027
34 67 10 11 0.027
517 98 9 12 0.027
774 81 22 25 0.026
177 196 23 24 0.026
708 101 39 27 0.026
765 113 11 15 0.026
738 435 24 36 0.026
998 62 10 12 0.026
608 228 19 27 0.026
734 90 12 15 0.026
107 213 18 23 0.025
783 312 17 25 0.025
779 85 23 26 0.025
587 84 9 10 0.025
562 104 39 61 0.025
186 261 19 27 0.025
664 138 37 82 0.024
7 112 19 17 0.024
548 115 11 24 0.024
472 78 8 10 0.024
82 29 13 15 0.024
448 161 19 19 0.024
322 109 17 73 0.023
725 141 13 16 0.023
503 275 13 16 0.023
665 112 21 13 0.022
65 71 11 13 0.022
342 324 23 55 0.022
302 242 18 25 0.022
187 237 19 23 0.022
320 113 53 44 0.022
170 175 19 20 0.021
62 178 15 20 0.021
806 112 16 25 0.021
687 299 19 25 0.021
693 600 57 64 0.021
108 134 16 18 0.021
467 209 19 23 0.021
665 298 24 27 0.021
460 98 10 11 0.021
750 154 13 16 0.021
257 83 11 29 0.021
630 106 25 16 0.021
961 274 19 24 0.020
870 137 13 24 0.020
851 262 19 24 0.020
831 102 12 13 0.020
338 69 9 10 0.020
214 134 13 14 0.020
840 268 25 45 0.020
