2_Demonstration_Political_Rally_2_292
283
713 427 32 39 0.817
203 333 26 32 0.788
787 402 23 28 0.772
711 518 44 69 0.769
609 382 21 25 0.743
127 379 18 21 0.741
444 339 15 20 0.732
584 560 37 52 0.725
831 474 28 38 0.683
800 377 13 14 0.662
618 448 21 25 0.644
266 316 13 16 0.638
473 397 21 22 0.633
125 315 13 16 0.627
561 363 14 16 0.617
17 297 13 15 0.603
387 332 16 17 0.582
783 378 15 18 0.570
180 313 14 16 0.568
511 366 16 18 0.558
296 336 17 21 0.553
656 383 14 18 0.538
529 381 16 19 0.527
921 366 12 14 0.524
598 351 11 13 0.515
750 378 13 16 0.499
341 335 14 17 0.494
370 378 17 23 0.485
11 270 10 11 0.473
207 308 13 15 0.436
863 425 22 28 0.436
952 391 12 13 0.432
465 336 15 18 0.430
957 374 11 12 0.416
933 378 11 12 0.415
905 417 20 25 0.404
260 344 16 19 0.385
678 368 11 13 0.371
724 408 25 28 0.337
969 394 12 13 0.324
425 341 15 17 0.321
414 317 13 15 0.316
319 320 13 16 0.313
98 314 12 14 0.311
363 352 13 15 0.294
500 385 18 21 0.291
250 283 9 10 0.288
38 283 12 15 0.286
956 413 13 18 0.284
548 356 11 15 0.269
457 322 9 11 0.267
341 322 13 15 0.267
863 395 18 23 0.264
37 282 11 13 0.263
726 388 15 17 0.263
638 359 11 12 0.253
709 364 11 13 0.243
247 314 13 16 0.238
9 257 9 10 0.229
772 360 10 13 0.226
1 299 10 13 0.206
0 268 10 14 0.203
123 280 11 12 0.193
107 281 10 11 0.189
859 372 11 14 0.184
675 388 13 16 0.184
714 407 20 23 0.181
155 302 14 16 0.180
834 373 12 14 0.177
141 288 10 12 0.173
519 343 9 11 0.167
75 297 12 13 0.158
780 365 14 25 0.156
677 368 12 22 0.152
489 327 10 11 0.145
299 302 12 14 0.143
992 396 14 16 0.138
393 310 11 13 0.135
148 305 12 13 0.135
996 398 12 15 0.134
439 304 11 10 0.134
1012 396 10 14 0.130
650 333 9 9 0.130
145 278 9 10 0.128
901 450 20 34 0.122
954 391 14 45 0.117
999 372 11 12 0.116
972 364 11 10 0.116
692 361 10 11 0.115
746 362 10 31 0.115
747 360 11 16 0.115
851 352 12 14 0.114
895 367 13 13 0.113
298 308 12 17 0.112
861 381 19 38 0.110
158 291 12 13 0.109
524 324 8 11 0.109
750 357 12 12 0.107
363 317 11 15 0.107
467 392 21 25 0.106
726 385 22 25 0.105
856 352 11 11 0.103
1003 369 11 12 0.100
508 367 36 32 0.099
800 354 11 14 0.098
142 358 12 14 0.097
486 348 14 16 0.096
88 293 12 13 0.093
850 353 25 12 0.092
309 317 23 17 0.092
301 325 22 28 0.090
120 278 10 11 0.090
709 354 13 15 0.089
863 364 25 13 0.089
1010 415 12 17 0.088
461 329 13 15 0.087
885 341 9 9 0.085
837 368 27 14 0.083
153 287 16 17 0.083
144 321 11 11 0.083
37 294 11 13 0.082
614 350 10 11 0.081
804 354 10 9 0.081
937 357 11 22 0.080
757 379 15 14 0.080
55 274 10 12 0.080
524 424 19 21 0.079
144 278 8 23 0.079
1011 398 11 22 0.078
474 339 21 25 0.078
488 328 19 11 0.078
111 281 24 11 0.078
403 298 8 9 0.077
37 287 22 13 0.076
879 368 24 12 0.074
275 294 9 15 0.074
529 425 21 20 0.074
684 362 16 13 0.074
986 400 16 17 0.073
896 372 12 12 0.072
743 381 14 16 0.072
679 345 9 12 0.071
982 361 13 12 0.071
562 344 15 15 0.071
66 291 15 17 0.071
655 374 14 18 0.071
141 316 14 15 0.070
750 362 17 36 0.070
916 369 31 17 0.069
539 327 8 9 0.068
352 303 11 12 0.068
982 364 15 19 0.068
71 294 22 15 0.068
72 299 11 13 0.067
860 380 19 17 0.067
103 278 10 10 0.065
366 329 25 17 0.064
675 379 16 30 0.064
937 353 9 9 0.064
183 290 12 12 0.063
364 323 12 18 0.063
57 272 8 25 0.062
547 333 9 12 0.061
869 354 14 24 0.061
968 364 26 14 0.060
994 390 18 24 0.058
256 302 12 15 0.058
883 371 11 19 0.058
413 321 18 24 0.058
368 336 16 23 0.055
896 358 11 21 0.054
204 289 17 13 0.054
905 373 12 12 0.054
414 303 11 30 0.054
464 343 14 17 0.053
842 364 35 23 0.052
652 331 8 15 0.052
465 375 19 24 0.052
478 318 11 17 0.051
607 330 9 16 0.051
855 364 30 20 0.050
403 321 38 40 0.050
573 353 22 16 0.050
644 356 11 13 0.050
489 341 14 17 0.050
355 300 11 21 0.049
355 324 30 16 0.048
338 287 9 10 0.048
466 366 16 19 0.048
879 388 16 16 0.048
616 341 13 20 0.046
127 286 20 18 0.045
608 367 12 14 0.045
185 286 10 11 0.044
303 339 16 21 0.043
960 419 13 15 0.043
277 293 15 15 0.043
908 354 13 18 0.043
270 316 16 16 0.042
829 346 18 12 0.041
640 373 14 18 0.041
195 278 10 19 0.041
564 352 19 21 0.040
520 349 16 12 0.040
222 288 10 11 0.040
705 357 14 14 0.040
882 339 12 20 0.039
550 336 10 32 0.039
565 342 9 9 0.039
998 355 9 9 0.039
655 387 14 22 0.038
835 371 24 20 0.038
227 309 13 14 0.038
126 277 10 11 0.038
908 467 17 26 0.038
810 366 23 13 0.037
679 349 12 38 0.037
20 269 12 13 0.037
398 297 10 27 0.037
74 275 12 16 0.036
904 348 19 13 0.036
790 348 9 9 0.036
850 390 13 18 0.036
187 284 20 17 0.036
0 305 8 16 0.036
819 346 19 13 0.035
901 430 26 37 0.034
334 301 12 16 0.034
792 382 19 21 0.034
517 344 13 21 0.034
210 290 28 11 0.033
712 405 15 21 0.033
197 275 8 9 0.033
950 367 24 52 0.033
224 290 26 13 0.032
962 377 40 42 0.032
735 367 13 17 0.032
143 279 26 19 0.031
997 355 11 21 0.031
461 386 17 21 0.031
1 268 51 28 0.031
960 362 25 11 0.030
160 281 14 13 0.030
648 413 15 18 0.030
566 345 28 15 0.030
930 391 14 19 0.029
635 363 12 19 0.029
312 334 18 21 0.029
845 476 26 41 0.029
58 275 22 26 0.029
537 326 15 16 0.028
255 335 16 19 0.028
950 371 41 15 0.028
543 359 13 19 0.028
54 278 13 15 0.027
533 343 21 18 0.027
517 430 19 24 0.026
225 303 19 17 0.026
411 332 17 20 0.026
792 344 12 17 0.025
370 283 8 10 0.025
879 351 19 26 0.025
89 269 12 11 0.025
981 370 17 21 0.024
681 323 9 15 0.024
978 312 8 10 0.024
835 344 9 28 0.024
994 368 19 21 0.024
123 301 11 15 0.024
378 308 26 11 0.024
581 340 9 10 0.023
475 307 14 11 0.023
472 347 22 23 0.023
621 339 21 18 0.023
724 382 15 17 0.022
891 396 15 18 0.022
30 243 9 10 0.021
277 296 14 23 0.021
269 277 9 10 0.021
277 401 16 16 0.021
730 334 12 28 0.021
922 397 17 21 0.020
326 317 88 48 0.020
