2_Demonstration_Demonstration_Or_Protest_2_105
89
50 468 18 21 0.379
145 473 20 22 0.320
112 451 14 16 0.259
163 490 28 30 0.238
833 603 53 78 0.208
989 581 35 110 0.204
810 480 23 28 0.200
955 513 37 45 0.162
198 456 15 20 0.154
118 474 18 19 0.145
84 470 18 19 0.135
947 510 24 33 0.128
74 481 18 25 0.101
222 438 11 12 0.100
458 427 8 10 0.098
294 455 13 15 0.096
127 454 13 16 0.091
257 440 10 12 0.090
463 445 12 14 0.089
340 471 15 19 0.083
234 447 11 14 0.082
870 451 24 30 0.081
19 461 12 14 0.078
819 478 20 30 0.078
803 479 22 26 0.076
117 452 17 18 0.074
25 497 32 35 0.073
314 451 12 14 0.072
307 468 13 15 0.067
79 471 22 34 0.063
501 491 18 20 0.062
456 480 14 18 0.061
107 470 16 19 0.061
234 451 12 14 0.058
284 443 11 12 0.052
483 429 10 12 0.051
406 427 9 9 0.050
246 512 28 33 0.050
808 512 43 51 0.050
430 422 7 9 0.047
1 466 11 16 0.043
199 438 11 13 0.042
85 490 21 22 0.041
129 455 17 18 0.041
365 436 11 13 0.041
66 480 20 24 0.041
195 462 16 21 0.038
496 450 10 13 0.038
467 519 20 24 0.036
461 427 10 35 0.035
481 428 10 11 0.034
334 447 11 14 0.034
99 445 35 55 0.033
611 592 38 56 0.033
293 456 20 24 0.032
432 422 8 11 0.032
597 431 9 11 0.031
21 464 13 21 0.031
853 526 44 42 0.031
17 480 17 18 0.030
149 450 20 25 0.029
341 474 17 20 0.029
435 432 10 12 0.029
302 438 11 13 0.028
89 447 16 17 0.027
942 468 21 27 0.027
446 469 16 20 0.027
435 449 18 16 0.026
464 453 12 19 0.026
240 456 16 17 0.026
254 458 17 17 0.026
620 511 34 47 0.026
196 444 16 30 0.026
348 403 10 11 0.025
279 474 14 15 0.025
687 435 10 12 0.025
386 427 11 11 0.024
361 437 12 14 0.024
244 439 27 12 0.023
417 498 29 42 0.023
413 469 17 20 0.023
222 484 19 25 0.023
877 450 24 28 0.022
943 465 22 54 0.022
260 457 14 16 0.022
362 464 15 16 0.022
670 468 25 31 0.020
424 455 14 21 0.020
395 427 23 9 0.020
