2_Demonstration_Demonstration_Or_Protest_2_1002
32
631 337 13 15 0.717
146 407 17 20 0.688
221 384 15 19 0.631
530 355 20 24 0.614
235 375 9 11 0.548
908 293 11 13 0.338
232 376 12 16 0.291
694 357 14 18 0.220
190 372 8 10 0.208
227 379 13 19 0.181
946 284 9 12 0.160
843 305 12 11 0.099
943 306 12 14 0.090
212 367 9 10 0.074
189 377 10 13 0.069
519 417 11 11 0.055
926 296 14 14 0.050
788 320 9 10 0.047
967 301 11 14 0.044
942 287 14 35 0.042
914 293 28 14 0.040
933 289 21 17 0.034
524 354 12 17 0.033
209 370 11 13 0.030
24 431 8 9 0.028
795 332 9 11 0.027
122 421 8 12 0.026
849 305 9 10 0.026
789 324 10 12 0.025
214 363 8 9 0.022
77 380 8 8 0.022
876 312 8 9 0.020
