2_Demonstration_Protesters_2_436
53
597 331 36 42 0.833
4 248 21 26 0.791
855 248 21 27 0.786
702 306 26 32 0.770
46 283 27 36 0.770
80 265 22 27 0.765
259 324 23 30 0.745
308 307 29 31 0.712
144 307 26 34 0.709
423 279 25 37 0.708
387 270 21 29 0.661
536 309 23 36 0.641
174 249 18 22 0.624
1008 432 16 65 0.446
765 322 32 31 0.430
340 340 27 32 0.372
847 501 36 39 0.354
652 317 20 26 0.292
487 244 16 20 0.207
693 276 19 23 0.175
456 238 15 18 0.167
626 291 20 26 0.165
563 262 17 17 0.155
409 219 10 11 0.147
432 282 23 34 0.145
258 262 18 19 0.141
356 274 21 28 0.141
320 224 13 14 0.123
585 291 20 26 0.097
387 303 22 27 0.097
492 290 20 27 0.095
251 260 19 20 0.084
360 276 29 25 0.079
471 282 17 31 0.068
247 257 16 19 0.060
536 275 18 21 0.057
174 243 17 20 0.049
776 320 32 35 0.046
539 299 26 33 0.043
625 285 19 23 0.043
482 240 16 19 0.040
158 272 18 22 0.039
509 271 16 19 0.034
218 326 19 25 0.034
681 297 20 27 0.032
333 219 13 15 0.027
706 401 27 42 0.027
334 343 22 28 0.027
254 266 17 18 0.026
695 274 23 32 0.024
399 230 11 12 0.021
0 307 9 26 0.021
620 294 20 27 0.021
