2_Demonstration_Protesters_2_401
32
920 252 21 26 0.732
842 253 14 18 0.729
744 246 15 19 0.716
541 242 15 18 0.686
634 230 18 22 0.657
486 236 14 21 0.629
676 242 17 22 0.608
17 173 20 28 0.416
228 189 19 26 0.365
455 217 19 24 0.345
539 282 13 15 0.332
576 209 18 24 0.310
342 208 21 24 0.260
765 253 13 15 0.089
244 189 20 25 0.060
252 190 17 23 0.059
475 237 16 20 0.057
450 217 17 24 0.054
67 179 26 30 0.051
460 264 15 20 0.049
452 213 18 23 0.045
754 248 16 18 0.044
22 174 25 29 0.043
540 229 38 20 0.042
1005 554 18 22 0.038
61 176 23 28 0.030
681 239 19 19 0.029
676 237 13 20 0.026
630 237 16 18 0.026
391 203 16 25 0.022
457 209 18 23 0.021
336 212 19 23 0.021
