2_Demonstration_Demonstrators_2_320
373
630 503 31 41 0.840
712 602 41 51 0.837
897 546 28 34 0.832
816 523 28 33 0.832
774 519 26 36 0.827
0 585 33 42 0.810
138 470 26 32 0.801
972 514 24 31 0.798
553 474 25 32 0.797
809 482 21 27 0.794
165 413 17 22 0.783
757 483 20 25 0.783
34 461 27 33 0.774
919 444 21 25 0.773
328 409 38 42 0.773
203 450 22 27 0.771
16 399 16 22 0.751
269 451 22 26 0.750
509 413 15 19 0.748
178 375 14 19 0.744
797 462 19 23 0.743
219 388 14 18 0.741
54 403 19 24 0.738
444 424 15 19 0.733
691 437 18 22 0.731
478 410 15 17 0.711
281 400 16 19 0.709
36 383 14 17 0.707
539 428 17 20 0.707
1012 475 12 24 0.707
542 452 19 22 0.703
893 445 17 21 0.699
245 432 18 24 0.694
116 407 20 25 0.691
604 445 18 24 0.689
295 378 13 16 0.682
944 454 17 20 0.673
640 423 16 20 0.672
872 417 17 21 0.660
146 390 15 17 0.657
534 540 34 36 0.654
244 363 10 12 0.630
842 444 16 19 0.623
745 439 16 19 0.620
80 380 16 18 0.618
946 425 14 16 0.611
1 367 11 14 0.578
739 391 13 15 0.576
463 404 12 15 0.570
729 409 16 18 0.555
592 399 14 17 0.548
556 384 13 14 0.548
617 385 12 14 0.541
2 446 17 25 0.532
436 390 11 13 0.524
855 408 12 13 0.497
54 350 9 11 0.497
925 406 12 14 0.495
431 601 70 85 0.495
495 397 14 15 0.492
708 409 12 16 0.490
626 643 35 39 0.476
217 371 11 13 0.463
713 467 23 24 0.450
830 415 12 15 0.449
970 477 20 22 0.435
693 417 16 18 0.435
331 351 12 14 0.433
540 391 12 14 0.425
159 352 10 11 0.409
691 392 13 14 0.407
263 356 9 11 0.400
175 352 11 12 0.398
637 379 11 13 0.396
760 387 11 12 0.391
207 349 10 12 0.390
226 350 9 11 0.390
779 410 11 14 0.388
588 372 12 14 0.386
661 388 12 12 0.383
1006 438 12 14 0.382
815 414 12 16 0.379
269 371 12 14 0.374
918 420 12 14 0.372
842 397 10 13 0.366
792 417 15 18 0.363
905 438 13 14 0.361
474 370 10 13 0.347
909 382 10 12 0.344
495 374 10 11 0.339
305 347 10 12 0.338
765 405 12 16 0.329
381 346 14 16 0.328
659 401 14 16 0.325
377 418 23 26 0.322
196 350 12 12 0.316
832 398 12 13 0.312
824 377 11 13 0.306
687 393 13 14 0.299
544 398 14 18 0.295
753 423 15 18 0.294
640 402 13 16 0.290
272 388 12 14 0.283
602 382 12 13 0.274
492 437 20 22 0.271
197 371 16 15 0.270
285 348 9 11 0.269
135 338 7 8 0.260
9 354 9 10 0.258
297 364 10 12 0.255
965 413 11 16 0.253
224 336 7 9 0.252
76 343 8 9 0.248
829 398 23 13 0.245
765 409 16 15 0.239
190 373 21 16 0.234
525 368 11 12 0.231
902 401 13 14 0.229
33 362 10 11 0.228
626 370 9 13 0.227
474 387 10 11 0.225
541 426 16 40 0.221
805 401 19 15 0.219
796 402 11 19 0.216
996 428 11 14 0.212
682 394 12 13 0.202
679 415 15 17 0.201
771 461 15 19 0.199
531 382 10 12 0.197
740 369 9 11 0.195
892 420 11 12 0.194
125 355 10 13 0.194
172 336 9 10 0.191
809 399 12 14 0.190
528 370 10 17 0.189
878 386 11 13 0.188
945 425 24 15 0.187
436 370 10 13 0.186
625 413 13 15 0.186
966 425 12 13 0.183
166 354 11 12 0.182
594 476 20 25 0.179
639 365 10 12 0.178
757 373 9 12 0.176
844 403 21 13 0.175
750 429 16 21 0.174
758 413 18 19 0.174
945 435 16 40 0.174
849 412 15 16 0.167
600 360 9 10 0.164
602 375 10 18 0.162
573 398 11 14 0.161
800 368 9 12 0.156
91 407 17 19 0.150
429 432 16 23 0.149
628 376 21 12 0.149
434 388 25 14 0.148
416 388 13 13 0.148
732 372 11 12 0.148
178 353 10 13 0.144
465 371 18 13 0.143
949 400 12 12 0.142
843 420 13 16 0.134
931 410 14 15 0.131
157 353 29 11 0.129
690 406 27 27 0.127
412 372 11 12 0.126
878 387 19 12 0.125
810 401 32 13 0.125
699 418 15 19 0.124
110 340 10 11 0.122
655 386 11 13 0.120
704 387 10 11 0.118
155 368 12 14 0.117
738 370 15 13 0.116
348 336 9 10 0.113
252 343 13 10 0.110
318 354 9 13 0.110
240 338 16 15 0.109
489 411 38 19 0.107
240 332 10 11 0.105
453 378 11 19 0.104
200 351 35 10 0.104
724 488 18 26 0.103
189 351 16 14 0.102
858 378 13 12 0.101
890 444 37 21 0.100
436 374 10 31 0.100
489 355 9 13 0.099
759 370 8 32 0.099
709 403 12 15 0.099
894 411 14 21 0.096
1007 527 16 35 0.096
112 353 19 13 0.094
275 371 17 15 0.094
132 366 10 12 0.093
462 357 9 13 0.093
259 325 7 8 0.093
870 379 17 14 0.092
453 392 13 16 0.092
859 376 10 9 0.092
272 375 31 16 0.091
491 356 10 10 0.091
337 371 12 14 0.091
888 375 9 10 0.089
332 340 10 27 0.089
848 470 17 21 0.088
799 390 10 22 0.088
36 359 15 11 0.088
732 369 18 11 0.087
399 327 10 12 0.083
756 426 20 17 0.083
402 330 9 15 0.083
916 498 21 25 0.083
613 633 36 41 0.083
757 363 8 9 0.082
847 375 9 9 0.081
985 417 11 13 0.080
843 455 17 24 0.080
82 381 27 18 0.080
582 367 15 13 0.079
837 354 9 10 0.079
111 380 12 17 0.077
867 398 14 14 0.076
94 357 12 12 0.075
912 382 9 11 0.074
700 501 23 25 0.073
590 363 16 71 0.073
205 329 9 10 0.073
1014 564 10 37 0.073
527 367 17 12 0.073
767 379 14 21 0.072
94 344 11 10 0.071
685 359 8 10 0.071
491 394 13 16 0.070
799 369 18 10 0.070
1016 507 8 29 0.068
592 409 12 15 0.067
202 331 9 9 0.067
328 388 26 30 0.067
176 335 10 10 0.067
138 338 9 8 0.066
109 338 7 9 0.066
800 367 8 23 0.065
915 389 14 12 0.064
387 347 12 13 0.064
862 380 9 25 0.063
158 354 9 28 0.061
834 363 9 22 0.061
712 360 8 15 0.061
712 354 9 14 0.059
412 368 11 25 0.059
711 493 30 24 0.059
771 389 21 13 0.059
173 333 14 30 0.057
762 378 13 40 0.057
778 365 12 10 0.056
50 382 18 18 0.055
369 327 12 11 0.055
103 467 19 25 0.055
112 354 17 18 0.055
71 357 10 14 0.054
450 362 20 12 0.054
14 396 68 33 0.053
650 360 9 9 0.053
52 352 10 19 0.052
624 402 21 25 0.052
224 335 25 18 0.051
423 437 20 28 0.051
410 388 15 18 0.050
618 350 8 24 0.050
450 388 35 14 0.049
502 442 18 21 0.049
505 397 13 18 0.049
290 330 19 8 0.048
773 425 30 18 0.048
817 399 32 35 0.048
505 446 18 21 0.048
885 396 11 18 0.047
462 360 22 25 0.047
146 384 13 18 0.047
819 372 14 18 0.046
279 330 20 8 0.046
598 460 20 25 0.046
488 354 13 31 0.046
267 335 16 18 0.045
102 360 21 13 0.045
787 398 38 42 0.044
904 366 9 10 0.044
203 358 11 28 0.043
94 342 9 26 0.042
677 387 11 11 0.041
638 357 14 21 0.041
719 350 9 9 0.041
716 387 16 16 0.041
654 387 51 28 0.041
802 367 14 25 0.040
875 380 19 26 0.040
838 378 30 10 0.039
415 368 30 10 0.039
49 377 21 17 0.038
890 373 28 19 0.038
819 404 34 54 0.038
327 327 7 7 0.037
643 364 21 12 0.037
897 360 10 10 0.037
991 439 15 19 0.036
102 347 21 23 0.036
283 351 12 13 0.036
616 348 10 8 0.035
66 365 33 66 0.035
544 357 9 10 0.035
550 364 11 21 0.034
895 383 21 32 0.034
878 372 24 27 0.034
791 430 16 16 0.033
77 338 8 8 0.033
663 366 10 11 0.033
409 377 10 14 0.033
74 529 25 31 0.032
105 350 30 27 0.032
2 372 21 14 0.031
715 351 15 17 0.031
963 407 16 13 0.031
757 400 50 35 0.031
323 327 14 11 0.031
894 364 13 25 0.031
940 433 14 17 0.030
307 327 7 7 0.030
152 349 37 24 0.030
797 419 16 19 0.030
977 421 40 33 0.030
303 327 17 10 0.029
1015 442 9 21 0.029
826 363 16 70 0.029
436 356 10 16 0.028
372 326 9 8 0.028
725 373 49 81 0.028
964 452 14 18 0.027
833 392 60 51 0.027
341 363 12 18 0.027
297 335 14 28 0.026
743 373 28 13 0.026
628 349 12 8 0.026
547 357 12 10 0.025
511 369 17 15 0.025
886 501 19 23 0.025
236 350 54 43 0.025
996 523 27 36 0.025
404 338 19 14 0.024
519 362 32 50 0.024
358 346 17 11 0.024
541 401 13 22 0.024
327 327 24 12 0.024
899 364 19 62 0.024
114 339 8 8 0.024
305 435 20 22 0.023
372 326 10 33 0.023
433 372 24 17 0.023
651 385 57 58 0.023
41 336 24 53 0.023
34 380 23 23 0.023
612 397 16 18 0.023
968 484 19 23 0.023
280 389 19 34 0.023
778 356 13 19 0.023
263 329 24 13 0.022
577 361 11 10 0.022
401 399 14 18 0.021
0 533 7 28 0.021
407 305 10 21 0.021
824 453 15 19 0.021
407 308 9 10 0.020
