2_Demonstration_Demonstration_Or_Protest_2_667
133
72 157 35 40 0.855
72 388 103 115 0.844
286 176 18 21 0.815
27 160 32 36 0.804
352 265 43 57 0.790
711 261 37 33 0.788
381 189 28 30 0.768
262 164 21 26 0.765
225 177 22 29 0.747
134 150 15 18 0.746
805 169 17 22 0.737
650 150 13 15 0.732
409 176 17 21 0.723
745 170 15 20 0.715
103 151 14 17 0.711
689 141 13 15 0.701
951 179 13 16 0.701
306 162 11 14 0.683
786 152 14 17 0.675
874 158 12 15 0.673
1000 175 15 17 0.655
371 157 14 18 0.647
463 146 11 13 0.647
720 162 13 16 0.644
170 154 14 17 0.638
323 174 13 16 0.638
865 140 12 15 0.619
212 156 11 12 0.594
430 162 15 17 0.560
475 210 23 34 0.528
395 150 11 11 0.490
492 177 12 16 0.483
336 175 11 14 0.457
445 143 11 12 0.427
410 144 10 11 0.419
578 232 24 32 0.411
751 146 11 13 0.404
894 177 10 11 0.401
243 155 10 11 0.390
908 179 10 12 0.380
870 149 13 23 0.333
199 147 12 14 0.298
586 157 15 17 0.277
347 153 12 13 0.267
927 179 10 12 0.266
245 168 13 17 0.266
287 152 10 11 0.266
271 147 11 11 0.265
939 174 10 12 0.260
156 148 11 13 0.258
265 169 34 25 0.234
731 167 31 17 0.223
256 149 11 13 0.217
246 142 9 11 0.213
3 148 13 15 0.209
931 176 11 14 0.202
51 147 13 14 0.200
483 195 19 52 0.185
702 162 11 13 0.183
975 180 12 13 0.179
266 145 15 45 0.167
313 150 8 8 0.160
201 147 19 17 0.149
892 178 21 11 0.145
422 155 21 25 0.139
706 248 27 30 0.123
521 179 13 18 0.119
8 149 11 13 0.106
622 155 8 11 0.106
358 157 29 17 0.106
276 149 23 11 0.104
227 144 13 9 0.088
236 155 20 18 0.087
83 142 14 15 0.086
335 155 26 11 0.078
749 148 10 13 0.074
214 149 11 21 0.074
703 244 21 27 0.072
980 177 21 16 0.071
606 208 17 21 0.070
45 144 12 13 0.069
591 157 12 14 0.068
824 145 8 9 0.067
274 145 8 9 0.067
0 171 9 18 0.065
876 173 10 14 0.064
550 211 29 36 0.062
660 156 15 12 0.061
281 172 67 21 0.059
582 162 14 17 0.055
43 143 10 11 0.054
887 174 19 15 0.053
497 177 38 19 0.052
994 174 14 16 0.051
844 150 10 12 0.047
209 159 13 13 0.047
203 147 12 14 0.046
219 141 10 10 0.046
902 144 7 9 0.044
108 146 12 16 0.044
2 143 10 11 0.043
438 164 13 15 0.043
401 161 12 13 0.043
669 155 10 12 0.043
773 157 11 14 0.042
351 151 23 13 0.039
676 174 10 15 0.038
19 144 10 11 0.038
313 131 6 6 0.037
172 146 22 16 0.037
361 160 13 14 0.037
101 146 14 16 0.035
370 153 15 15 0.035
956 179 12 15 0.033
202 143 10 11 0.033
532 155 11 14 0.030
384 141 8 9 0.030
624 155 11 11 0.030
821 146 22 10 0.029
15 170 15 16 0.029
886 170 13 17 0.027
246 173 16 23 0.027
657 162 13 13 0.026
176 158 12 16 0.026
80 139 12 14 0.026
159 147 17 14 0.025
437 142 11 10 0.025
197 144 10 11 0.023
925 184 11 14 0.022
488 172 18 26 0.022
15 143 11 11 0.022
670 166 13 16 0.021
800 172 15 20 0.020
