2_Demonstration_Demonstration_Or_Protest_2_33
44
165 209 44 52 0.855
724 177 43 50 0.847
130 153 38 50 0.845
474 177 45 51 0.844
829 165 42 50 0.844
26 143 44 52 0.840
334 164 46 65 0.838
530 165 40 51 0.825
785 170 41 50 0.821
593 154 48 59 0.815
211 161 37 48 0.751
313 611 60 45 0.696
287 184 37 42 0.686
750 660 55 43 0.232
943 413 26 31 0.178
302 125 38 46 0.148
643 187 30 43 0.096
410 174 38 44 0.092
320 632 45 44 0.091
246 738 36 35 0.090
992 129 14 18 0.077
568 643 28 23 0.073
742 389 34 37 0.065
304 111 35 43 0.061
179 159 37 44 0.059
993 123 20 26 0.046
286 133 36 38 0.044
871 187 14 17 0.042
326 622 58 50 0.038
928 415 28 29 0.036
972 134 18 18 0.035
249 687 42 41 0.035
958 117 22 32 0.035
635 155 33 47 0.035
929 231 30 40 0.031
1011 112 13 34 0.031
685 146 25 34 0.028
412 94 31 43 0.026
981 132 18 17 0.023
896 166 14 16 0.023
572 638 29 22 0.022
4 163 22 40 0.022
963 134 20 25 0.021
961 114 19 25 0.021
