2_Demonstration_Political_Rally_2_428
72
779 190 48 58 0.868
426 280 36 46 0.853
285 406 42 47 0.826
402 196 41 44 0.823
366 341 43 48 0.821
354 444 42 46 0.817
492 202 40 50 0.816
541 482 37 45 0.816
883 167 52 59 0.810
813 106 34 52 0.798
937 181 40 48 0.795
582 428 46 55 0.792
743 173 46 54 0.782
54 457 32 39 0.755
223 402 33 40 0.754
903 457 39 49 0.742
473 412 32 44 0.738
552 177 32 44 0.715
195 223 27 37 0.693
46 390 24 40 0.679
79 187 18 22 0.637
26 199 20 23 0.532
489 169 35 39 0.499
123 404 25 42 0.471
714 145 39 49 0.369
21 395 27 42 0.360
577 180 34 48 0.270
708 150 30 46 0.230
336 405 32 40 0.221
723 139 35 42 0.211
636 171 34 43 0.202
142 404 29 42 0.196
233 351 35 40 0.166
705 144 24 39 0.120
617 169 47 51 0.118
451 201 37 43 0.117
92 372 24 34 0.116
586 210 28 39 0.115
489 175 40 57 0.108
605 154 47 54 0.088
725 155 33 48 0.088
246 170 18 25 0.075
523 299 33 51 0.072
107 466 29 36 0.064
706 168 28 41 0.063
582 170 42 49 0.058
455 151 27 36 0.057
349 181 28 44 0.052
252 172 20 28 0.050
589 197 36 51 0.050
937 169 31 37 0.047
514 171 31 32 0.040
731 170 34 49 0.037
230 194 23 31 0.036
217 176 21 27 0.034
192 231 24 35 0.034
247 359 34 38 0.033
0 229 7 27 0.032
272 302 27 48 0.032
218 385 31 36 0.030
485 278 34 50 0.028
21 204 19 21 0.027
228 174 34 46 0.026
31 203 19 22 0.025
494 341 41 45 0.024
379 244 28 35 0.024
225 359 29 38 0.023
648 169 32 41 0.023
527 175 41 37 0.022
258 168 17 29 0.022
686 173 34 42 0.020
444 154 29 30 0.020
