2_Demonstration_Demonstrators_2_302
26
687 166 38 38 0.701
293 180 34 36 0.637
227 149 40 43 0.619
565 165 36 37 0.612
64 151 40 45 0.609
388 171 31 35 0.595
819 172 38 41 0.592
454 173 31 32 0.535
621 177 31 31 0.530
113 143 33 39 0.371
8 182 39 40 0.203
204 188 25 29 0.184
365 211 25 28 0.119
406 172 29 33 0.058
23 180 32 38 0.055
292 192 29 30 0.054
198 187 22 30 0.041
463 179 31 34 0.040
374 211 29 30 0.040
1 184 28 37 0.039
148 156 29 32 0.030
209 194 24 28 0.029
291 175 28 30 0.026
635 175 27 33 0.026
812 175 32 37 0.024
242 147 32 36 0.023
