2_Demonstration_Protesters_2_200
94
878 298 37 42 0.765
744 291 20 24 0.758
0 310 26 31 0.750
816 292 20 24 0.728
346 292 23 30 0.724
773 279 15 18 0.703
155 284 29 45 0.680
670 289 15 20 0.667
422 234 24 29 0.661
715 281 13 16 0.632
44 323 22 26 0.580
578 282 12 14 0.551
29 290 24 27 0.523
322 290 14 18 0.500
625 279 13 17 0.499
641 281 14 16 0.495
521 523 66 53 0.397
184 304 19 23 0.357
256 292 20 24 0.325
868 291 17 22 0.235
794 286 12 16 0.210
990 277 28 35 0.200
641 275 14 16 0.200
596 286 12 12 0.164
235 302 20 26 0.160
281 283 13 16 0.158
22 310 46 39 0.152
307 284 13 15 0.151
232 295 20 25 0.135
172 295 27 31 0.127
530 361 12 16 0.126
735 276 12 14 0.115
488 297 12 13 0.111
984 283 26 31 0.109
941 276 15 16 0.093
560 284 11 11 0.093
692 282 13 16 0.086
272 286 21 19 0.084
637 285 54 18 0.083
280 303 15 20 0.080
141 289 33 41 0.077
515 284 10 12 0.076
551 283 12 11 0.072
849 282 11 14 0.062
694 276 12 16 0.061
557 362 15 17 0.061
229 289 19 22 0.059
591 285 13 13 0.059
549 283 23 12 0.059
559 283 21 12 0.057
533 281 16 13 0.055
706 269 11 13 0.054
868 282 15 17 0.053
545 347 12 18 0.052
464 370 13 16 0.052
992 275 21 25 0.052
536 285 17 11 0.050
212 291 42 25 0.049
45 318 21 22 0.047
276 283 33 26 0.045
691 288 13 15 0.044
864 306 30 30 0.043
216 289 17 22 0.043
978 294 18 20 0.041
254 299 21 24 0.040
687 282 29 19 0.040
774 307 14 16 0.038
527 275 13 16 0.037
813 277 14 15 0.037
482 297 13 13 0.036
722 279 22 17 0.036
280 283 39 16 0.035
694 273 29 18 0.035
814 284 18 23 0.034
22 298 23 26 0.033
978 290 25 27 0.031
293 283 16 16 0.030
204 280 15 17 0.029
871 286 16 19 0.029
799 280 26 13 0.028
264 304 27 22 0.028
67 295 16 20 0.028
861 314 18 22 0.027
283 297 17 20 0.026
467 372 14 16 0.026
851 283 32 22 0.024
230 309 23 29 0.023
728 270 13 15 0.021
205 289 21 24 0.021
642 288 13 14 0.021
530 276 26 21 0.021
695 272 11 13 0.021
599 289 13 13 0.020
493 275 13 16 0.020
