2_Demonstration_Protesters_2_658
149
727 275 27 33 0.851
876 261 27 32 0.851
865 548 30 41 0.842
933 256 26 32 0.841
845 124 26 32 0.840
672 360 28 35 0.837
513 506 31 36 0.836
734 439 30 38 0.832
697 226 23 30 0.831
521 613 32 39 0.828
708 413 26 35 0.825
646 482 31 38 0.821
808 325 28 34 0.818
667 529 28 37 0.817
504 317 26 32 0.815
402 214 21 26 0.808
662 326 25 31 0.806
664 592 29 36 0.806
545 407 27 30 0.805
882 456 30 35 0.804
662 110 22 28 0.804
484 352 26 32 0.804
607 377 28 32 0.802
826 265 22 30 0.799
476 201 22 27 0.798
392 572 25 38 0.798
188 521 43 64 0.797
926 534 55 69 0.797
557 184 19 26 0.794
716 323 28 35 0.792
609 327 23 30 0.791
812 102 23 29 0.789
904 113 19 29 0.788
742 102 21 29 0.785
173 453 25 29 0.785
248 443 26 32 0.782
668 416 25 35 0.780
755 309 23 30 0.778
704 377 27 32 0.776
948 92 22 33 0.776
969 294 26 35 0.775
330 226 22 28 0.774
45 316 22 26 0.772
840 305 26 34 0.769
29 278 21 25 0.761
594 524 29 34 0.759
522 376 24 28 0.757
564 373 23 29 0.756
106 387 21 28 0.756
674 647 24 35 0.755
597 434 22 33 0.752
256 252 20 25 0.746
867 43 19 26 0.745
59 427 23 30 0.742
263 360 21 27 0.741
602 476 28 35 0.740
592 187 21 28 0.733
424 332 19 27 0.728
856 396 27 40 0.723
518 201 18 24 0.723
467 413 23 30 0.722
347 407 20 27 0.719
15 444 19 26 0.718
141 424 21 28 0.717
877 23 21 28 0.713
441 203 21 28 0.709
224 452 20 27 0.707
302 362 21 26 0.707
445 478 24 30 0.705
593 589 24 36 0.698
184 257 18 27 0.681
311 237 19 24 0.669
95 295 25 31 0.667
64 473 21 26 0.662
437 584 23 34 0.661
215 430 20 27 0.648
392 413 25 29 0.625
708 119 17 23 0.614
142 454 19 28 0.581
444 441 23 32 0.558
870 404 24 33 0.546
835 90 19 28 0.540
41 516 24 30 0.477
352 386 21 28 0.436
948 456 18 28 0.420
489 499 23 28 0.416
285 371 20 27 0.408
50 290 19 23 0.395
372 628 22 33 0.351
69 521 22 32 0.345
159 256 22 30 0.343
313 234 33 27 0.324
746 505 28 39 0.314
30 472 21 28 0.304
281 251 17 24 0.231
157 250 19 24 0.188
69 500 20 31 0.178
366 247 15 17 0.175
956 289 21 27 0.155
257 362 72 27 0.135
960 289 27 32 0.134
93 508 28 56 0.134
385 652 24 29 0.123
950 462 23 33 0.097
66 390 18 24 0.091
434 334 18 26 0.091
756 515 33 51 0.089
459 205 16 21 0.086
421 551 21 28 0.085
512 481 23 28 0.081
308 434 20 24 0.070
68 509 21 34 0.070
331 504 30 33 0.069
236 242 11 14 0.065
898 149 15 21 0.064
642 419 29 35 0.064
914 520 42 44 0.056
353 563 22 27 0.055
289 362 21 27 0.053
695 307 21 26 0.053
764 505 31 50 0.052
911 300 19 28 0.051
317 493 21 29 0.050
558 514 26 30 0.047
413 304 17 22 0.045
79 508 33 44 0.045
67 478 22 31 0.045
388 417 21 26 0.041
715 119 19 24 0.040
0 411 8 24 0.040
593 601 26 35 0.037
96 390 18 23 0.037
746 523 32 52 0.033
389 660 25 22 0.032
590 530 26 33 0.029
319 498 27 31 0.029
924 463 17 26 0.028
463 428 24 28 0.028
90 367 18 23 0.027
76 501 26 36 0.026
160 266 20 28 0.024
920 245 17 27 0.024
598 219 23 27 0.022
156 246 15 19 0.022
372 245 16 20 0.022
442 429 24 31 0.022
515 486 30 34 0.021
206 350 20 25 0.021
369 397 18 27 0.020
