2_Demonstration_Demonstrators_2_574
97
626 195 41 50 0.855
322 183 32 39 0.770
165 205 24 30 0.751
415 203 21 23 0.750
467 214 22 24 0.749
816 185 15 19 0.725
770 195 13 17 0.708
831 217 18 22 0.700
701 198 13 15 0.686
722 197 14 17 0.639
206 210 17 20 0.633
98 223 12 14 0.610
303 208 14 16 0.601
186 207 19 25 0.600
113 213 11 13 0.583
553 203 12 14 0.579
387 203 12 14 0.568
599 199 16 19 0.564
79 224 11 12 0.542
528 204 9 12 0.532
862 188 13 15 0.480
269 207 15 18 0.433
693 186 10 12 0.432
239 215 14 16 0.396
21 261 11 15 0.376
756 190 11 15 0.364
793 180 9 11 0.362
540 192 10 12 0.312
275 211 19 18 0.254
52 229 9 10 0.233
729 180 10 12 0.204
832 182 10 14 0.201
98 222 21 15 0.200
880 189 28 29 0.191
130 225 14 13 0.184
8 243 8 10 0.166
283 215 14 16 0.157
290 207 29 18 0.144
22 254 11 25 0.130
826 183 18 16 0.130
846 196 12 14 0.127
235 217 13 15 0.121
492 201 12 14 0.112
363 202 10 13 0.107
258 211 16 18 0.105
512 198 10 12 0.102
726 178 10 37 0.100
593 203 13 14 0.099
229 208 13 15 0.097
69 234 8 9 0.096
138 224 12 13 0.092
669 203 9 10 0.088
24 246 9 11 0.088
591 190 11 16 0.083
510 200 15 13 0.082
872 189 20 24 0.074
0 323 12 25 0.066
364 202 14 16 0.063
756 187 10 12 0.060
737 183 12 11 0.058
287 220 13 16 0.057
592 188 9 10 0.053
796 205 11 13 0.052
490 198 11 11 0.052
751 201 10 14 0.051
611 186 11 14 0.050
934 276 35 38 0.050
492 201 33 11 0.049
575 194 10 12 0.046
448 198 9 10 0.045
55 229 33 10 0.041
495 200 13 11 0.039
266 203 15 17 0.037
446 196 14 20 0.037
722 181 17 20 0.037
70 233 11 13 0.035
453 208 13 14 0.034
130 229 12 12 0.033
494 207 12 13 0.032
748 207 10 11 0.031
436 197 13 12 0.030
474 205 18 19 0.030
512 205 9 10 0.030
575 191 14 14 0.029
681 175 10 17 0.028
238 210 14 14 0.028
395 206 17 15 0.027
456 207 16 16 0.027
648 189 30 41 0.027
666 203 13 16 0.027
269 213 14 18 0.026
753 206 12 13 0.025
408 199 11 12 0.022
214 214 13 16 0.022
34 258 15 14 0.021
890 187 22 25 0.021
213 205 27 19 0.020
