2_Demonstration_Demonstration_Or_Protest_2_284
48
825 140 115 145 0.870
185 116 86 110 0.851
377 168 49 60 0.843
584 184 113 125 0.839
108 180 55 66 0.824
507 104 68 81 0.824
759 168 68 77 0.822
651 458 43 52 0.811
271 178 49 62 0.793
585 461 49 60 0.788
670 537 44 56 0.787
425 187 39 53 0.763
699 387 40 60 0.755
478 149 38 46 0.741
622 542 43 55 0.712
277 139 39 46 0.704
233 361 32 41 0.703
93 133 43 55 0.698
191 372 30 40 0.639
358 190 26 40 0.625
395 175 50 58 0.401
744 157 56 71 0.396
739 157 42 56 0.258
997 138 27 56 0.254
324 152 33 40 0.228
357 173 35 59 0.130
360 145 35 43 0.118
15 142 38 47 0.108
0 106 16 69 0.106
0 254 28 50 0.094
39 123 37 46 0.070
246 424 28 37 0.067
494 157 30 40 0.067
906 351 22 28 0.065
90 140 32 42 0.065
488 171 32 39 0.064
22 130 47 51 0.054
224 336 9 10 0.048
572 359 38 44 0.041
708 156 57 55 0.025
31 117 37 46 0.023
0 129 10 72 0.022
997 104 27 79 0.022
106 138 41 46 0.021
985 486 39 50 0.021
36 137 46 54 0.020
5 119 32 64 0.020
589 549 68 70 0.020
