2_Demonstration_Protesters_2_286
386
581 204 33 41 0.846
910 234 36 44 0.806
811 141 18 21 0.798
831 204 29 33 0.790
228 156 26 30 0.786
162 219 28 36 0.782
906 134 16 19 0.764
839 264 35 44 0.758
324 115 17 20 0.708
573 107 15 15 0.705
636 111 13 16 0.705
1007 117 13 16 0.702
141 150 18 22 0.697
687 213 35 41 0.695
950 135 17 20 0.691
686 105 15 18 0.685
161 126 15 18 0.676
942 96 15 18 0.671
997 99 13 16 0.660
980 108 15 17 0.648
389 226 32 35 0.628
0 104 9 16 0.626
867 98 13 15 0.617
29 76 13 17 0.601
832 111 17 20 0.557
1011 176 13 33 0.557
521 74 11 13 0.546
498 63 9 11 0.545
104 185 24 27 0.545
891 94 11 13 0.531
611 77 11 12 0.526
634 85 12 14 0.525
111 95 13 15 0.520
714 77 11 12 0.515
288 68 10 12 0.499
741 88 11 12 0.494
488 83 11 13 0.490
315 92 12 13 0.479
631 187 27 29 0.475
400 121 18 22 0.466
475 143 22 27 0.460
990 74 10 13 0.455
703 97 14 16 0.444
779 79 10 12 0.386
229 79 11 13 0.383
923 100 13 16 0.376
834 80 11 10 0.374
589 95 10 12 0.370
448 65 11 13 0.360
922 82 12 14 0.359
38 88 14 16 0.357
524 113 14 17 0.354
133 100 9 11 0.350
964 81 11 13 0.341
543 107 12 15 0.340
262 262 35 42 0.326
784 115 14 17 0.325
87 126 15 17 0.302
819 68 9 11 0.299
701 84 10 12 0.288
468 68 10 12 0.287
355 144 21 25 0.283
344 64 10 11 0.277
905 112 12 14 0.273
851 347 42 65 0.272
557 70 11 12 0.270
849 86 11 12 0.267
677 93 13 16 0.258
5 194 29 34 0.253
463 54 9 10 0.246
521 136 20 24 0.245
663 67 8 10 0.243
727 120 13 16 0.242
54 52 11 10 0.242
765 75 9 11 0.239
878 75 10 11 0.238
246 248 26 31 0.236
803 70 10 11 0.232
11 37 11 12 0.229
1009 166 14 26 0.225
849 65 9 11 0.210
705 81 19 12 0.206
746 71 10 10 0.206
214 139 15 18 0.202
17 175 24 28 0.201
308 66 10 11 0.200
665 93 10 12 0.198
660 208 23 24 0.192
308 150 23 30 0.192
195 143 15 16 0.191
534 63 10 11 0.188
556 74 10 13 0.187
18 191 28 31 0.182
730 68 9 11 0.181
630 57 10 11 0.177
932 62 8 10 0.175
536 64 10 13 0.174
788 111 13 15 0.166
458 153 21 29 0.165
107 141 14 17 0.165
151 67 8 10 0.155
680 89 11 15 0.153
208 106 12 16 0.152
183 139 13 15 0.152
926 80 14 15 0.150
380 44 8 10 0.147
44 90 12 16 0.147
838 83 21 13 0.146
761 63 9 9 0.146
895 305 54 61 0.146
88 129 19 20 0.143
148 39 7 8 0.142
166 70 9 12 0.140
542 122 12 15 0.139
893 85 10 22 0.139
10 171 26 26 0.136
1003 97 16 16 0.134
661 95 14 15 0.134
95 89 11 14 0.132
384 217 29 33 0.132
118 82 10 11 0.130
965 68 9 12 0.130
462 111 16 19 0.125
209 114 13 14 0.124
1003 68 9 11 0.122
322 113 30 29 0.122
874 72 11 17 0.121
763 122 13 15 0.120
440 79 11 12 0.118
93 184 24 30 0.117
664 102 12 15 0.116
420 122 16 20 0.114
217 65 11 13 0.114
667 94 23 13 0.108
60 53 10 10 0.107
97 69 9 10 0.107
465 53 9 19 0.107
109 27 7 9 0.106
108 99 12 13 0.105
444 68 14 15 0.104
981 89 20 46 0.104
1009 192 15 37 0.102
72 155 20 24 0.101
758 73 16 14 0.099
85 37 9 9 0.097
830 78 12 14 0.097
705 83 13 14 0.096
651 56 12 16 0.093
809 95 11 12 0.093
260 51 9 10 0.091
161 92 10 14 0.091
593 49 10 9 0.090
949 80 16 14 0.090
802 68 24 12 0.090
0 83 11 13 0.088
171 37 8 11 0.088
934 65 10 21 0.088
194 140 35 18 0.086
161 90 10 12 0.085
1004 93 14 48 0.085
527 110 34 21 0.085
81 64 9 11 0.084
470 88 12 13 0.083
538 78 11 14 0.081
692 56 9 11 0.081
518 71 25 15 0.078
257 76 11 13 0.076
589 66 15 11 0.076
55 48 15 13 0.076
0 164 12 31 0.075
769 148 16 18 0.075
347 115 19 20 0.075
731 61 10 21 0.073
579 99 14 17 0.073
692 122 13 16 0.073
113 188 20 25 0.072
233 79 11 13 0.072
759 62 18 10 0.071
102 138 18 20 0.070
950 123 16 18 0.070
847 68 16 11 0.068
243 56 9 13 0.068
144 40 13 9 0.068
683 68 9 20 0.067
746 63 10 21 0.067
915 102 39 20 0.066
887 97 12 16 0.066
846 79 12 21 0.065
670 90 23 26 0.064
7 82 10 14 0.062
282 150 19 23 0.061
62 27 8 9 0.061
945 76 14 90 0.061
96 90 16 18 0.060
434 107 16 18 0.059
378 78 15 18 0.058
93 84 14 15 0.058
895 64 13 25 0.058
107 153 19 71 0.058
89 67 13 10 0.058
304 157 23 27 0.058
355 45 8 11 0.057
873 120 14 16 0.057
472 82 22 15 0.057
179 59 13 11 0.057
31 189 23 27 0.056
651 79 12 13 0.056
939 73 14 15 0.055
395 54 17 12 0.055
487 44 15 10 0.055
81 36 9 14 0.055
467 91 12 14 0.055
150 61 9 12 0.055
813 107 13 15 0.055
649 104 25 15 0.055
430 111 18 21 0.054
923 104 23 16 0.054
76 37 19 8 0.054
811 93 13 15 0.052
283 39 8 13 0.051
691 49 10 21 0.051
884 73 16 33 0.050
96 196 22 29 0.050
470 75 10 24 0.049
513 45 17 12 0.049
634 195 22 26 0.048
152 57 8 23 0.048
305 71 15 15 0.048
476 133 24 27 0.048
726 137 22 22 0.047
13 60 11 17 0.047
554 41 10 21 0.046
167 57 8 24 0.046
31 127 13 16 0.046
128 37 11 11 0.046
838 115 17 21 0.045
738 135 18 20 0.045
85 69 24 9 0.045
629 58 32 11 0.045
423 69 12 14 0.045
563 63 12 17 0.044
904 65 13 18 0.044
684 71 14 10 0.044
340 66 14 15 0.044
926 116 14 18 0.044
851 325 51 73 0.043
594 50 8 29 0.043
59 26 9 8 0.043
536 37 10 24 0.043
521 111 14 16 0.043
13 67 11 14 0.042
701 252 28 35 0.042
827 115 15 17 0.042
849 358 27 52 0.042
807 75 10 34 0.042
423 124 21 25 0.042
252 259 35 42 0.041
437 42 12 19 0.041
1017 54 7 28 0.041
313 65 16 13 0.041
861 98 14 15 0.040
377 50 10 14 0.040
1 103 14 18 0.039
832 51 8 23 0.039
145 40 21 9 0.039
262 69 10 15 0.039
2 201 21 28 0.039
150 69 23 10 0.038
1008 126 13 18 0.038
578 80 13 15 0.038
0 158 10 27 0.038
960 89 13 19 0.038
974 50 9 16 0.037
847 268 39 46 0.037
869 54 13 19 0.037
198 23 8 13 0.037
408 30 11 23 0.036
246 62 11 13 0.036
48 92 14 18 0.036
793 52 11 30 0.036
513 46 13 17 0.036
559 99 13 16 0.036
50 220 27 25 0.036
572 71 21 11 0.035
724 142 15 20 0.035
909 55 10 24 0.035
887 75 23 16 0.035
199 27 8 17 0.035
615 194 39 32 0.035
626 60 16 28 0.034
555 54 10 32 0.034
340 151 27 29 0.034
240 39 10 20 0.034
292 178 23 28 0.034
893 119 21 18 0.033
41 32 8 7 0.033
99 148 18 21 0.033
267 56 15 13 0.033
979 128 15 18 0.032
422 37 10 26 0.032
382 53 20 10 0.032
173 39 9 18 0.032
402 56 24 13 0.031
232 19 7 8 0.031
777 67 21 36 0.031
894 60 18 14 0.031
835 271 26 38 0.031
722 128 16 22 0.031
876 120 23 15 0.031
739 120 15 16 0.031
116 81 13 16 0.030
490 43 27 12 0.030
683 28 7 24 0.030
444 62 44 23 0.030
946 53 11 16 0.030
353 114 17 19 0.030
771 87 9 23 0.030
384 36 10 17 0.030
328 153 30 29 0.030
699 213 34 41 0.029
113 37 14 22 0.029
216 87 13 14 0.029
92 124 13 16 0.029
104 43 18 12 0.029
362 145 22 27 0.029
380 40 16 25 0.028
372 77 14 16 0.028
108 23 9 28 0.027
150 40 17 16 0.027
717 107 15 19 0.027
194 63 13 13 0.027
202 52 12 18 0.026
489 33 10 26 0.026
318 56 15 20 0.026
421 50 13 25 0.026
6 52 12 14 0.026
773 101 15 30 0.025
773 36 7 29 0.025
889 126 13 17 0.025
131 38 10 20 0.024
850 61 30 12 0.024
929 123 13 15 0.024
468 45 23 11 0.024
342 78 13 14 0.024
887 75 47 51 0.024
584 124 15 17 0.024
751 128 18 22 0.024
346 27 9 26 0.023
361 170 22 26 0.023
0 269 7 34 0.023
290 57 19 22 0.023
494 126 19 22 0.023
518 42 28 16 0.023
531 85 11 23 0.023
992 74 17 17 0.023
975 36 8 32 0.023
79 154 28 24 0.023
393 33 24 17 0.022
917 90 13 18 0.022
683 109 14 19 0.022
276 265 30 35 0.022
1002 41 11 14 0.022
122 17 6 8 0.022
870 322 60 69 0.022
396 237 23 27 0.022
487 120 25 33 0.022
547 93 16 28 0.022
592 48 29 11 0.022
243 36 9 30 0.022
636 64 17 29 0.021
881 52 15 21 0.021
418 105 52 40 0.021
630 34 9 46 0.021
422 25 9 33 0.021
679 73 14 29 0.021
407 34 17 25 0.021
105 23 20 16 0.021
397 38 16 31 0.021
626 30 14 22 0.021
351 293 26 27 0.021
728 45 19 18 0.021
0 107 8 23 0.021
40 43 20 18 0.021
263 93 12 20 0.021
46 51 14 11 0.020
664 43 15 21 0.020
