2_Demonstration_Demonstrators_2_271
225
586 480 31 43 0.843
951 467 36 49 0.831
665 475 33 43 0.819
483 499 37 46 0.810
352 475 39 50 0.803
437 605 58 68 0.795
710 458 32 38 0.781
270 611 48 63 0.770
81 503 33 54 0.767
615 596 63 74 0.732
953 321 16 21 0.702
751 402 20 25 0.700
184 478 26 46 0.685
567 317 20 23 0.660
214 367 17 27 0.655
549 502 30 37 0.635
757 295 13 15 0.632
808 304 13 18 0.550
286 514 29 37 0.478
570 365 17 24 0.469
275 323 11 14 0.465
189 501 33 50 0.462
689 595 47 56 0.450
852 267 9 11 0.424
849 304 16 18 0.416
147 243 7 9 0.400
908 374 14 22 0.377
728 434 20 24 0.368
742 261 9 11 0.365
264 459 29 37 0.351
988 288 10 13 0.314
431 427 32 41 0.291
192 375 15 24 0.282
823 265 11 13 0.268
757 457 21 33 0.268
154 395 15 21 0.237
110 252 6 8 0.236
825 348 14 20 0.226
950 304 12 14 0.225
745 275 11 14 0.223
795 415 20 38 0.209
837 295 11 14 0.202
873 347 15 18 0.193
215 429 22 29 0.188
47 257 8 9 0.186
374 461 30 44 0.184
176 262 8 9 0.180
43 276 9 12 0.172
600 267 9 11 0.162
243 245 7 8 0.157
0 335 7 14 0.151
1015 279 8 12 0.148
68 254 9 10 0.146
633 277 10 12 0.144
922 350 17 21 0.138
798 425 21 32 0.136
792 411 19 32 0.136
587 279 11 13 0.134
870 376 17 29 0.129
1009 257 9 10 0.124
318 320 12 14 0.122
743 268 12 18 0.120
815 328 14 19 0.118
16 648 42 35 0.114
17 274 9 12 0.114
960 624 36 59 0.114
623 260 8 10 0.114
236 295 9 11 0.109
182 331 12 17 0.108
592 363 19 23 0.107
266 281 8 10 0.102
983 307 10 14 0.102
725 347 17 25 0.094
938 253 9 10 0.087
542 425 19 37 0.085
4 260 13 19 0.085
627 282 13 14 0.085
121 388 14 22 0.084
86 275 9 11 0.083
871 341 16 60 0.082
274 345 13 17 0.081
962 265 9 11 0.080
687 536 34 47 0.080
931 437 17 32 0.076
274 321 12 34 0.076
788 264 9 11 0.075
746 279 13 15 0.075
237 246 14 8 0.073
114 274 8 9 0.071
312 347 14 20 0.071
983 396 17 22 0.071
222 273 9 11 0.070
89 252 10 10 0.068
729 355 16 23 0.068
749 276 18 38 0.066
916 249 8 10 0.066
588 250 8 10 0.066
927 304 12 15 0.065
46 524 39 48 0.064
818 334 16 21 0.062
823 346 27 23 0.061
231 246 8 9 0.061
11 257 11 14 0.061
82 634 39 43 0.060
572 290 12 15 0.060
517 451 20 28 0.060
625 285 11 13 0.059
950 242 8 10 0.057
621 258 8 11 0.057
92 252 8 8 0.057
596 354 19 26 0.056
600 366 18 23 0.055
602 313 16 18 0.055
923 277 10 13 0.054
0 377 11 22 0.051
820 344 15 23 0.051
981 313 11 14 0.051
785 408 20 31 0.050
229 245 8 8 0.050
123 257 8 9 0.050
68 252 8 19 0.050
572 288 22 19 0.050
582 296 13 16 0.050
611 311 20 21 0.050
724 342 15 20 0.050
44 265 8 25 0.050
309 343 14 17 0.050
185 336 14 21 0.049
580 369 20 22 0.049
9 257 16 27 0.047
211 250 7 8 0.046
1007 282 10 13 0.046
771 360 19 28 0.046
785 267 10 12 0.045
574 294 16 18 0.044
415 234 22 29 0.044
822 288 12 15 0.044
461 468 26 37 0.043
65 254 28 11 0.043
569 435 20 32 0.043
914 250 14 10 0.043
973 304 19 13 0.042
540 417 18 32 0.042
519 459 21 27 0.042
289 419 18 25 0.041
946 361 14 20 0.041
545 436 31 31 0.040
629 307 14 17 0.040
275 327 13 54 0.039
316 353 14 21 0.039
276 345 15 22 0.039
970 290 20 18 0.038
626 244 10 10 0.038
753 296 13 16 0.038
608 374 20 25 0.038
613 347 18 24 0.038
281 361 15 21 0.037
184 450 20 37 0.037
633 528 34 38 0.036
204 302 12 12 0.036
625 244 7 9 0.036
579 280 17 18 0.035
661 252 9 11 0.035
612 380 19 30 0.035
629 271 14 26 0.035
201 301 11 12 0.035
24 468 34 40 0.034
0 333 11 17 0.033
646 276 10 13 0.033
334 318 14 16 0.033
44 344 12 17 0.033
314 322 13 17 0.033
68 272 9 9 0.032
82 256 9 22 0.032
538 407 19 31 0.032
853 260 7 12 0.031
626 280 10 14 0.031
967 293 11 20 0.031
215 318 12 15 0.030
956 231 7 8 0.030
828 351 14 20 0.030
123 261 8 9 0.029
94 330 16 17 0.029
15 323 10 13 0.029
751 250 10 11 0.029
868 359 19 32 0.029
626 259 15 28 0.029
585 345 23 25 0.029
943 239 8 23 0.028
626 276 16 38 0.028
633 310 13 16 0.028
888 353 14 19 0.028
476 435 19 26 0.028
929 307 14 14 0.028
123 226 6 7 0.027
0 544 17 60 0.027
617 320 13 17 0.027
101 332 15 16 0.027
569 293 12 17 0.026
880 352 20 26 0.026
12 369 15 22 0.026
790 260 8 10 0.025
971 278 10 12 0.025
809 349 14 19 0.025
173 305 10 13 0.025
949 294 11 22 0.025
974 334 15 20 0.025
280 367 16 23 0.024
271 313 13 24 0.024
822 253 9 26 0.023
276 342 15 68 0.023
1008 259 11 15 0.023
220 289 12 17 0.022
266 381 17 30 0.022
225 271 9 11 0.022
605 356 25 33 0.022
573 352 21 27 0.021
142 333 13 16 0.021
965 260 9 23 0.021
279 318 15 17 0.021
16 254 10 11 0.021
604 253 8 19 0.021
975 327 14 20 0.020
950 359 16 22 0.020
921 270 11 21 0.020
