2_Demonstration_Political_Rally_2_42
60
955 301 69 102 0.827
49 244 45 45 0.826
143 279 25 33 0.820
347 322 29 36 0.816
429 276 25 32 0.812
977 268 27 33 0.797
121 276 23 29 0.779
855 278 19 22 0.777
410 271 22 27 0.774
787 272 18 22 0.769
639 273 23 29 0.768
762 283 23 27 0.759
476 266 19 22 0.753
259 261 14 17 0.752
695 278 15 19 0.746
533 286 21 27 0.742
715 273 14 17 0.741
350 247 21 27 0.735
281 261 26 30 0.733
619 283 20 27 0.726
180 269 27 34 0.723
333 258 17 23 0.700
617 261 12 14 0.660
107 266 18 22 0.639
550 277 20 27 0.639
912 293 20 22 0.637
236 260 18 22 0.624
375 261 15 20 0.598
30 270 15 17 0.513
0 258 13 21 0.465
549 263 13 16 0.432
668 269 12 16 0.409
557 277 19 24 0.312
526 270 14 14 0.165
115 271 24 27 0.149
303 269 13 16 0.129
494 396 19 24 0.124
243 261 59 20 0.096
519 269 13 13 0.078
552 261 17 23 0.064
0 261 32 26 0.061
220 273 16 23 0.060
0 309 10 32 0.058
0 270 7 32 0.053
525 267 11 11 0.050
311 254 11 13 0.049
170 259 15 18 0.041
309 255 19 14 0.041
91 269 17 25 0.041
770 271 35 27 0.038
650 272 29 25 0.038
0 280 9 24 0.037
513 271 12 15 0.035
752 292 12 15 0.032
560 261 13 17 0.029
228 248 13 13 0.024
171 272 21 28 0.022
32 268 10 12 0.022
758 282 17 23 0.021
107 261 22 20 0.020
