2_Demonstration_Demonstration_Or_Protest_2_656
67
588 1073 26 36 0.715
660 1082 34 38 0.712
731 1031 22 30 0.702
974 1054 28 33 0.674
684 1040 26 34 0.635
0 1098 19 27 0.608
873 1045 26 36 0.593
85 1074 19 24 0.547
483 1061 19 23 0.535
818 1069 24 37 0.524
641 1044 22 27 0.501
950 1038 22 26 0.471
335 1069 20 26 0.368
513 1063 20 22 0.352
173 1103 19 22 0.343
49 1073 19 22 0.301
422 1057 22 26 0.278
123 1118 16 21 0.261
28 1073 19 22 0.260
311 1081 20 25 0.259
445 1062 18 23 0.179
955 1053 25 32 0.174
195 1081 18 22 0.163
780 1051 17 22 0.139
312 1076 32 26 0.139
227 1064 16 21 0.133
30 1084 21 25 0.111
437 1059 22 26 0.105
1012 1026 12 31 0.101
174 1064 17 19 0.086
518 1087 21 27 0.079
960 1062 21 26 0.070
861 1092 18 24 0.058
3 1044 14 20 0.055
112 1110 59 30 0.052
310 1067 30 26 0.051
520 1073 22 36 0.051
176 1062 23 24 0.050
335 1060 25 30 0.050
39 1085 23 26 0.049
431 1056 20 23 0.049
240 1087 20 27 0.044
341 1070 23 29 0.040
307 1063 22 24 0.040
929 1036 20 30 0.038
388 1072 28 32 0.038
456 1048 19 23 0.037
473 1019 15 18 0.036
202 1064 47 27 0.034
934 1035 21 25 0.032
516 1029 15 18 0.032
160 1100 18 23 0.032
1 1050 16 33 0.032
302 1027 19 29 0.031
643 1039 19 21 0.030
151 1070 16 18 0.028
386 1090 21 25 0.028
808 1078 24 33 0.026
872 1054 24 37 0.026
111 1126 18 21 0.024
0 1079 16 42 0.024
387 1062 21 27 0.023
920 1059 21 31 0.022
785 1044 20 24 0.022
735 1040 23 30 0.021
197 1069 28 28 0.021
108 1104 20 24 0.020
