2_Demonstration_Protesters_2_6
83
818 392 59 65 0.858
687 387 50 63 0.845
992 345 32 78 0.844
289 383 67 80 0.842
924 383 35 50 0.832
752 367 40 44 0.810
228 433 39 49 0.795
545 348 28 35 0.784
90 388 30 36 0.781
426 404 24 36 0.774
28 382 26 30 0.771
467 360 23 27 0.771
141 388 21 24 0.763
355 391 28 42 0.722
824 321 16 21 0.702
394 381 19 28 0.649
765 321 14 17 0.611
165 427 22 34 0.587
577 319 12 15 0.517
430 387 21 25 0.497
526 376 16 20 0.462
505 381 13 15 0.430
206 384 13 19 0.429
552 320 16 19 0.400
616 399 30 34 0.380
240 395 26 29 0.375
387 352 13 18 0.367
62 385 17 22 0.339
659 376 19 26 0.286
162 387 14 15 0.281
157 384 17 23 0.214
63 421 23 33 0.204
594 371 16 19 0.139
177 390 12 17 0.136
1 379 9 23 0.121
64 398 20 62 0.118
957 406 30 36 0.104
230 396 28 33 0.101
58 370 13 15 0.097
59 380 16 22 0.095
734 377 29 35 0.074
607 328 14 18 0.071
170 376 10 9 0.066
409 366 13 17 0.052
232 370 12 12 0.051
434 382 21 23 0.051
643 381 18 21 0.051
610 326 13 16 0.046
0 402 7 27 0.046
605 375 26 24 0.043
76 396 44 37 0.042
651 373 23 27 0.041
209 376 14 20 0.039
260 372 16 20 0.037
2 380 18 21 0.036
112 379 16 19 0.035
508 385 14 17 0.034
236 394 21 25 0.033
598 339 20 20 0.030
175 376 17 9 0.030
383 348 19 26 0.030
649 380 23 29 0.028
254 396 23 33 0.028
530 342 18 24 0.028
183 373 10 12 0.028
819 364 33 39 0.028
215 369 19 14 0.027
799 330 11 15 0.027
635 383 26 33 0.027
189 435 31 37 0.027
596 341 15 19 0.027
337 378 15 21 0.026
11 382 39 27 0.026
799 322 11 18 0.026
404 369 16 23 0.026
439 376 19 22 0.023
181 435 27 33 0.023
125 379 17 17 0.023
260 377 22 27 0.022
500 415 17 27 0.022
450 371 14 19 0.021
544 326 20 25 0.021
663 373 24 33 0.021
