2_Demonstration_Demonstration_Or_Protest_2_203
57
479 298 28 34 0.852
902 299 28 35 0.833
390 279 30 39 0.830
37 294 36 44 0.828
969 321 27 32 0.819
619 324 26 32 0.818
449 303 26 33 0.814
570 336 25 30 0.805
223 316 31 42 0.805
815 301 28 36 0.805
751 302 24 30 0.798
420 305 26 29 0.794
538 342 20 25 0.778
307 306 32 40 0.776
167 326 30 32 0.776
944 319 23 29 0.775
874 310 25 28 0.770
353 297 20 27 0.736
779 321 20 23 0.701
704 275 28 35 0.693
247 319 22 29 0.689
516 326 22 28 0.663
661 307 22 26 0.610
1001 306 16 28 0.477
340 306 19 28 0.290
949 320 55 31 0.262
1014 435 10 29 0.242
330 302 19 26 0.191
327 305 28 34 0.182
536 326 22 26 0.114
70 304 26 32 0.110
709 288 25 28 0.105
893 303 29 33 0.100
270 323 16 21 0.096
199 325 18 23 0.089
854 323 15 20 0.079
323 316 29 28 0.075
234 320 30 38 0.060
1002 319 16 28 0.057
670 311 24 26 0.056
991 307 20 25 0.050
291 328 16 19 0.048
652 310 19 26 0.046
854 327 16 28 0.039
712 299 21 26 0.038
200 321 29 31 0.036
784 305 17 24 0.034
516 302 18 22 0.031
719 298 18 22 0.030
342 318 19 24 0.028
679 286 20 26 0.028
1002 327 14 26 0.027
349 318 17 24 0.024
678 307 22 25 0.024
321 299 27 35 0.022
848 329 17 25 0.021
681 292 22 26 0.020
