2_Demonstration_Protesters_2_931
40
197 125 28 34 0.820
96 129 32 45 0.790
562 127 16 22 0.761
314 126 24 32 0.757
401 143 20 23 0.748
897 153 22 28 0.736
523 133 15 20 0.733
453 131 20 23 0.733
593 126 16 21 0.732
940 153 21 28 0.729
241 138 20 25 0.702
274 129 21 30 0.701
165 137 23 33 0.681
427 147 19 25 0.664
343 133 19 22 0.635
762 171 15 18 0.560
755 147 13 17 0.550
704 126 20 28 0.425
42 133 22 32 0.308
316 128 38 27 0.150
757 145 13 40 0.146
993 251 22 27 0.134
799 152 16 31 0.104
997 144 20 26 0.102
800 165 17 25 0.084
658 137 11 13 0.079
797 151 15 20 0.079
548 123 13 18 0.076
323 116 17 22 0.070
1006 116 16 24 0.060
575 127 15 21 0.052
690 150 14 23 0.042
353 107 12 13 0.039
326 112 14 17 0.034
295 137 19 27 0.029
801 174 15 20 0.027
995 146 16 21 0.027
702 128 15 24 0.025
739 132 15 20 0.025
743 146 20 23 0.023
