2_Demonstration_Demonstrators_2_50
81
453 283 19 24 0.768
903 291 20 24 0.758
751 290 17 21 0.757
319 291 19 20 0.755
828 288 20 23 0.754
539 285 18 21 0.739
497 294 16 19 0.717
207 304 15 18 0.706
980 273 20 21 0.693
358 299 16 18 0.659
385 311 16 19 0.581
172 309 14 19 0.549
270 312 14 17 0.534
663 301 19 20 0.525
370 312 16 18 0.465
111 298 13 18 0.450
0 285 10 23 0.441
416 300 15 18 0.436
74 284 13 18 0.380
384 282 14 18 0.350
715 286 16 18 0.347
585 301 16 21 0.343
239 303 16 19 0.231
927 272 13 16 0.205
123 318 16 16 0.197
610 297 14 20 0.191
303 294 14 17 0.191
808 285 15 19 0.163
101 322 16 18 0.150
679 285 14 15 0.129
786 299 17 21 0.109
383 289 15 21 0.107
104 316 15 19 0.104
356 303 44 27 0.103
910 273 17 19 0.095
580 302 16 19 0.092
857 302 16 18 0.088
576 297 16 20 0.087
946 330 23 27 0.083
109 320 28 16 0.079
783 305 19 18 0.079
612 290 14 20 0.077
429 280 13 17 0.073
0 309 9 23 0.071
262 305 16 18 0.070
250 302 25 16 0.070
79 286 15 19 0.068
525 300 14 18 0.065
796 288 30 24 0.064
784 291 15 18 0.061
915 274 21 22 0.058
106 294 14 18 0.057
612 279 15 20 0.053
290 290 17 15 0.047
1007 268 14 29 0.046
424 288 15 23 0.046
305 304 14 15 0.046
1012 275 11 22 0.040
988 278 23 21 0.038
177 265 15 17 0.036
432 296 15 21 0.036
704 287 16 18 0.035
948 289 19 22 0.035
345 295 11 13 0.035
597 300 20 21 0.032
936 287 38 24 0.030
693 289 25 20 0.027
494 287 15 18 0.025
154 284 15 23 0.025
778 308 13 16 0.024
958 251 16 19 0.023
692 290 15 18 0.023
291 312 16 17 0.023
206 291 15 19 0.022
578 366 24 28 0.022
953 292 23 24 0.021
240 291 19 19 0.020
862 303 17 20 0.020
70 287 13 18 0.020
834 348 19 20 0.020
1008 265 14 19 0.020
