2_Demonstration_Demonstration_Or_Protest_2_716
561
743 373 21 30 0.741
936 402 24 32 0.730
914 361 20 28 0.717
814 357 19 27 0.708
1001 397 23 30 0.699
11 448 35 59 0.690
880 327 16 20 0.655
976 471 43 48 0.615
733 356 18 24 0.611
901 314 14 16 0.567
746 330 20 26 0.548
907 291 14 16 0.518
884 279 13 15 0.516
984 327 16 19 0.494
998 427 22 33 0.470
859 346 16 22 0.458
895 354 17 20 0.428
756 309 16 20 0.423
666 375 18 26 0.413
988 308 13 16 0.399
692 328 17 22 0.399
951 339 18 22 0.398
953 310 15 17 0.392
831 271 13 15 0.390
657 283 12 15 0.382
800 297 16 21 0.381
708 346 18 24 0.373
645 275 11 13 0.367
109 285 16 20 0.360
898 133 8 9 0.352
839 301 18 20 0.349
1012 273 11 13 0.335
848 140 8 8 0.335
970 305 14 18 0.322
862 137 8 10 0.317
980 256 13 14 0.310
953 136 7 8 0.295
854 276 12 14 0.283
96 383 25 40 0.280
728 293 15 19 0.275
869 268 11 14 0.270
732 250 11 12 0.269
897 261 12 14 0.265
710 274 13 15 0.264
681 271 12 14 0.261
913 293 14 16 0.258
671 212 7 8 0.252
812 280 12 14 0.249
203 409 27 48 0.244
958 361 19 27 0.244
628 205 7 8 0.243
750 318 20 29 0.241
951 305 22 18 0.233
838 248 10 12 0.232
1007 289 14 16 0.217
795 273 12 14 0.216
797 222 9 10 0.215
767 241 10 12 0.214
597 333 12 16 0.208
729 273 12 17 0.208
931 279 12 15 0.206
325 372 22 33 0.206
782 224 8 9 0.204
886 257 12 15 0.199
612 307 14 19 0.198
936 296 12 16 0.191
656 265 10 13 0.191
868 255 10 15 0.190
645 207 8 9 0.190
518 208 8 9 0.190
796 293 15 19 0.188
752 284 18 16 0.187
693 331 25 32 0.186
499 205 8 9 0.185
887 252 11 14 0.185
821 294 14 19 0.181
727 207 8 8 0.179
934 261 12 14 0.176
862 312 14 16 0.174
527 503 30 64 0.173
924 261 10 13 0.172
806 285 14 27 0.172
863 293 12 15 0.169
637 255 10 15 0.167
149 273 12 14 0.167
858 288 12 21 0.166
767 285 17 17 0.166
980 278 12 15 0.165
658 279 16 15 0.162
775 326 16 20 0.160
574 416 22 40 0.156
957 249 12 13 0.154
899 318 14 23 0.152
776 258 13 16 0.150
662 297 18 18 0.150
976 109 7 9 0.149
802 304 14 20 0.147
685 267 15 15 0.145
955 344 18 27 0.144
895 290 12 38 0.144
757 270 12 23 0.141
221 278 12 14 0.139
893 361 18 25 0.137
90 389 24 42 0.136
822 252 11 18 0.135
704 258 12 19 0.134
139 252 11 14 0.134
109 583 37 50 0.133
811 278 21 14 0.131
141 293 15 18 0.130
700 340 21 27 0.130
946 317 15 18 0.129
999 223 10 11 0.126
125 263 11 14 0.126
1015 340 9 28 0.125
702 212 8 9 0.125
325 285 13 14 0.124
247 272 12 13 0.124
938 263 11 13 0.122
617 272 12 16 0.121
659 261 10 17 0.120
652 304 16 20 0.119
36 305 15 18 0.119
886 243 10 19 0.118
688 297 13 24 0.118
814 282 16 26 0.118
835 305 16 19 0.117
617 331 15 19 0.117
733 285 28 17 0.117
859 292 14 28 0.116
480 254 9 11 0.116
824 290 18 18 0.116
638 331 16 24 0.116
977 222 10 12 0.116
649 275 19 24 0.115
889 299 13 17 0.115
709 275 27 13 0.114
745 260 10 22 0.112
781 332 16 21 0.110
921 237 11 14 0.110
745 210 9 9 0.110
983 287 12 20 0.110
598 305 15 16 0.108
900 331 15 18 0.108
558 337 16 21 0.108
941 313 15 18 0.104
689 291 13 20 0.103
796 261 10 28 0.102
743 270 14 24 0.099
780 414 23 37 0.095
613 199 7 7 0.095
903 285 16 41 0.095
821 255 18 25 0.095
836 234 10 30 0.095
1002 262 13 15 0.095
613 301 14 37 0.094
871 393 25 32 0.094
166 318 20 23 0.093
212 261 10 14 0.093
906 334 16 17 0.093
647 300 14 18 0.092
640 253 11 37 0.092
665 249 8 20 0.090
984 300 15 53 0.090
713 263 10 30 0.090
1016 223 8 11 0.089
839 396 30 38 0.089
707 250 10 22 0.088
34 281 16 18 0.088
578 247 9 18 0.087
832 214 8 8 0.087
656 370 21 30 0.087
78 394 19 43 0.086
356 364 18 27 0.086
909 247 10 21 0.086
587 263 16 17 0.085
860 263 20 23 0.085
975 289 19 16 0.085
763 268 19 31 0.084
614 263 15 20 0.083
859 390 33 33 0.082
552 260 12 16 0.082
839 551 32 60 0.082
205 243 10 12 0.081
1013 252 10 17 0.081
555 369 21 31 0.080
797 216 8 28 0.080
662 252 9 22 0.079
734 311 14 17 0.078
809 258 11 27 0.078
750 265 25 20 0.077
684 310 14 20 0.076
763 263 20 20 0.076
524 283 13 15 0.076
773 279 18 16 0.076
963 208 9 10 0.074
589 199 9 7 0.074
615 301 15 17 0.074
551 324 13 18 0.074
0 288 9 21 0.073
589 287 14 17 0.073
807 210 8 10 0.073
936 293 18 16 0.072
194 264 12 15 0.070
781 219 9 26 0.069
615 239 12 17 0.068
367 279 9 12 0.068
961 291 16 16 0.068
10 260 13 16 0.067
598 245 14 26 0.067
953 296 15 69 0.067
863 299 15 20 0.067
404 417 23 33 0.066
761 303 19 20 0.066
582 273 12 14 0.066
600 275 14 16 0.065
935 333 16 21 0.064
731 297 14 17 0.064
834 330 16 18 0.064
967 295 36 28 0.064
892 367 18 24 0.063
818 230 11 31 0.063
885 218 9 18 0.062
56 309 17 19 0.062
631 254 17 18 0.061
565 201 7 7 0.061
622 330 22 28 0.061
654 358 18 28 0.061
427 198 8 9 0.061
379 293 12 15 0.061
934 212 7 8 0.060
35 290 16 34 0.060
971 234 10 13 0.060
883 212 8 8 0.060
838 291 28 22 0.060
684 271 25 21 0.060
468 303 12 15 0.060
401 200 7 8 0.060
845 390 32 37 0.059
782 233 14 28 0.059
852 345 20 26 0.059
625 371 18 27 0.059
885 247 24 28 0.059
599 310 25 18 0.059
31 263 13 16 0.057
803 234 17 26 0.057
543 196 7 13 0.057
520 278 11 14 0.057
0 464 26 48 0.057
677 291 24 19 0.057
0 293 10 33 0.057
719 232 9 30 0.057
858 249 21 21 0.057
158 235 9 18 0.056
593 201 7 23 0.056
874 263 27 37 0.056
139 343 17 23 0.055
466 190 7 8 0.055
953 238 11 19 0.055
579 260 17 20 0.055
681 245 10 26 0.055
478 257 10 12 0.055
231 250 11 15 0.055
577 191 7 36 0.055
666 231 8 28 0.054
703 352 18 23 0.054
605 196 12 10 0.054
767 235 12 42 0.053
961 284 12 13 0.053
806 241 11 34 0.053
221 342 20 23 0.053
627 200 6 29 0.052
833 222 13 27 0.052
622 343 16 22 0.052
936 328 15 18 0.051
554 329 15 23 0.051
141 238 9 25 0.050
952 332 17 22 0.050
598 281 13 19 0.050
847 212 9 9 0.050
856 226 17 18 0.050
568 417 19 39 0.049
776 243 15 32 0.049
616 284 13 30 0.049
305 288 13 15 0.049
1014 222 9 20 0.048
610 249 14 24 0.048
752 238 24 18 0.048
210 244 9 34 0.048
618 289 13 16 0.047
726 290 22 41 0.047
750 240 17 32 0.047
689 271 17 59 0.046
588 269 17 25 0.046
759 333 22 21 0.046
697 278 16 17 0.045
973 111 7 8 0.045
644 277 11 27 0.045
600 257 16 28 0.045
576 200 9 8 0.044
5 249 13 17 0.044
1001 253 14 20 0.044
953 219 10 19 0.044
310 265 12 13 0.044
620 264 26 15 0.044
60 251 18 13 0.044
807 284 53 43 0.044
689 333 18 26 0.044
899 261 32 17 0.044
304 342 19 22 0.044
686 320 16 25 0.044
1011 437 12 40 0.043
173 278 12 14 0.043
601 235 9 28 0.043
563 232 10 27 0.043
908 214 8 8 0.043
730 203 8 37 0.042
155 248 11 19 0.042
34 298 31 25 0.042
1010 254 12 52 0.042
837 261 27 24 0.042
73 320 20 25 0.042
681 229 10 32 0.042
931 301 37 43 0.041
834 293 18 46 0.041
0 304 13 24 0.041
952 500 32 45 0.041
328 279 12 23 0.040
910 276 13 21 0.040
551 245 13 32 0.040
397 277 11 16 0.040
592 199 7 41 0.040
527 286 14 16 0.039
799 308 14 18 0.039
629 232 13 27 0.039
434 248 11 22 0.039
896 234 14 27 0.039
197 417 23 40 0.039
516 209 25 8 0.039
539 229 10 33 0.038
591 313 14 20 0.038
647 226 23 15 0.038
742 234 21 26 0.038
536 244 15 24 0.038
999 241 11 19 0.038
644 259 26 48 0.037
110 260 11 15 0.037
293 275 10 17 0.037
587 229 14 30 0.037
859 316 14 20 0.036
553 261 26 13 0.036
868 230 16 31 0.036
514 336 16 23 0.036
786 234 29 23 0.036
555 302 15 18 0.036
884 212 11 36 0.036
125 251 27 19 0.036
311 235 10 24 0.036
957 233 16 31 0.036
497 289 13 16 0.036
897 131 8 9 0.035
289 264 11 18 0.035
835 411 28 37 0.035
137 250 19 25 0.035
203 276 12 19 0.035
895 259 31 63 0.035
921 221 13 35 0.035
158 220 9 38 0.034
978 250 27 22 0.034
858 230 14 31 0.034
273 327 15 19 0.034
483 205 25 9 0.033
45 263 19 13 0.033
511 257 14 18 0.033
91 245 11 18 0.033
1014 334 10 18 0.033
1013 229 9 29 0.033
1000 266 22 59 0.033
646 198 7 40 0.033
777 360 28 28 0.033
419 276 12 14 0.033
738 380 21 31 0.033
388 199 8 11 0.032
976 225 33 10 0.032
954 224 22 15 0.032
641 330 20 20 0.032
989 214 7 8 0.032
548 274 15 15 0.032
717 378 19 27 0.032
34 263 19 17 0.032
523 214 11 36 0.032
33 275 14 20 0.032
56 248 16 19 0.032
549 311 16 37 0.032
643 206 19 14 0.032
53 307 27 25 0.031
1003 114 9 9 0.031
581 247 28 21 0.031
603 216 10 32 0.031
233 256 11 23 0.031
730 244 28 34 0.031
644 288 21 71 0.031
662 258 39 37 0.031
815 221 21 28 0.031
179 234 12 20 0.031
929 245 13 70 0.031
927 311 15 17 0.031
754 218 16 31 0.031
575 235 17 28 0.031
551 297 16 24 0.031
450 243 10 26 0.031
611 222 22 16 0.030
532 275 21 13 0.030
45 303 24 23 0.030
656 309 17 20 0.030
426 203 21 12 0.030
589 212 9 43 0.030
710 241 25 29 0.030
721 327 14 19 0.030
117 235 11 21 0.030
103 251 19 16 0.030
6 245 11 14 0.030
433 202 9 8 0.029
952 141 8 9 0.029
961 396 21 26 0.029
544 311 14 17 0.029
558 289 13 20 0.029
700 203 15 34 0.029
756 204 12 21 0.029
635 225 26 16 0.029
376 296 12 15 0.029
704 231 15 33 0.029
198 238 18 19 0.029
465 184 7 23 0.028
837 229 26 32 0.028
1017 354 7 27 0.028
346 285 12 13 0.028
996 436 25 36 0.028
459 302 21 17 0.027
211 393 32 46 0.027
826 241 17 71 0.027
294 229 10 33 0.027
8 247 17 28 0.027
787 244 27 27 0.027
712 216 22 32 0.027
904 232 27 27 0.027
678 206 15 17 0.027
484 259 12 11 0.027
280 241 14 33 0.027
550 290 15 21 0.027
959 371 24 27 0.027
960 206 10 30 0.027
926 232 17 23 0.027
374 226 10 36 0.027
555 308 14 22 0.027
960 385 21 28 0.026
63 263 18 17 0.026
281 261 18 20 0.026
636 313 23 18 0.026
941 217 25 12 0.026
627 313 18 18 0.026
818 213 15 10 0.026
134 296 19 20 0.026
92 234 10 26 0.026
372 187 6 18 0.026
909 208 10 26 0.025
559 241 23 26 0.025
828 207 21 28 0.025
474 200 18 18 0.025
701 421 27 33 0.025
549 197 14 28 0.025
463 186 8 8 0.025
163 248 16 20 0.025
395 302 16 18 0.025
337 371 23 29 0.025
554 366 18 24 0.025
158 234 25 19 0.025
213 267 19 32 0.025
1019 200 5 15 0.025
0 363 14 23 0.024
676 214 18 36 0.024
509 247 17 25 0.024
816 316 15 19 0.024
521 248 22 23 0.024
798 218 26 31 0.024
952 249 38 17 0.024
867 221 21 25 0.024
681 256 14 31 0.024
378 295 18 15 0.024
633 230 18 28 0.024
687 231 21 25 0.024
691 203 20 20 0.024
743 200 14 40 0.024
624 393 20 32 0.024
804 205 9 16 0.024
654 351 19 26 0.023
65 267 13 22 0.023
515 199 10 41 0.023
4 308 17 22 0.023
590 284 32 47 0.023
595 290 19 79 0.023
75 260 16 23 0.023
772 297 17 18 0.023
543 304 15 17 0.023
898 212 8 9 0.023
688 217 18 33 0.023
123 233 19 25 0.023
935 221 12 22 0.023
553 303 24 73 0.023
612 207 16 32 0.023
43 228 9 15 0.023
648 205 20 29 0.023
34 251 15 23 0.023
761 218 27 27 0.023
371 191 8 9 0.023
395 280 13 21 0.022
937 342 15 18 0.022
487 217 10 33 0.022
497 195 12 46 0.022
565 373 18 25 0.022
500 244 14 27 0.022
112 247 19 24 0.022
61 239 14 27 0.022
408 197 14 11 0.022
428 194 8 30 0.022
577 337 20 19 0.022
625 218 17 34 0.022
609 199 29 20 0.022
854 388 22 28 0.022
333 228 9 35 0.022
386 375 20 31 0.022
205 281 13 18 0.022
411 245 11 32 0.021
319 249 18 24 0.021
534 256 12 31 0.021
501 229 11 33 0.021
624 379 19 34 0.021
294 286 23 18 0.021
345 278 15 18 0.021
661 220 22 30 0.021
279 358 19 26 0.021
84 263 16 20 0.021
471 286 12 18 0.021
604 193 15 29 0.021
667 204 27 31 0.021
953 369 19 25 0.021
452 287 12 16 0.021
911 334 19 21 0.021
33 251 15 57 0.020
219 376 29 52 0.020
931 209 8 8 0.020
863 388 23 27 0.020
781 335 34 36 0.020
486 201 13 37 0.020
245 303 14 15 0.020
954 257 12 15 0.020
582 314 13 17 0.020
507 219 23 29 0.020
312 235 9 42 0.020
309 268 10 37 0.020
796 210 29 26 0.020
