2_Demonstration_Demonstration_Or_Protest_2_796
523
609 460 54 61 0.810
606 323 31 35 0.807
936 339 36 49 0.806
420 256 31 33 0.804
875 322 32 39 0.802
792 314 32 40 0.795
680 389 39 49 0.778
383 290 29 36 0.774
1006 159 18 22 0.767
430 312 28 40 0.760
473 213 22 26 0.759
867 177 19 23 0.736
816 176 16 21 0.731
464 144 16 18 0.728
186 334 29 38 0.727
205 404 37 43 0.725
348 238 26 28 0.722
346 187 21 26 0.715
507 357 27 44 0.715
859 456 36 47 0.711
907 76 17 18 0.696
904 171 21 22 0.696
830 236 20 28 0.695
798 160 16 21 0.681
662 182 15 21 0.674
7 242 26 27 0.673
495 130 14 18 0.672
675 150 15 17 0.670
42 350 32 36 0.670
733 264 22 30 0.669
729 141 14 17 0.669
1004 283 20 31 0.667
511 166 14 18 0.664
569 164 17 20 0.661
494 293 29 27 0.658
865 259 27 30 0.657
820 137 13 17 0.655
159 184 16 20 0.653
699 150 14 19 0.653
383 160 15 18 0.650
408 143 14 18 0.648
445 168 16 19 0.639
943 150 16 20 0.638
162 287 29 33 0.635
255 200 21 24 0.632
213 299 28 34 0.632
102 396 39 47 0.626
115 270 25 29 0.623
344 287 28 39 0.615
900 208 20 24 0.614
25 158 16 18 0.610
661 141 12 14 0.599
937 286 19 24 0.595
716 304 25 33 0.590
922 154 14 17 0.590
224 260 22 28 0.585
842 123 13 15 0.585
854 305 27 38 0.581
867 129 13 16 0.581
87 197 19 24 0.580
539 305 33 35 0.580
579 201 21 24 0.575
765 281 25 30 0.563
315 187 18 21 0.556
607 150 15 19 0.540
748 485 33 47 0.535
452 118 11 14 0.518
755 587 58 49 0.507
58 141 14 15 0.506
219 143 13 16 0.502
982 141 14 15 0.499
82 161 15 18 0.475
703 124 12 13 0.466
439 199 22 29 0.465
55 241 23 29 0.458
744 122 14 15 0.450
665 259 21 26 0.448
761 124 11 14 0.445
183 125 11 14 0.440
841 165 13 16 0.435
958 135 14 15 0.430
940 306 25 32 0.424
127 163 16 18 0.416
874 114 12 14 0.402
954 187 17 20 0.400
958 157 16 18 0.396
330 129 13 15 0.386
286 160 16 19 0.378
878 399 29 38 0.376
415 119 11 13 0.374
630 258 17 24 0.362
851 147 14 16 0.342
511 117 12 14 0.338
1011 376 13 47 0.338
642 162 14 17 0.327
725 114 13 15 0.321
175 163 17 19 0.320
352 131 13 14 0.304
726 100 11 12 0.296
359 88 9 10 0.295
412 199 17 21 0.293
977 142 15 17 0.293
607 122 10 12 0.291
31 292 31 36 0.284
204 158 13 17 0.284
546 130 13 17 0.282
676 597 46 72 0.282
939 287 21 32 0.275
772 83 9 11 0.273
89 136 12 13 0.269
985 159 15 20 0.267
342 441 39 59 0.263
572 120 10 12 0.261
551 81 9 10 0.259
687 223 20 23 0.258
835 109 13 14 0.256
427 99 10 12 0.253
747 102 9 12 0.253
817 98 11 13 0.252
596 135 13 15 0.248
235 110 11 12 0.248
588 91 8 9 0.245
297 232 19 27 0.244
399 114 12 13 0.244
666 146 28 20 0.243
709 101 9 11 0.238
506 148 14 17 0.235
473 64 8 9 0.232
476 125 13 18 0.232
1006 139 15 19 0.225
49 186 16 20 0.219
815 123 11 14 0.218
222 113 13 15 0.218
523 89 9 10 0.218
744 122 27 15 0.214
962 121 12 13 0.214
654 148 13 20 0.213
685 100 9 10 0.212
646 158 13 19 0.212
178 143 13 15 0.211
474 130 14 24 0.209
305 132 13 16 0.205
819 126 18 33 0.205
532 154 17 17 0.203
2 159 13 17 0.200
997 235 19 23 0.199
996 106 12 15 0.199
749 83 9 10 0.196
803 165 24 27 0.195
345 99 9 11 0.193
958 141 14 33 0.193
726 102 11 30 0.190
502 96 10 11 0.190
255 126 13 15 0.188
941 253 18 23 0.187
851 110 12 15 0.185
43 142 12 14 0.185
741 270 35 36 0.182
727 141 29 17 0.181
1015 94 9 19 0.178
527 152 15 18 0.178
807 147 19 25 0.176
322 460 36 50 0.175
650 152 13 15 0.175
489 79 9 11 0.172
903 174 20 63 0.170
530 80 7 9 0.170
822 69 10 12 0.170
748 148 14 17 0.168
777 267 25 30 0.167
962 625 58 53 0.165
91 105 8 10 0.164
667 244 21 28 0.163
144 105 10 11 0.162
15 122 12 14 0.160
207 201 19 24 0.159
803 140 13 15 0.159
724 108 14 16 0.153
190 97 9 9 0.151
864 75 8 10 0.145
549 299 35 41 0.144
108 187 15 18 0.143
792 110 14 18 0.142
228 113 14 15 0.138
972 178 15 18 0.138
443 162 18 68 0.138
655 138 17 27 0.137
68 120 10 11 0.137
837 109 26 15 0.137
811 136 16 17 0.135
369 261 19 25 0.135
806 68 9 11 0.134
566 240 18 21 0.134
694 65 7 8 0.134
324 58 6 8 0.132
451 76 9 10 0.131
894 99 10 14 0.130
172 102 11 13 0.127
288 101 11 13 0.125
944 114 11 14 0.125
836 167 19 20 0.124
998 56 11 12 0.116
939 250 18 41 0.116
283 158 16 18 0.116
521 157 23 19 0.114
327 130 24 15 0.112
407 101 10 12 0.112
30 120 9 11 0.109
525 102 12 13 0.108
616 150 13 18 0.107
523 122 13 15 0.107
1004 335 19 37 0.106
760 500 49 48 0.106
60 165 13 18 0.104
365 112 12 14 0.103
682 100 11 13 0.103
789 119 13 17 0.102
752 489 45 52 0.102
771 277 29 32 0.102
525 83 9 18 0.101
278 159 16 20 0.101
965 528 42 52 0.101
661 93 9 11 0.100
768 290 29 34 0.098
746 155 15 22 0.098
259 123 15 16 0.098
454 135 26 50 0.098
924 189 16 21 0.097
144 230 21 25 0.096
681 96 11 12 0.095
436 128 11 13 0.094
402 116 27 17 0.094
422 103 11 27 0.094
76 150 17 35 0.093
541 158 15 17 0.092
576 134 12 16 0.092
941 51 8 10 0.092
543 125 16 32 0.092
868 463 45 51 0.091
156 119 12 21 0.090
167 174 19 22 0.089
156 130 13 16 0.087
289 106 12 13 0.086
816 100 13 21 0.086
708 101 31 10 0.085
354 125 16 22 0.085
220 312 26 33 0.084
321 59 11 8 0.084
394 109 12 14 0.084
525 85 7 29 0.083
106 102 9 9 0.083
652 178 15 24 0.083
673 237 23 28 0.083
41 299 25 31 0.083
108 336 34 36 0.083
326 359 35 45 0.082
990 287 20 24 0.082
327 153 14 17 0.082
860 318 32 36 0.082
311 105 11 14 0.081
946 99 11 12 0.081
405 83 13 11 0.081
502 86 10 24 0.080
1015 122 9 18 0.079
986 54 9 9 0.079
664 96 15 11 0.078
66 106 10 9 0.078
718 86 9 13 0.078
743 59 8 8 0.077
567 114 15 14 0.076
592 129 14 18 0.076
588 109 14 12 0.076
343 100 13 14 0.075
809 87 12 11 0.074
858 297 24 32 0.074
566 80 9 10 0.073
693 140 14 18 0.073
270 92 10 16 0.073
710 118 28 17 0.073
119 112 13 12 0.072
313 108 15 13 0.071
623 160 15 19 0.070
999 103 17 18 0.069
131 121 12 14 0.069
804 68 9 12 0.069
876 70 10 10 0.069
730 88 13 12 0.066
360 70 9 9 0.066
88 404 46 49 0.064
804 69 20 10 0.064
607 137 13 19 0.064
992 282 28 32 0.063
558 107 10 16 0.063
477 169 13 17 0.063
489 68 8 26 0.063
183 98 16 11 0.063
201 161 15 18 0.062
840 115 22 39 0.062
332 110 14 15 0.062
123 109 11 16 0.062
384 79 10 11 0.061
191 88 8 21 0.061
879 472 44 49 0.060
1010 273 14 38 0.059
158 131 15 17 0.059
221 111 33 17 0.059
146 106 14 16 0.058
229 68 7 8 0.058
893 103 13 29 0.058
725 169 24 19 0.057
306 138 13 16 0.057
229 86 11 12 0.057
458 94 10 11 0.057
528 100 23 12 0.057
1017 242 7 27 0.055
692 177 15 17 0.055
73 107 15 10 0.055
832 154 14 18 0.055
876 120 20 17 0.055
14 121 27 12 0.054
659 85 9 19 0.054
568 115 15 26 0.054
857 280 28 60 0.053
120 131 13 15 0.053
927 634 71 47 0.053
849 150 15 19 0.053
262 130 14 20 0.053
252 169 18 22 0.053
310 130 37 18 0.052
893 118 16 19 0.052
743 572 57 48 0.052
394 95 17 19 0.052
785 87 13 12 0.052
1005 71 10 13 0.051
736 166 18 22 0.051
785 89 10 17 0.051
370 96 15 14 0.051
845 107 13 15 0.049
367 119 15 19 0.049
582 75 7 8 0.049
29 121 18 10 0.049
717 165 15 19 0.049
353 83 17 20 0.049
299 126 35 23 0.048
750 107 16 20 0.048
982 76 11 14 0.048
586 92 10 13 0.048
381 97 23 12 0.048
476 111 12 26 0.048
670 255 22 26 0.047
827 63 9 11 0.047
181 145 13 16 0.047
357 71 14 16 0.046
118 546 57 71 0.045
562 80 15 14 0.045
121 164 15 18 0.045
154 123 20 15 0.045
90 126 11 24 0.045
175 102 13 24 0.045
395 85 22 12 0.044
792 104 17 17 0.044
862 73 20 10 0.044
549 139 16 19 0.044
158 93 8 9 0.044
960 35 9 14 0.044
941 46 8 24 0.044
347 73 13 11 0.044
756 122 15 32 0.043
907 208 18 24 0.043
922 653 54 29 0.043
802 147 13 19 0.043
268 86 10 19 0.042
783 272 24 29 0.042
988 167 15 19 0.042
881 407 31 40 0.042
740 95 21 26 0.042
65 103 14 28 0.041
408 76 10 21 0.041
973 507 46 56 0.041
958 160 19 23 0.040
295 81 10 11 0.040
186 168 22 17 0.040
588 200 17 19 0.040
543 98 21 15 0.040
651 73 8 10 0.040
871 130 15 16 0.039
959 143 45 48 0.039
797 106 26 20 0.038
56 111 15 12 0.038
944 64 11 12 0.038
187 236 26 26 0.038
581 70 7 8 0.038
49 116 16 11 0.038
671 38 7 7 0.038
722 138 13 18 0.038
649 38 7 8 0.037
124 129 17 19 0.037
814 93 33 30 0.037
719 61 13 16 0.037
740 58 15 13 0.037
772 81 14 17 0.036
566 134 21 17 0.036
397 79 14 14 0.036
243 86 14 12 0.036
370 127 14 15 0.036
53 344 29 37 0.035
106 99 13 14 0.035
945 103 13 22 0.035
731 57 8 9 0.035
1016 257 7 40 0.035
679 115 10 16 0.035
140 227 20 24 0.035
477 102 12 13 0.035
246 204 25 26 0.035
163 130 29 37 0.035
204 82 9 8 0.035
135 88 7 11 0.034
425 96 12 22 0.034
546 59 7 16 0.034
689 102 14 20 0.034
202 203 21 32 0.033
489 97 21 13 0.033
810 310 29 36 0.033
560 98 12 20 0.033
53 191 15 18 0.033
671 103 11 13 0.033
984 56 27 11 0.033
453 116 16 16 0.033
149 237 21 26 0.033
215 393 36 52 0.032
182 239 24 27 0.032
577 287 24 31 0.032
1004 368 18 39 0.031
1015 460 9 51 0.031
182 131 18 14 0.031
543 287 30 31 0.030
129 341 31 38 0.030
62 245 20 25 0.030
939 63 11 22 0.030
580 69 9 20 0.029
908 617 40 62 0.029
360 85 26 17 0.029
375 125 11 14 0.029
263 91 14 18 0.029
879 88 11 11 0.028
889 63 9 12 0.028
105 102 10 26 0.028
787 129 12 18 0.028
997 53 14 20 0.028
920 151 13 16 0.028
436 78 10 21 0.028
437 61 11 14 0.028
190 79 8 8 0.027
103 114 15 14 0.027
981 79 11 14 0.027
710 98 49 57 0.027
556 142 14 16 0.027
1011 69 13 21 0.027
748 64 7 38 0.027
305 58 19 12 0.027
34 216 17 21 0.027
480 166 14 18 0.026
504 54 6 15 0.026
568 290 28 31 0.026
442 208 20 25 0.026
940 278 19 29 0.026
323 58 16 10 0.026
788 98 33 31 0.026
44 187 16 22 0.026
191 79 13 8 0.026
417 192 16 22 0.026
381 322 27 32 0.026
9 155 14 16 0.025
385 79 15 27 0.025
285 56 8 24 0.025
1 102 5 28 0.025
770 303 22 28 0.025
567 116 18 99 0.025
269 102 15 23 0.025
796 63 20 13 0.025
320 72 11 14 0.025
441 95 28 10 0.024
203 80 12 15 0.024
1011 392 13 46 0.024
681 242 19 26 0.024
941 62 23 13 0.023
666 611 45 63 0.023
690 39 9 8 0.023
921 151 21 24 0.023
552 287 31 33 0.023
197 120 13 16 0.023
293 155 15 17 0.023
687 220 18 19 0.023
886 58 9 21 0.023
459 145 20 30 0.023
663 77 18 31 0.022
828 617 38 50 0.022
615 39 7 7 0.022
643 39 12 8 0.022
138 141 15 16 0.022
1 98 7 16 0.022
259 70 8 8 0.022
599 106 10 12 0.022
903 120 18 15 0.022
607 117 10 14 0.022
776 58 20 12 0.022
993 97 11 17 0.022
979 53 14 19 0.021
865 70 8 10 0.021
1012 57 11 30 0.021
967 117 13 15 0.021
1011 341 13 57 0.021
0 412 14 66 0.021
910 117 13 15 0.021
692 91 11 18 0.021
556 64 9 9 0.021
362 254 23 30 0.021
135 137 21 17 0.021
459 74 11 30 0.021
935 79 11 20 0.021
913 631 58 50 0.021
861 287 27 32 0.020
740 548 46 65 0.020
