2_Demonstration_Demonstrators_2_790
95
790 294 50 59 0.832
211 251 58 67 0.828
129 270 20 24 0.721
518 272 21 28 0.635
0 263 21 49 0.552
651 311 9 10 0.550
407 306 10 12 0.503
564 310 8 9 0.489
684 307 8 9 0.474
727 312 8 9 0.456
379 262 27 36 0.452
627 317 9 10 0.440
608 302 9 10 0.391
450 314 9 10 0.365
596 322 9 9 0.339
254 317 10 10 0.310
705 318 8 9 0.298
95 321 9 11 0.295
327 310 13 15 0.272
1003 303 12 14 0.236
478 301 10 12 0.229
702 315 10 11 0.219
711 332 9 10 0.209
283 303 9 11 0.198
280 320 8 10 0.193
433 306 9 11 0.190
87 308 9 10 0.181
704 305 9 10 0.163
1 275 26 55 0.157
434 306 15 12 0.125
308 315 10 11 0.125
580 304 7 9 0.125
447 301 12 12 0.119
961 322 10 12 0.118
454 304 10 12 0.115
765 306 15 11 0.114
286 286 8 9 0.112
745 307 9 9 0.109
594 304 8 9 0.109
89 309 10 15 0.106
670 315 8 9 0.102
694 307 10 9 0.098
444 312 9 12 0.098
984 325 9 12 0.095
524 275 18 22 0.088
567 307 8 9 0.084
459 300 12 11 0.082
745 312 10 11 0.082
449 310 12 15 0.082
914 303 10 11 0.080
856 303 13 15 0.079
479 303 12 15 0.078
0 253 31 57 0.076
374 268 21 27 0.074
385 280 17 24 0.073
590 305 12 13 0.072
93 318 13 17 0.064
60 304 12 12 0.060
665 306 8 8 0.058
532 315 9 14 0.057
668 308 8 16 0.056
565 306 23 9 0.054
49 302 17 13 0.054
725 309 14 14 0.053
1007 304 12 12 0.052
452 317 10 10 0.051
985 320 10 16 0.049
963 367 7 9 0.048
251 312 16 17 0.048
681 310 9 9 0.047
422 300 14 15 0.047
754 306 23 11 0.043
475 313 11 12 0.043
513 277 20 27 0.043
760 303 11 11 0.043
985 309 20 12 0.036
779 310 9 15 0.034
388 295 14 18 0.033
388 293 20 25 0.031
77 318 10 23 0.030
993 312 12 14 0.030
284 305 13 13 0.029
77 330 9 12 0.029
280 302 13 16 0.028
714 309 20 15 0.027
653 307 10 9 0.027
861 312 11 21 0.026
160 281 10 13 0.025
536 307 9 24 0.024
277 318 12 14 0.024
991 305 24 19 0.024
126 277 21 24 0.023
960 318 11 11 0.023
964 322 31 12 0.023
309 314 16 22 0.022
