2_Demonstration_Demonstration_Or_Protest_2_351
33
358 265 49 58 0.811
539 244 79 112 0.805
637 289 45 81 0.650
221 288 42 50 0.586
77 308 51 82 0.542
162 248 26 35 0.508
840 305 37 55 0.463
233 288 47 50 0.362
824 276 32 42 0.202
607 253 50 78 0.189
182 249 26 34 0.162
56 261 20 23 0.161
777 250 41 46 0.160
247 247 30 33 0.142
829 281 40 55 0.122
43 427 79 110 0.100
814 272 35 41 0.091
123 237 15 16 0.054
174 257 34 59 0.052
306 270 41 45 0.048
113 366 62 80 0.043
96 310 49 77 0.038
888 258 33 40 0.037
171 280 39 46 0.034
321 271 38 43 0.032
796 267 32 39 0.026
124 235 19 25 0.025
32 439 59 78 0.023
168 243 26 32 0.022
381 272 38 52 0.022
99 247 20 24 0.021
33 230 23 28 0.021
46 251 27 28 0.020
