2_Demonstration_Protesters_2_736
109
248 167 39 52 0.845
332 115 39 48 0.845
80 124 37 49 0.817
945 48 33 38 0.814
510 56 36 40 0.812
971 108 32 40 0.801
542 96 36 41 0.800
87 55 35 41 0.794
138 104 37 43 0.774
139 203 49 61 0.756
572 144 45 53 0.756
171 153 34 44 0.754
188 65 38 50 0.751
38 71 35 42 0.738
386 1 29 29 0.733
551 36 31 32 0.731
139 41 32 41 0.717
61 41 26 38 0.712
16 52 37 44 0.686
44 400 44 77 0.671
804 145 33 42 0.647
418 116 43 46 0.642
914 154 34 40 0.614
848 198 37 46 0.595
748 154 43 51 0.592
954 206 39 52 0.547
0 174 10 47 0.499
672 74 35 40 0.480
717 144 37 47 0.434
287 33 22 37 0.394
922 9 24 32 0.390
325 2 21 28 0.383
461 88 30 39 0.376
49 1 25 24 0.327
584 80 27 33 0.310
596 116 35 38 0.308
0 101 14 53 0.286
788 61 29 38 0.244
452 1 23 24 0.224
0 84 20 39 0.215
114 0 24 23 0.205
188 108 29 40 0.188
662 46 25 31 0.186
426 48 25 32 0.183
802 8 22 32 0.154
48 458 38 75 0.152
247 39 25 29 0.141
666 53 31 60 0.132
287 3 20 22 0.132
716 57 29 33 0.128
121 0 26 20 0.116
687 73 33 38 0.113
869 1 22 25 0.106
100 9 23 30 0.100
183 1 24 25 0.096
169 27 27 35 0.089
174 502 49 69 0.089
353 28 26 33 0.087
626 64 25 32 0.079
796 9 21 29 0.075
660 0 22 23 0.074
719 148 54 55 0.071
130 0 32 18 0.070
783 59 24 34 0.070
880 68 29 38 0.069
666 79 28 35 0.067
422 14 28 32 0.057
585 137 42 49 0.054
0 26 7 28 0.048
453 77 33 42 0.046
436 48 29 32 0.044
451 56 24 29 0.043
587 75 48 33 0.038
654 123 35 42 0.038
753 27 29 32 0.037
421 21 29 44 0.037
450 60 28 36 0.036
0 121 9 47 0.036
4 65 22 40 0.036
615 11 22 30 0.035
66 0 29 23 0.035
448 0 24 18 0.034
293 37 18 28 0.034
795 67 29 36 0.034
221 14 32 36 0.033
863 66 31 43 0.033
807 12 26 33 0.033
805 119 39 49 0.032
326 89 28 32 0.032
33 405 61 106 0.031
283 30 21 29 0.031
183 47 26 33 0.030
206 15 31 37 0.029
389 42 28 41 0.028
814 220 41 54 0.028
128 42 32 41 0.027
145 0 22 14 0.027
499 25 28 32 0.026
389 62 27 29 0.025
610 112 31 36 0.024
65 5 67 28 0.024
78 37 28 33 0.024
941 210 42 57 0.023
962 30 27 32 0.023
1016 14 8 43 0.022
869 24 27 35 0.022
698 33 26 30 0.022
232 20 30 34 0.022
970 0 24 21 0.021
