2_Demonstration_Demonstration_Or_Protest_2_62
168
1 341 133 168 0.878
358 248 68 96 0.855
160 265 65 74 0.850
158 181 38 45 0.837
93 229 30 37 0.824
834 299 36 42 0.816
585 261 48 56 0.815
999 285 25 42 0.799
423 265 36 50 0.786
96 191 16 19 0.760
57 234 37 42 0.751
917 282 31 36 0.722
854 255 23 25 0.686
692 234 20 25 0.680
902 322 41 49 0.662
118 175 15 18 0.636
1004 427 20 81 0.608
101 168 11 13 0.580
202 193 16 18 0.568
815 244 32 41 0.485
212 178 12 14 0.466
46 184 19 22 0.435
621 194 20 22 0.414
354 184 10 11 0.413
454 217 21 27 0.396
971 278 21 30 0.371
344 231 27 27 0.361
975 273 18 26 0.346
26 184 18 20 0.344
943 267 18 23 0.325
38 157 9 11 0.302
42 194 19 24 0.298
694 262 32 36 0.293
825 258 23 28 0.291
895 255 16 20 0.282
503 211 15 19 0.279
377 185 9 11 0.271
865 300 28 34 0.262
577 210 17 20 0.260
303 215 19 24 0.244
478 191 13 14 0.233
395 188 11 13 0.233
432 196 9 11 0.227
54 185 17 22 0.220
520 194 11 13 0.214
89 162 9 10 0.211
417 214 15 18 0.209
688 265 39 54 0.199
960 280 29 31 0.194
293 166 13 14 0.194
606 229 18 22 0.192
607 196 16 15 0.186
606 194 38 19 0.184
409 197 11 12 0.181
87 162 16 12 0.173
681 289 42 49 0.162
723 223 13 15 0.157
348 200 15 17 0.157
0 217 29 43 0.151
24 185 36 18 0.140
728 354 31 40 0.123
464 214 22 27 0.122
297 184 12 16 0.122
629 253 31 41 0.121
957 287 21 26 0.118
229 189 12 15 0.118
118 163 14 18 0.116
29 198 29 24 0.115
568 226 21 26 0.113
214 178 15 16 0.113
338 171 10 12 0.112
26 161 16 12 0.111
407 174 9 11 0.110
26 163 9 11 0.109
78 160 11 11 0.101
493 207 29 22 0.100
352 180 13 34 0.097
133 182 17 17 0.095
572 216 20 26 0.094
500 207 17 18 0.094
516 193 14 24 0.093
766 146 17 20 0.086
931 274 24 30 0.085
343 170 9 10 0.082
427 187 12 19 0.079
867 239 17 21 0.078
893 265 20 24 0.077
622 200 21 31 0.075
59 163 12 12 0.074
481 191 15 20 0.074
29 159 12 11 0.073
734 345 37 48 0.072
719 223 17 26 0.070
376 188 34 11 0.069
394 194 20 13 0.069
426 183 10 13 0.068
467 195 17 14 0.066
353 184 20 13 0.064
136 174 13 18 0.062
28 169 12 38 0.061
230 189 23 33 0.061
621 215 20 21 0.059
227 162 12 13 0.059
718 244 17 21 0.058
408 213 22 27 0.055
341 173 22 21 0.054
402 179 11 18 0.051
749 258 25 31 0.050
974 244 14 15 0.049
488 203 16 17 0.046
238 188 14 18 0.045
866 244 34 21 0.044
102 164 18 14 0.044
947 270 21 25 0.044
1015 256 9 30 0.044
380 182 11 14 0.042
339 232 22 24 0.041
238 189 20 29 0.040
121 161 19 17 0.040
236 198 21 28 0.039
251 299 49 58 0.038
370 188 13 25 0.038
177 149 8 11 0.037
798 234 39 47 0.037
353 173 17 58 0.037
978 269 16 21 0.036
776 199 26 29 0.036
353 203 20 21 0.036
18 199 28 33 0.035
721 231 18 23 0.034
846 256 24 26 0.033
429 211 14 16 0.033
449 221 22 30 0.033
625 215 31 30 0.033
159 155 12 11 0.033
704 262 21 26 0.032
647 225 16 20 0.031
637 229 23 25 0.031
128 146 12 11 0.029
870 178 14 16 0.029
291 170 13 18 0.029
105 145 10 17 0.029
57 163 31 11 0.029
428 246 33 43 0.029
431 181 9 12 0.028
890 251 18 20 0.028
334 177 11 15 0.028
328 176 13 12 0.026
138 159 13 23 0.026
128 147 13 17 0.025
520 207 16 20 0.025
481 67 11 13 0.025
748 329 34 48 0.024
422 182 17 19 0.024
64 161 10 10 0.024
197 187 16 21 0.024
380 187 40 18 0.024
458 190 11 12 0.023
369 204 17 19 0.023
830 196 15 16 0.023
12 205 36 40 0.023
140 147 10 10 0.022
620 258 32 47 0.022
947 264 17 19 0.022
196 158 9 12 0.021
137 148 14 17 0.021
792 293 27 33 0.021
0 226 20 29 0.020
