2_Demonstration_Demonstration_Or_Protest_2_14
193
686 545 47 59 0.864
621 420 28 37 0.841
94 551 48 56 0.815
213 625 57 53 0.801
442 369 19 24 0.796
329 380 18 24 0.787
284 369 19 24 0.785
493 369 21 27 0.783
396 391 20 25 0.783
724 402 22 28 0.773
238 357 17 20 0.773
589 379 20 26 0.773
790 438 21 24 0.768
655 384 19 25 0.762
518 419 25 31 0.762
326 359 15 17 0.753
419 390 18 22 0.743
703 384 16 20 0.733
401 372 16 19 0.730
842 410 15 18 0.727
368 376 19 27 0.723
63 397 22 27 0.719
1000 447 18 20 0.719
540 354 15 18 0.718
456 342 15 19 0.714
606 364 16 20 0.704
688 346 13 15 0.697
635 334 12 15 0.681
170 342 11 14 0.676
833 368 15 18 0.675
749 368 17 18 0.673
306 362 14 18 0.671
132 418 16 19 0.668
527 393 19 23 0.661
753 342 12 14 0.650
657 364 14 17 0.650
387 333 12 15 0.628
584 339 13 15 0.625
825 349 11 13 0.613
836 455 17 20 0.603
669 342 11 13 0.602
600 348 13 16 0.599
414 351 13 15 0.561
718 345 12 13 0.559
560 331 11 14 0.558
280 316 10 12 0.550
802 357 11 14 0.545
498 344 15 16 0.532
338 323 11 13 0.503
874 354 11 13 0.475
716 328 8 10 0.467
613 340 13 15 0.459
614 327 9 11 0.448
799 343 9 12 0.441
538 325 9 12 0.439
765 333 9 10 0.420
831 318 8 9 0.410
670 326 10 10 0.407
201 308 10 11 0.392
791 316 8 9 0.383
740 303 7 8 0.353
280 329 10 12 0.341
775 361 11 15 0.340
761 309 7 9 0.338
478 337 11 12 0.330
806 306 7 9 0.307
742 302 6 7 0.296
509 345 15 16 0.283
341 313 9 12 0.279
882 381 13 19 0.266
522 349 12 14 0.263
644 320 11 11 0.261
501 330 10 13 0.260
613 311 7 9 0.255
836 344 10 10 0.254
837 312 8 10 0.249
458 316 10 12 0.231
714 313 8 8 0.229
521 327 11 24 0.206
689 333 9 10 0.205
375 365 15 18 0.204
615 335 12 16 0.201
518 328 14 14 0.192
296 363 24 23 0.187
602 349 16 20 0.180
356 367 15 17 0.177
715 346 12 14 0.174
783 347 10 12 0.172
762 308 8 8 0.168
724 347 20 12 0.167
743 321 7 9 0.164
523 322 8 11 0.162
367 352 13 16 0.153
371 361 15 29 0.148
826 348 13 27 0.146
736 301 7 8 0.143
536 330 10 12 0.138
474 343 13 17 0.137
521 326 21 14 0.133
231 357 39 20 0.127
511 364 16 21 0.125
715 306 7 26 0.118
279 316 11 20 0.111
741 323 15 10 0.110
761 306 8 23 0.108
863 350 11 12 0.105
779 348 10 19 0.097
862 349 9 11 0.094
573 322 9 11 0.091
300 324 9 11 0.087
720 346 22 12 0.086
868 298 10 7 0.086
267 340 13 17 0.085
502 367 23 23 0.084
517 359 14 19 0.083
281 344 14 16 0.083
831 314 12 14 0.081
610 309 8 9 0.080
614 304 7 29 0.076
886 306 8 8 0.074
744 357 15 34 0.074
570 320 9 12 0.073
805 299 8 23 0.072
475 315 10 11 0.070
715 298 7 7 0.070
895 352 11 16 0.069
155 394 14 16 0.068
402 368 25 26 0.068
508 319 21 10 0.067
460 302 8 16 0.065
672 309 8 10 0.062
675 309 13 10 0.062
689 340 14 15 0.062
568 326 23 11 0.062
737 324 14 10 0.059
752 328 12 81 0.059
190 359 11 13 0.058
773 366 12 16 0.056
869 315 7 11 0.054
677 302 7 34 0.053
353 370 15 19 0.053
706 337 15 21 0.050
803 288 10 16 0.049
589 371 18 26 0.047
836 350 11 12 0.046
933 331 9 11 0.046
932 347 14 14 0.045
291 343 14 15 0.044
881 305 17 8 0.043
890 302 7 10 0.043
654 363 19 28 0.043
557 350 12 15 0.043
850 293 24 7 0.042
950 344 10 13 0.041
502 309 8 10 0.041
890 353 13 16 0.040
855 327 9 11 0.040
418 348 13 16 0.039
833 332 11 26 0.039
866 311 10 16 0.037
635 318 14 12 0.037
891 357 13 31 0.036
259 342 31 24 0.036
894 344 11 13 0.035
887 331 7 10 0.034
385 326 11 10 0.033
151 127 20 25 0.032
581 341 12 15 0.032
930 341 9 13 0.032
483 341 80 25 0.030
276 318 23 48 0.030
516 328 71 14 0.030
210 302 11 13 0.029
900 354 11 14 0.027
845 288 14 13 0.027
491 324 22 18 0.027
772 287 7 8 0.026
860 291 16 21 0.026
867 300 19 10 0.026
933 330 10 32 0.026
787 316 9 23 0.025
588 325 10 9 0.024
271 356 14 16 0.024
501 307 12 31 0.023
849 328 18 9 0.022
709 296 11 32 0.022
821 370 22 16 0.021
264 347 13 18 0.021
848 282 7 18 0.021
740 363 12 16 0.021
185 360 15 17 0.021
474 354 11 15 0.021
442 358 17 20 0.021
