2_Demonstration_Political_Rally_2_718
72
658 112 37 50 0.842
252 96 29 44 0.833
124 87 39 48 0.828
498 107 72 107 0.826
635 71 21 27 0.789
745 96 23 28 0.768
837 85 22 28 0.766
815 87 16 22 0.763
918 94 17 23 0.672
431 97 16 22 0.650
728 86 13 18 0.597
354 82 20 30 0.559
405 106 15 21 0.463
1008 50 16 30 0.438
249 73 18 22 0.407
805 106 11 14 0.382
484 98 22 31 0.342
264 88 33 50 0.331
951 83 13 17 0.317
345 83 21 28 0.310
673 91 10 12 0.309
1 101 7 21 0.308
568 89 21 23 0.305
695 87 11 13 0.302
190 77 19 26 0.291
777 103 12 14 0.287
881 102 11 14 0.237
863 371 57 37 0.188
621 96 11 13 0.188
891 375 50 45 0.178
910 388 33 37 0.168
168 81 13 17 0.165
164 83 17 25 0.145
400 107 16 22 0.130
394 82 12 18 0.112
768 86 11 13 0.108
673 88 20 15 0.095
769 88 13 21 0.091
1006 73 15 31 0.083
233 73 14 18 0.082
572 92 21 26 0.079
999 48 20 29 0.077
895 370 38 36 0.076
764 80 14 17 0.074
998 74 17 29 0.074
340 87 16 27 0.070
560 87 25 29 0.065
623 98 11 14 0.063
617 94 12 14 0.060
158 89 22 32 0.058
484 88 20 32 0.058
599 97 17 17 0.056
191 74 15 19 0.052
439 100 13 19 0.047
484 74 15 25 0.047
322 100 19 37 0.035
593 99 16 19 0.033
996 52 14 21 0.032
0 103 16 21 0.031
344 85 12 19 0.030
881 102 19 19 0.029
997 55 19 30 0.028
945 83 15 18 0.027
913 97 18 21 0.027
434 96 21 23 0.027
196 78 20 31 0.026
379 81 37 36 0.025
326 91 18 36 0.024
696 89 13 13 0.023
490 91 35 50 0.022
1 69 8 21 0.022
464 95 11 12 0.021
