2_Demonstration_Demonstration_Or_Protest_2_219
28
942 160 53 58 0.869
532 382 48 64 0.861
373 378 42 53 0.834
753 234 53 70 0.834
51 195 47 60 0.831
671 144 47 57 0.830
631 160 32 47 0.828
453 146 43 57 0.813
124 164 43 50 0.812
307 151 46 56 0.811
213 163 35 44 0.801
844 143 53 65 0.787
429 166 31 41 0.752
255 407 45 50 0.747
732 153 44 53 0.730
560 181 38 51 0.626
527 127 35 48 0.460
279 171 30 40 0.408
404 151 32 39 0.315
540 141 31 42 0.151
552 147 26 41 0.078
433 100 19 22 0.049
203 178 25 34 0.049
286 119 32 43 0.026
553 159 34 49 0.023
712 154 29 42 0.022
418 96 17 18 0.022
125 318 9 9 0.021
