2_Demonstration_Demonstration_Or_Protest_2_78
60
418 993 107 134 0.853
49 928 169 180 0.838
847 1012 47 56 0.812
905 1011 43 52 0.783
957 1026 27 36 0.539
292 887 20 23 0.531
344 889 18 21 0.522
195 1045 49 58 0.392
239 893 15 19 0.383
232 1033 29 33 0.265
679 1013 37 45 0.261
160 879 21 23 0.175
180 879 20 25 0.162
966 1026 26 32 0.147
428 919 13 16 0.137
641 1052 56 67 0.115
298 884 18 21 0.113
525 980 21 28 0.111
476 898 16 18 0.107
577 983 30 41 0.097
432 942 13 16 0.086
484 903 16 19 0.079
235 890 27 23 0.077
0 943 19 34 0.073
526 973 17 22 0.069
215 1034 36 45 0.065
432 906 10 50 0.060
806 1007 17 22 0.053
788 1058 16 23 0.052
349 903 31 22 0.050
784 1053 17 20 0.048
239 879 16 18 0.043
156 874 19 23 0.042
473 902 14 17 0.042
427 924 18 25 0.041
425 915 18 23 0.040
518 985 21 25 0.040
609 1053 58 67 0.040
187 1057 44 58 0.038
367 909 17 21 0.037
807 1009 12 14 0.035
359 906 21 22 0.035
0 1043 32 47 0.033
482 898 15 18 0.032
176 1018 70 89 0.031
956 1038 30 40 0.030
461 929 12 15 0.030
650 1025 51 53 0.028
241 1036 24 26 0.026
978 1027 19 25 0.026
473 896 14 16 0.025
766 1051 24 30 0.025
203 1041 35 41 0.024
642 1015 27 37 0.024
591 1053 53 68 0.024
991 1099 32 60 0.024
370 916 16 21 0.023
775 1051 29 33 0.023
189 873 14 18 0.021
325 1095 93 101 0.021
