2_Demonstration_Demonstrators_2_232
41
401 403 15 20 0.574
964 260 9 11 0.395
946 264 8 9 0.390
897 271 7 9 0.263
245 406 9 10 0.242
472 405 14 19 0.223
33 433 9 9 0.201
989 267 7 8 0.152
325 384 10 11 0.125
714 361 16 18 0.114
580 404 22 29 0.108
918 254 8 11 0.098
64 434 8 9 0.090
36 432 8 9 0.082
160 401 7 7 0.082
914 262 10 11 0.079
911 269 8 9 0.069
942 263 9 10 0.064
547 391 16 21 0.064
11 446 8 9 0.059
574 410 25 29 0.051
107 433 9 11 0.046
248 398 10 13 0.043
718 446 18 22 0.040
256 388 10 9 0.039
159 402 7 7 0.037
80 422 9 10 0.037
501 395 18 20 0.032
189 399 8 9 0.031
571 641 18 21 0.028
723 356 23 21 0.027
610 404 15 19 0.026
564 415 20 25 0.026
597 516 24 27 0.025
676 450 30 35 0.024
622 528 24 27 0.024
594 370 16 22 0.022
970 267 21 9 0.022
192 402 8 8 0.022
233 395 8 9 0.021
424 422 13 15 0.021
