2_Demonstration_Protesters_2_82
31
702 283 48 68 0.855
316 333 41 48 0.841
401 338 33 44 0.826
92 386 24 33 0.814
887 266 59 82 0.811
242 365 28 31 0.770
152 369 18 22 0.755
26 394 11 13 0.540
748 326 37 54 0.525
278 363 29 33 0.449
2 397 12 17 0.374
8 398 12 15 0.195
190 356 24 31 0.180
470 338 21 28 0.148
475 339 25 30 0.098
870 263 49 77 0.097
954 273 25 43 0.086
141 393 14 21 0.076
82 356 19 23 0.058
291 363 25 30 0.055
189 366 24 30 0.049
0 393 8 15 0.049
485 338 24 31 0.046
434 376 25 25 0.044
845 257 33 56 0.039
86 358 23 55 0.038
137 390 13 17 0.032
736 332 41 54 0.027
853 255 47 73 0.023
477 343 33 38 0.022
221 366 21 28 0.021
