2_Demonstration_Demonstration_Or_Protest_2_99
97
47 638 44 45 0.762
341 643 30 37 0.754
474 631 34 51 0.750
531 616 25 37 0.742
409 653 29 30 0.673
606 581 14 16 0.617
669 544 12 14 0.548
331 607 17 21 0.523
393 594 14 19 0.477
359 491 7 7 0.425
725 548 12 15 0.406
271 615 26 38 0.396
270 490 8 9 0.395
960 598 14 18 0.390
677 595 11 15 0.344
374 634 20 24 0.342
410 605 12 15 0.308
457 489 7 9 0.284
701 642 25 34 0.280
717 602 16 25 0.258
166 592 13 19 0.241
395 597 17 19 0.216
780 600 18 24 0.208
540 606 20 28 0.143
46 599 12 14 0.133
326 458 6 8 0.132
391 541 11 14 0.131
108 622 22 31 0.129
334 611 30 63 0.111
599 613 17 21 0.104
778 595 26 36 0.102
720 550 14 18 0.099
334 508 10 10 0.096
355 581 16 23 0.085
480 607 17 25 0.079
294 605 13 15 0.071
606 520 10 12 0.070
962 642 16 23 0.066
89 648 24 33 0.062
48 592 16 18 0.062
189 615 19 26 0.060
626 611 20 22 0.058
162 597 17 30 0.055
373 619 17 23 0.054
112 607 20 27 0.054
331 629 19 25 0.054
332 506 9 11 0.053
56 585 15 17 0.052
281 618 17 30 0.046
120 604 16 20 0.045
43 601 15 21 0.045
389 598 14 22 0.045
276 605 27 27 0.043
336 510 9 11 0.042
336 635 22 24 0.042
563 404 8 9 0.041
273 490 7 8 0.040
273 493 7 7 0.037
326 460 7 8 0.035
593 610 16 20 0.035
778 594 48 72 0.034
474 608 21 34 0.034
89 609 15 21 0.033
691 596 16 16 0.032
161 590 20 27 0.032
599 613 43 20 0.031
875 536 10 12 0.030
123 598 17 16 0.030
65 587 13 17 0.028
669 600 13 15 0.028
965 604 18 18 0.028
711 604 17 22 0.027
272 601 20 32 0.027
3 594 22 26 0.027
50 505 9 12 0.026
749 594 12 17 0.026
380 651 29 32 0.025
394 653 32 30 0.025
418 650 27 33 0.025
359 582 17 19 0.025
710 557 14 17 0.025
323 612 21 26 0.025
711 642 15 22 0.024
691 645 32 38 0.024
321 616 27 36 0.024
199 599 18 23 0.023
163 609 17 24 0.023
355 609 15 19 0.022
654 484 10 11 0.022
546 604 14 21 0.021
693 602 13 20 0.021
533 566 16 17 0.021
112 616 26 30 0.021
1014 612 9 23 0.020
2 454 8 11 0.020
957 602 14 19 0.020
270 600 17 23 0.020
