2_Demonstration_Demonstrators_2_101
227
820 268 88 96 0.869
246 176 36 44 0.859
154 235 37 45 0.858
570 204 29 35 0.854
776 201 30 36 0.852
469 256 48 57 0.851
318 256 42 51 0.849
967 223 57 67 0.849
690 226 42 47 0.833
208 250 40 48 0.828
55 208 33 42 0.813
496 216 27 34 0.811
13 184 30 38 0.802
547 164 18 23 0.791
509 177 20 26 0.786
341 182 17 22 0.766
289 181 22 29 0.763
953 188 42 50 0.754
434 210 21 28 0.710
182 161 17 21 0.678
221 185 17 21 0.665
479 164 17 19 0.657
371 186 20 25 0.657
652 160 13 16 0.648
807 163 12 14 0.645
79 173 16 17 0.628
602 174 18 23 0.623
454 167 16 18 0.607
367 167 14 18 0.598
573 148 12 14 0.569
435 162 11 13 0.559
915 145 14 16 0.546
408 183 14 17 0.498
327 178 15 20 0.492
318 156 11 12 0.478
941 163 14 17 0.473
688 146 11 13 0.458
670 163 15 18 0.447
62 165 13 16 0.426
177 137 8 9 0.425
708 152 10 13 0.419
221 162 11 13 0.407
570 176 13 16 0.384
465 145 9 11 0.375
147 153 11 12 0.374
172 161 15 19 0.369
138 144 11 13 0.366
1008 157 16 32 0.334
413 140 8 8 0.329
523 155 10 13 0.327
396 154 12 13 0.322
397 169 13 17 0.313
211 170 14 16 0.306
613 140 8 10 0.298
129 183 17 22 0.290
369 174 17 35 0.275
785 146 10 10 0.273
969 159 14 17 0.270
810 145 10 11 0.257
725 157 10 12 0.248
291 160 14 14 0.225
370 147 12 16 0.221
359 151 12 13 0.216
1013 146 10 18 0.212
744 139 11 12 0.211
375 146 9 11 0.209
595 141 10 11 0.201
462 146 12 15 0.201
861 146 11 12 0.196
402 166 13 17 0.192
839 146 10 11 0.191
629 159 12 17 0.190
437 163 15 15 0.184
402 175 16 19 0.182
217 142 8 9 0.175
461 164 38 19 0.175
500 166 14 17 0.169
665 138 10 12 0.162
403 158 12 14 0.161
784 161 10 13 0.159
346 159 11 14 0.157
638 141 9 10 0.153
612 141 14 10 0.151
348 159 15 11 0.149
394 158 15 20 0.149
203 147 9 11 0.149
359 139 9 10 0.148
230 141 7 9 0.145
707 155 25 12 0.143
304 163 14 16 0.140
138 164 14 17 0.140
264 147 7 10 0.139
748 166 14 18 0.135
843 157 10 14 0.131
219 162 16 51 0.128
208 171 14 17 0.128
550 168 23 20 0.124
894 145 13 13 0.119
140 146 15 30 0.117
742 165 16 23 0.115
838 148 11 14 0.114
122 184 20 24 0.114
381 191 17 25 0.114
682 197 25 33 0.110
826 143 25 12 0.108
627 141 9 10 0.107
484 140 8 9 0.106
531 144 11 13 0.105
826 140 9 11 0.102
673 167 16 19 0.101
858 164 14 15 0.099
663 139 17 12 0.099
662 151 31 30 0.099
265 151 9 11 0.095
624 141 21 11 0.095
728 166 12 23 0.094
594 175 17 22 0.092
726 174 18 15 0.092
240 157 9 11 0.091
482 217 41 47 0.090
116 170 13 18 0.087
115 172 16 26 0.084
213 142 23 9 0.084
578 137 10 8 0.083
299 176 22 29 0.082
116 184 19 24 0.082
879 149 12 13 0.080
661 140 11 14 0.079
633 230 26 32 0.074
683 164 15 18 0.073
590 141 34 9 0.073
604 152 10 26 0.073
320 181 17 18 0.073
55 158 10 11 0.072
723 162 12 18 0.072
558 140 11 12 0.071
524 142 15 28 0.070
203 149 11 15 0.070
351 178 20 27 0.070
298 172 49 29 0.069
699 185 18 21 0.069
486 140 9 8 0.068
97 174 17 18 0.068
600 142 9 9 0.068
720 177 18 15 0.067
296 155 9 9 0.067
199 217 24 36 0.065
743 156 14 20 0.064
762 140 17 12 0.063
103 176 44 25 0.061
830 139 11 11 0.058
443 157 18 28 0.055
605 165 16 26 0.054
202 146 25 9 0.053
135 187 17 20 0.052
407 199 16 21 0.052
743 140 32 10 0.051
661 134 12 13 0.051
359 145 8 11 0.048
528 181 14 19 0.048
869 153 19 13 0.048
448 146 13 9 0.047
721 163 32 29 0.047
109 159 12 12 0.047
406 179 19 25 0.046
864 164 14 17 0.046
942 145 14 15 0.046
739 175 15 19 0.046
241 159 11 12 0.045
735 138 18 20 0.045
359 137 7 9 0.044
289 163 13 14 0.044
532 152 13 18 0.044
310 156 9 9 0.044
400 201 21 21 0.043
94 161 12 14 0.042
263 230 32 39 0.041
834 161 11 13 0.041
510 123 7 7 0.041
631 170 15 19 0.040
858 147 27 19 0.039
221 180 23 31 0.039
379 184 17 23 0.039
98 161 20 30 0.038
16 219 18 29 0.038
635 220 24 30 0.038
99 159 21 12 0.036
879 145 24 12 0.035
843 193 15 20 0.035
670 143 21 14 0.035
785 151 21 17 0.035
193 183 19 27 0.034
747 138 14 65 0.034
371 144 13 14 0.034
1009 152 15 26 0.034
605 154 29 18 0.033
525 136 15 16 0.033
433 171 14 17 0.032
547 136 19 10 0.031
754 133 15 20 0.031
447 148 8 9 0.031
3 191 20 25 0.031
966 157 21 23 0.031
842 143 11 10 0.030
728 127 9 10 0.029
882 143 11 10 0.028
793 136 14 14 0.028
520 137 9 19 0.027
625 288 50 38 0.026
151 165 18 16 0.026
134 149 12 15 0.026
700 179 30 20 0.026
328 159 30 10 0.026
693 178 20 25 0.026
382 155 67 20 0.025
857 142 10 10 0.025
675 132 16 24 0.025
56 156 8 9 0.023
221 192 17 23 0.023
454 141 7 9 0.023
640 216 21 26 0.023
175 132 9 24 0.022
263 143 7 8 0.022
13 206 24 44 0.022
412 137 11 14 0.021
365 143 61 78 0.020
476 136 13 12 0.020
