2_Demonstration_Political_Rally_2_316
427
587 571 10 12 0.624
656 562 10 11 0.623
466 573 10 12 0.580
573 555 10 12 0.578
777 577 10 11 0.576
805 555 9 10 0.570
857 529 8 10 0.563
777 528 10 12 0.559
869 539 9 11 0.559
621 576 10 12 0.549
504 569 10 11 0.548
717 578 10 11 0.547
942 560 9 11 0.531
794 571 10 12 0.524
752 550 9 11 0.522
627 547 9 11 0.518
729 540 8 10 0.513
794 540 8 9 0.513
416 573 10 11 0.511
52 531 7 9 0.504
894 529 8 10 0.503
63 577 9 11 0.500
591 543 7 9 0.481
895 507 8 9 0.462
1015 550 8 10 0.457
278 563 8 9 0.456
816 527 9 10 0.454
761 562 9 11 0.447
38 540 6 8 0.445
1012 524 7 9 0.443
136 564 8 9 0.439
689 555 8 11 0.439
216 569 8 10 0.427
349 579 8 9 0.426
987 559 9 9 0.423
98 578 8 9 0.418
520 569 10 11 0.415
324 579 7 9 0.407
549 548 9 10 0.400
696 544 8 10 0.394
419 540 8 8 0.391
409 545 8 10 0.388
907 493 7 8 0.387
306 561 9 10 0.380
794 508 7 9 0.378
584 524 8 10 0.374
321 549 8 10 0.371
761 533 9 11 0.368
707 531 8 9 0.363
366 562 9 10 0.362
247 565 7 8 0.359
238 538 7 8 0.353
766 518 8 10 0.353
493 544 8 8 0.352
956 551 8 10 0.341
549 564 9 11 0.324
114 550 7 8 0.324
198 534 7 9 0.324
57 517 7 8 0.321
842 500 7 9 0.320
989 500 7 8 0.317
671 554 9 11 0.315
202 550 8 9 0.307
119 512 7 9 0.304
106 537 8 8 0.299
0 519 7 8 0.297
92 552 7 8 0.296
308 519 7 8 0.293
703 557 9 10 0.286
811 499 8 10 0.278
463 549 8 11 0.269
401 533 7 10 0.265
662 532 9 10 0.264
148 540 8 9 0.263
863 487 7 7 0.260
529 538 7 9 0.259
439 525 8 9 0.258
730 474 7 8 0.255
29 530 8 9 0.251
608 545 9 11 0.250
146 551 7 10 0.247
71 544 7 8 0.245
663 575 10 12 0.244
345 531 8 9 0.241
872 500 8 9 0.240
308 547 8 8 0.236
469 503 8 8 0.234
15 538 7 9 0.230
172 537 8 9 0.228
604 544 11 9 0.226
725 524 9 11 0.225
558 526 10 11 0.225
336 561 8 9 0.224
834 512 9 10 0.221
887 487 6 8 0.218
608 521 8 9 0.216
847 543 10 11 0.215
361 524 7 11 0.214
17 555 8 9 0.213
507 550 9 10 0.209
792 488 7 8 0.205
443 543 8 10 0.196
103 563 7 9 0.194
926 499 8 11 0.192
381 525 7 8 0.189
297 580 8 10 0.184
960 504 8 9 0.183
256 550 8 9 0.182
86 519 8 8 0.179
273 543 8 9 0.176
229 563 9 10 0.175
470 538 8 10 0.174
66 564 8 12 0.171
899 473 6 11 0.167
442 568 10 11 0.164
818 473 7 9 0.163
438 570 10 11 0.162
275 540 8 9 0.161
504 529 10 10 0.160
837 560 9 11 0.159
799 523 9 12 0.153
179 549 8 11 0.151
145 547 8 18 0.148
284 505 8 10 0.146
953 554 10 11 0.145
690 546 10 18 0.144
814 491 7 8 0.144
33 565 9 10 0.141
143 580 9 10 0.138
191 566 9 9 0.137
651 578 10 11 0.136
153 569 8 9 0.136
542 563 19 11 0.135
501 550 12 15 0.135
990 495 6 17 0.134
682 511 11 9 0.132
718 555 10 17 0.132
452 506 6 26 0.131
719 562 10 13 0.128
613 549 26 10 0.127
488 577 9 9 0.127
697 539 10 15 0.126
748 568 9 10 0.126
134 561 9 14 0.125
368 554 10 15 0.125
783 574 16 14 0.125
245 517 8 15 0.124
235 549 7 17 0.122
369 503 7 23 0.120
335 526 13 9 0.118
381 521 9 17 0.115
12 537 9 9 0.115
763 478 7 13 0.114
503 569 29 11 0.113
333 557 12 12 0.112
388 563 12 10 0.111
758 530 9 24 0.109
215 568 18 8 0.108
939 506 9 9 0.106
750 547 9 16 0.104
341 530 16 9 0.103
17 554 11 13 0.098
973 505 9 9 0.096
625 572 11 14 0.096
769 521 20 19 0.096
267 514 8 19 0.096
990 478 6 16 0.095
221 549 9 15 0.095
900 474 7 7 0.095
701 511 15 11 0.095
525 512 10 17 0.094
886 480 7 20 0.094
886 568 9 10 0.094
828 513 12 12 0.092
823 556 9 11 0.092
843 480 7 23 0.091
723 563 11 10 0.090
469 500 7 20 0.090
840 500 7 19 0.090
970 504 16 9 0.088
439 558 10 25 0.087
236 530 7 20 0.085
699 525 15 11 0.085
978 544 7 9 0.084
611 508 8 22 0.084
822 552 8 18 0.083
36 569 9 11 0.083
1012 551 9 11 0.083
419 541 10 12 0.082
492 538 9 24 0.082
401 529 8 25 0.081
257 538 8 24 0.081
305 578 10 11 0.080
443 524 18 10 0.080
270 493 8 22 0.080
445 534 9 23 0.080
713 525 25 10 0.080
796 504 7 30 0.080
28 564 16 12 0.078
276 542 7 27 0.078
949 507 9 9 0.077
920 537 9 11 0.076
771 551 10 12 0.076
142 504 6 28 0.075
957 506 22 8 0.074
441 544 8 25 0.074
924 505 21 8 0.073
357 537 8 17 0.073
768 477 7 30 0.073
147 533 7 29 0.073
670 505 7 23 0.071
148 575 9 11 0.070
308 547 9 28 0.070
1001 562 15 9 0.070
681 518 8 26 0.070
927 503 8 14 0.069
177 577 9 11 0.069
215 523 6 27 0.069
563 537 12 19 0.068
538 525 9 17 0.067
813 509 7 26 0.066
742 485 8 26 0.066
758 562 15 13 0.065
30 491 7 26 0.064
680 512 30 9 0.064
484 522 14 14 0.064
873 524 8 25 0.063
67 565 20 8 0.063
444 569 10 12 0.063
569 556 11 11 0.062
237 529 7 31 0.062
185 503 21 8 0.060
462 552 27 9 0.060
834 526 14 11 0.060
142 493 5 30 0.060
246 568 8 13 0.059
981 551 10 16 0.059
186 562 12 17 0.059
172 567 9 10 0.059
911 569 10 13 0.058
388 564 22 10 0.058
370 490 6 39 0.057
462 508 12 19 0.056
784 531 18 21 0.056
228 513 20 11 0.055
776 549 10 10 0.054
845 472 5 41 0.054
493 492 6 34 0.054
638 531 10 12 0.054
17 580 11 10 0.054
285 496 7 25 0.053
379 533 6 33 0.053
565 504 8 27 0.053
104 548 16 18 0.053
468 562 10 17 0.052
207 475 5 42 0.052
721 507 8 30 0.052
162 550 27 8 0.052
604 538 27 23 0.051
1010 416 8 9 0.051
0 489 9 20 0.051
349 502 7 33 0.051
952 575 7 9 0.050
135 567 9 12 0.050
766 473 7 38 0.049
739 498 18 12 0.049
399 569 9 9 0.049
605 512 14 22 0.049
406 539 24 12 0.049
669 489 6 36 0.049
268 514 9 29 0.049
664 579 11 12 0.048
735 512 12 14 0.048
553 460 6 38 0.048
541 505 8 26 0.048
326 562 15 13 0.047
268 575 10 11 0.046
499 499 13 16 0.046
89 515 9 30 0.046
476 515 7 33 0.045
615 490 6 31 0.045
675 473 12 36 0.044
829 453 13 25 0.044
934 478 8 13 0.044
512 564 18 21 0.044
822 579 10 12 0.043
813 483 6 31 0.043
723 499 27 9 0.043
680 496 13 28 0.042
262 574 14 11 0.042
415 501 8 35 0.041
214 524 18 19 0.041
611 523 18 22 0.041
263 512 9 31 0.041
3 470 6 50 0.041
488 557 14 22 0.040
336 504 6 41 0.040
907 555 9 10 0.040
706 489 9 36 0.039
951 489 7 14 0.039
291 555 22 16 0.039
568 490 6 36 0.039
987 506 8 22 0.039
485 581 10 10 0.039
876 465 8 36 0.038
582 504 10 41 0.038
466 459 5 48 0.038
76 488 8 35 0.038
687 558 9 17 0.038
632 501 9 33 0.038
782 459 7 38 0.038
1013 548 11 15 0.038
123 501 25 10 0.037
725 513 16 20 0.037
201 522 8 44 0.037
1011 410 7 25 0.037
749 497 21 17 0.037
728 535 10 19 0.037
958 555 9 9 0.036
70 539 7 39 0.036
873 498 6 37 0.035
168 479 6 41 0.035
290 523 22 12 0.035
622 524 23 16 0.035
833 511 27 14 0.035
491 498 6 39 0.035
846 471 6 31 0.035
794 467 6 31 0.034
340 548 18 23 0.034
527 519 11 34 0.034
344 559 9 23 0.034
198 530 28 11 0.034
639 507 16 21 0.034
82 514 10 36 0.033
944 505 27 11 0.033
688 495 17 29 0.033
221 493 8 31 0.033
1008 438 8 18 0.033
77 471 5 44 0.032
900 550 13 10 0.032
749 541 14 25 0.032
177 523 12 24 0.032
627 486 10 35 0.032
911 561 8 23 0.032
223 499 6 40 0.032
713 492 19 30 0.032
588 502 8 39 0.032
15 518 8 36 0.032
529 531 28 22 0.032
595 570 12 12 0.032
177 581 10 10 0.031
921 528 9 19 0.031
894 522 11 17 0.031
913 567 9 13 0.031
505 459 13 38 0.031
857 527 25 30 0.030
420 513 8 41 0.030
951 465 6 27 0.030
513 464 5 32 0.030
384 540 15 31 0.029
334 488 7 40 0.029
768 488 10 34 0.029
97 473 5 46 0.029
53 470 6 50 0.029
96 485 7 37 0.029
540 493 10 33 0.029
935 466 6 28 0.029
52 485 13 38 0.029
451 493 7 32 0.028
892 531 10 15 0.028
162 485 21 23 0.028
14 487 8 36 0.028
828 572 18 14 0.027
448 519 24 25 0.027
984 580 9 11 0.027
848 443 5 31 0.026
256 488 12 38 0.026
856 507 10 32 0.026
387 503 10 35 0.026
109 520 12 24 0.026
441 547 33 16 0.026
410 514 15 35 0.026
995 458 12 23 0.026
704 456 7 45 0.026
679 531 13 18 0.026
24 509 14 27 0.025
77 576 17 10 0.025
326 518 17 23 0.025
794 537 23 22 0.025
508 530 18 33 0.025
129 533 11 28 0.024
19 449 6 41 0.024
986 517 9 9 0.024
86 531 21 22 0.024
70 443 5 53 0.024
37 502 8 34 0.024
530 464 7 32 0.024
769 520 24 32 0.023
1014 462 6 27 0.023
599 566 13 15 0.023
637 518 16 24 0.023
363 498 8 47 0.023
276 522 23 24 0.023
69 454 6 32 0.023
574 492 19 28 0.023
141 511 11 38 0.022
211 569 11 10 0.022
359 493 19 32 0.022
491 534 26 26 0.022
28 527 38 19 0.022
381 534 22 21 0.022
181 489 16 32 0.022
75 550 25 13 0.022
906 462 20 33 0.022
3 557 8 26 0.022
408 493 20 30 0.022
419 489 13 34 0.021
17 573 22 15 0.021
291 491 20 27 0.021
655 465 14 38 0.021
128 519 15 26 0.021
798 441 7 31 0.021
990 516 14 12 0.021
67 535 25 25 0.021
390 568 9 13 0.021
841 574 14 12 0.021
653 486 12 39 0.021
