2_Demonstration_Demonstrators_2_365
34
742 788 43 49 0.743
17 765 66 86 0.716
613 966 61 71 0.666
793 646 24 30 0.547
994 636 26 33 0.465
462 746 17 19 0.362
675 663 24 27 0.359
647 661 22 26 0.281
915 637 25 27 0.206
270 672 24 27 0.189
324 681 19 23 0.150
714 670 20 23 0.112
774 636 19 24 0.079
650 725 40 48 0.078
677 670 27 34 0.055
913 643 32 30 0.055
636 665 29 27 0.052
791 660 25 30 0.051
216 687 21 24 0.047
272 663 25 27 0.045
957 637 26 29 0.045
965 641 29 26 0.044
579 693 32 39 0.043
266 663 22 25 0.041
664 658 38 36 0.038
722 613 14 17 0.036
241 650 20 22 0.031
201 680 19 21 0.030
220 683 21 22 0.029
915 653 28 32 0.029
14 627 23 30 0.028
765 640 24 25 0.026
642 658 22 24 0.025
759 788 44 49 0.021
