2_Demonstration_Protesters_2_45
117
92 315 38 44 0.854
526 361 49 58 0.837
331 294 31 42 0.836
168 322 34 41 0.834
481 309 28 36 0.828
389 295 29 37 0.828
47 321 30 37 0.827
943 314 61 62 0.826
6 240 21 27 0.826
246 299 30 32 0.815
665 316 24 30 0.812
69 276 29 35 0.812
706 326 24 28 0.803
852 326 38 43 0.799
623 306 23 33 0.797
857 280 21 25 0.777
1003 285 21 28 0.773
559 307 29 41 0.763
917 281 27 31 0.756
447 303 29 37 0.755
100 270 18 22 0.743
744 270 21 24 0.711
811 256 15 17 0.702
429 301 21 31 0.696
460 282 21 28 0.696
159 270 19 23 0.688
487 224 20 24 0.688
451 221 17 23 0.683
843 265 15 17 0.666
978 274 16 19 0.665
291 252 14 18 0.656
860 258 14 16 0.603
574 232 17 19 0.554
579 322 35 41 0.535
234 253 15 19 0.530
721 304 21 27 0.506
364 271 21 26 0.484
657 368 30 33 0.466
333 262 14 20 0.453
894 257 12 15 0.447
776 257 16 19 0.437
907 272 14 18 0.423
375 252 17 23 0.381
610 213 13 16 0.373
623 236 14 17 0.364
363 254 17 22 0.359
63 242 15 19 0.353
236 236 15 18 0.322
305 297 24 30 0.280
274 118 18 23 0.248
119 248 16 21 0.229
936 271 15 18 0.227
42 250 14 19 0.209
745 319 38 69 0.201
368 253 18 22 0.193
367 250 21 42 0.185
859 261 16 35 0.169
693 281 16 20 0.165
898 262 17 19 0.144
30 211 9 12 0.141
549 286 21 26 0.132
772 262 16 18 0.121
692 287 17 24 0.120
308 297 61 36 0.112
234 240 15 20 0.109
295 302 23 26 0.104
695 292 17 25 0.100
414 252 12 19 0.097
86 219 10 16 0.088
373 261 20 28 0.082
429 233 11 16 0.081
358 305 18 28 0.080
66 246 16 21 0.078
1017 262 7 18 0.076
697 301 17 23 0.068
113 204 13 16 0.068
327 266 17 21 0.067
1015 266 9 17 0.067
591 234 18 20 0.065
258 196 8 9 0.063
783 265 15 18 0.058
727 302 24 31 0.056
257 276 22 23 0.056
968 276 24 21 0.053
244 131 18 19 0.048
785 259 15 17 0.047
957 278 14 16 0.047
298 252 15 18 0.044
243 259 24 37 0.041
276 188 7 9 0.039
840 264 14 15 0.038
953 278 14 18 0.038
912 268 17 18 0.038
757 265 38 19 0.037
250 270 21 27 0.035
775 253 12 16 0.035
595 235 19 22 0.032
69 256 14 20 0.032
416 246 17 21 0.032
745 318 26 46 0.032
309 273 14 19 0.030
245 263 17 26 0.028
223 275 17 22 0.027
375 208 10 12 0.026
155 275 17 22 0.025
234 355 22 32 0.025
417 388 28 47 0.025
615 235 21 30 0.024
400 242 14 15 0.023
688 211 12 15 0.023
671 306 54 52 0.023
424 217 18 18 0.022
217 281 17 18 0.022
318 221 8 11 0.021
856 256 19 25 0.021
472 282 22 26 0.020
304 253 12 16 0.020
