2_Demonstration_Demonstrators_2_92
391
976 406 46 58 0.860
936 473 61 77 0.857
664 415 43 63 0.846
183 433 37 47 0.846
782 428 40 49 0.830
443 336 28 37 0.828
817 345 35 45 0.823
343 328 26 31 0.817
655 276 23 27 0.801
972 328 31 35 0.799
463 294 21 26 0.798
736 297 28 32 0.797
930 365 30 36 0.791
874 306 30 36 0.785
918 261 18 23 0.785
248 323 26 32 0.778
495 392 33 42 0.775
572 392 34 42 0.771
610 388 34 38 0.766
995 232 21 28 0.759
504 255 18 21 0.755
577 361 28 32 0.753
537 233 17 21 0.750
888 253 21 26 0.746
441 312 25 29 0.742
936 240 18 21 0.732
858 257 18 21 0.731
15 290 19 24 0.724
975 284 28 34 0.718
535 275 21 25 0.717
782 250 14 18 0.715
580 319 25 30 0.707
338 229 15 19 0.705
398 230 15 18 0.701
235 231 15 17 0.699
339 276 19 23 0.690
318 372 28 38 0.688
214 258 18 23 0.687
564 221 14 18 0.684
612 250 15 18 0.676
951 268 18 22 0.674
573 241 16 19 0.672
678 362 25 29 0.668
315 261 17 21 0.662
820 242 18 20 0.651
394 294 21 26 0.639
974 230 13 17 0.613
868 239 13 16 0.612
858 205 10 12 0.594
590 234 14 17 0.593
458 272 19 23 0.589
190 296 21 25 0.582
726 202 11 13 0.572
923 201 11 13 0.569
483 228 13 16 0.567
315 224 15 18 0.562
583 294 21 23 0.548
829 223 11 13 0.533
381 275 18 22 0.526
689 263 16 19 0.519
586 258 19 23 0.518
218 219 13 15 0.506
458 231 15 18 0.505
706 198 10 11 0.504
713 247 19 21 0.500
601 208 13 15 0.490
518 237 16 20 0.487
331 206 12 14 0.474
963 217 11 13 0.466
523 203 12 15 0.464
757 232 12 14 0.463
798 239 13 15 0.457
406 209 11 13 0.438
366 188 10 12 0.421
195 249 15 20 0.419
716 226 13 14 0.413
667 251 17 21 0.407
512 187 11 14 0.406
779 192 10 12 0.405
710 281 18 21 0.401
733 232 13 15 0.395
690 217 12 14 0.394
169 205 11 13 0.391
799 213 14 16 0.390
841 236 13 15 0.383
918 308 24 30 0.383
687 197 11 13 0.375
203 205 12 13 0.364
148 200 11 13 0.364
427 193 10 13 0.357
562 318 23 31 0.348
626 231 13 16 0.345
662 203 11 12 0.323
371 225 15 17 0.323
294 209 13 15 0.315
194 190 11 14 0.311
514 222 14 16 0.310
390 197 11 13 0.300
318 206 16 15 0.300
241 275 16 20 0.299
580 212 13 15 0.296
435 245 16 21 0.288
776 227 14 15 0.283
325 185 11 12 0.279
177 194 11 13 0.277
439 305 38 33 0.261
441 203 10 12 0.253
481 275 17 22 0.249
991 286 23 30 0.244
407 245 16 19 0.241
578 318 26 61 0.228
273 198 12 13 0.227
761 210 11 13 0.226
357 206 13 14 0.223
693 244 14 16 0.221
427 208 12 15 0.220
305 226 15 17 0.216
454 299 24 31 0.213
727 186 8 10 0.210
257 222 16 20 0.208
408 182 11 13 0.202
624 219 12 14 0.201
161 270 17 27 0.200
161 227 11 12 0.189
295 168 8 11 0.185
621 223 15 15 0.181
311 169 8 11 0.179
168 173 11 12 0.177
978 268 21 23 0.174
748 205 10 13 0.174
122 195 11 13 0.173
805 209 10 13 0.172
270 265 16 20 0.169
955 246 14 17 0.164
171 199 12 20 0.160
724 232 20 16 0.156
264 174 9 12 0.155
436 225 15 19 0.154
555 181 10 10 0.154
284 185 11 17 0.152
1003 354 20 36 0.151
677 182 10 12 0.151
525 235 31 21 0.148
363 224 16 18 0.147
464 160 8 8 0.146
500 208 14 15 0.144
349 195 11 19 0.143
619 194 10 13 0.142
299 229 13 16 0.140
439 229 15 30 0.140
332 230 40 17 0.140
805 308 33 33 0.138
591 200 12 15 0.136
588 208 24 16 0.135
1003 325 21 30 0.134
272 202 13 17 0.134
501 179 10 11 0.133
462 175 10 13 0.132
487 186 12 16 0.132
511 187 16 22 0.132
483 206 14 15 0.130
124 172 11 12 0.129
739 270 21 21 0.127
442 230 16 18 0.125
432 198 20 16 0.124
666 220 13 16 0.124
794 265 14 17 0.122
218 204 12 13 0.122
278 215 14 18 0.121
396 168 10 11 0.120
233 178 10 12 0.119
644 201 11 13 0.119
473 207 16 14 0.118
537 211 13 15 0.118
258 228 17 19 0.117
264 227 15 18 0.117
661 225 12 16 0.115
659 258 19 18 0.113
558 181 12 12 0.111
162 268 15 17 0.111
213 176 10 12 0.110
583 299 22 28 0.106
347 203 17 17 0.106
298 216 14 28 0.106
440 286 17 20 0.105
440 230 37 23 0.105
536 183 11 11 0.104
729 281 20 23 0.104
745 230 28 17 0.103
589 269 19 23 0.103
711 249 21 37 0.101
750 206 14 15 0.100
566 223 21 41 0.099
340 164 10 10 0.099
612 229 30 16 0.097
588 182 10 11 0.097
392 206 12 16 0.096
496 194 12 21 0.096
606 228 13 21 0.094
677 218 19 15 0.094
674 213 32 21 0.093
319 153 8 11 0.093
474 190 10 29 0.091
689 259 32 22 0.091
235 178 11 11 0.091
750 248 13 16 0.090
734 276 21 22 0.090
302 181 15 12 0.090
247 224 31 21 0.089
818 250 16 35 0.089
283 183 23 11 0.088
383 158 7 9 0.086
999 292 19 24 0.086
371 174 15 16 0.086
280 210 27 16 0.085
389 185 11 26 0.085
355 175 16 13 0.085
585 183 12 17 0.084
701 201 12 15 0.082
169 179 11 19 0.081
241 212 14 16 0.080
257 214 23 30 0.079
688 241 49 33 0.078
366 205 14 16 0.078
773 214 24 33 0.077
397 166 10 20 0.077
359 226 14 17 0.076
459 239 16 19 0.074
562 195 13 14 0.073
817 306 26 30 0.072
272 192 15 22 0.071
665 233 15 24 0.071
758 279 17 22 0.071
364 184 13 25 0.070
425 191 23 20 0.069
838 271 19 25 0.069
510 208 19 28 0.069
798 200 13 66 0.069
908 242 15 18 0.068
489 188 11 31 0.066
22 206 12 16 0.066
559 179 12 19 0.066
547 195 19 14 0.065
704 271 22 27 0.065
741 255 21 42 0.065
360 189 14 29 0.065
266 271 19 22 0.064
166 197 15 32 0.063
416 224 16 16 0.062
437 156 8 9 0.062
193 168 10 12 0.062
469 192 16 17 0.061
226 184 12 15 0.061
831 267 23 22 0.061
631 246 15 17 0.061
415 245 31 19 0.060
346 181 14 26 0.059
555 243 15 21 0.057
322 262 19 20 0.056
575 292 22 24 0.056
238 269 52 24 0.056
966 235 18 18 0.056
418 176 23 11 0.056
739 222 13 23 0.056
306 203 18 15 0.056
472 184 19 22 0.055
410 187 22 13 0.055
515 183 33 14 0.055
486 169 10 31 0.055
816 268 20 23 0.054
35 238 12 15 0.054
388 251 16 19 0.054
866 227 11 15 0.053
625 261 17 22 0.053
499 181 27 23 0.053
794 258 19 21 0.052
836 260 15 19 0.051
431 172 17 13 0.051
763 278 24 23 0.051
546 211 19 18 0.051
177 190 33 19 0.051
494 164 9 10 0.050
641 187 10 14 0.050
503 216 17 18 0.049
287 201 23 45 0.049
79 245 12 15 0.049
538 193 20 21 0.049
724 186 14 68 0.049
786 216 16 15 0.048
256 195 14 14 0.048
569 299 27 26 0.047
764 268 21 25 0.047
766 249 77 17 0.047
0 215 8 17 0.047
618 192 14 26 0.046
659 230 13 17 0.046
638 272 15 19 0.046
199 177 15 52 0.046
447 186 21 14 0.045
438 196 17 64 0.045
593 202 43 36 0.043
242 184 11 17 0.043
365 272 17 20 0.043
316 196 15 105 0.042
721 249 18 23 0.042
621 267 21 21 0.042
227 206 23 25 0.042
458 177 19 22 0.042
395 304 22 26 0.042
768 264 17 19 0.041
191 162 13 15 0.040
775 268 20 27 0.040
629 237 14 17 0.039
225 194 19 21 0.039
0 193 10 15 0.039
282 167 22 22 0.039
163 147 11 13 0.039
575 192 17 30 0.038
1003 342 21 32 0.038
1003 287 17 71 0.038
519 178 12 96 0.037
384 178 24 48 0.037
144 185 11 23 0.036
832 193 24 77 0.036
143 177 16 13 0.036
120 203 12 15 0.035
579 264 20 22 0.035
929 190 10 13 0.035
489 166 13 10 0.034
743 181 10 10 0.034
252 252 15 19 0.033
309 166 22 29 0.033
150 176 25 10 0.033
775 282 17 22 0.033
679 371 26 33 0.033
260 172 10 33 0.032
247 256 17 19 0.032
184 163 15 13 0.032
447 161 15 14 0.032
240 192 12 25 0.032
331 157 19 22 0.031
460 179 35 9 0.031
335 267 20 22 0.031
153 178 10 32 0.031
805 266 23 21 0.030
520 178 22 13 0.030
377 229 22 19 0.030
480 266 18 23 0.030
268 176 17 36 0.030
184 303 21 24 0.029
376 170 26 22 0.029
380 157 16 20 0.029
785 256 38 31 0.029
504 175 26 18 0.029
229 154 10 20 0.029
915 241 17 22 0.028
574 225 55 56 0.027
618 187 22 14 0.027
714 286 19 26 0.027
232 170 12 29 0.027
341 170 25 24 0.027
278 160 24 19 0.026
24 180 12 15 0.026
22 146 10 12 0.026
666 325 20 27 0.026
684 188 34 39 0.025
281 177 26 63 0.025
138 266 16 18 0.025
410 159 13 21 0.025
622 176 10 11 0.025
370 156 22 22 0.025
438 206 23 20 0.024
171 280 19 23 0.024
124 186 19 22 0.024
0 274 10 23 0.024
334 143 9 31 0.023
882 205 9 13 0.023
531 313 21 26 0.023
317 149 15 33 0.023
669 235 15 18 0.023
329 164 21 34 0.023
416 229 19 24 0.023
444 165 22 25 0.022
481 238 17 20 0.022
303 150 25 14 0.022
465 245 20 21 0.022
421 251 17 18 0.021
261 172 13 23 0.021
150 178 40 51 0.020
181 246 17 20 0.020
283 176 14 30 0.020
