2_Demonstration_Protesters_2_211
27
547 140 27 36 0.781
477 92 33 40 0.774
160 68 29 34 0.723
899 155 50 59 0.716
465 23 24 29 0.705
975 254 49 218 0.675
650 62 33 47 0.641
705 106 46 54 0.640
100 79 21 31 0.623
258 49 17 25 0.602
563 76 26 38 0.590
395 294 39 36 0.587
449 25 17 20 0.529
390 116 33 31 0.467
808 99 37 49 0.457
441 79 22 25 0.207
458 22 25 27 0.129
816 109 38 51 0.108
689 96 50 57 0.059
691 122 50 50 0.049
720 95 34 42 0.044
454 63 24 27 0.034
891 137 49 61 0.027
557 79 23 33 0.027
400 305 29 32 0.024
568 77 31 40 0.021
434 79 22 27 0.020
