2_Demonstration_Demonstration_Or_Protest_2_274
46
307 72 28 37 0.819
145 96 26 32 0.794
636 94 26 31 0.792
662 118 23 28 0.777
541 56 29 36 0.776
393 101 23 27 0.766
472 66 22 34 0.757
347 74 24 29 0.750
741 87 26 33 0.739
89 34 32 39 0.716
694 148 24 29 0.651
830 51 26 33 0.643
595 98 25 28 0.619
788 111 26 33 0.439
929 119 27 35 0.426
221 49 27 35 0.382
419 62 23 32 0.310
0 109 6 27 0.162
221 63 28 37 0.143
722 103 19 25 0.134
472 546 37 26 0.122
249 97 24 32 0.088
583 537 19 22 0.064
488 547 23 24 0.051
423 50 21 28 0.049
462 548 34 30 0.047
430 51 39 32 0.042
597 89 23 25 0.041
223 80 28 35 0.038
278 35 31 35 0.037
930 131 28 32 0.037
699 97 21 24 0.037
93 48 29 31 0.034
34 134 19 24 0.034
257 558 55 31 0.033
546 91 24 28 0.033
690 101 26 26 0.027
796 112 29 34 0.026
513 80 21 27 0.026
416 67 21 30 0.025
793 102 22 28 0.023
991 55 28 37 0.022
657 521 9 11 0.022
449 561 36 33 0.021
445 56 26 33 0.020
766 108 27 34 0.020
