2_Demonstration_Protesters_2_198
172
717 577 42 52 0.872
587 577 42 54 0.861
4 548 38 51 0.853
641 565 42 48 0.851
895 431 31 39 0.848
156 607 35 47 0.835
90 506 34 41 0.834
302 560 41 50 0.832
980 471 32 39 0.826
601 470 29 36 0.821
863 567 40 51 0.819
582 542 38 44 0.811
454 579 41 47 0.809
28 385 24 29 0.807
926 580 35 50 0.805
560 486 30 34 0.798
684 537 33 50 0.798
998 609 26 52 0.794
768 563 43 46 0.791
262 521 27 35 0.788
581 504 34 42 0.782
115 592 41 47 0.781
16 502 28 34 0.758
604 519 31 38 0.753
58 532 26 32 0.753
480 436 22 30 0.748
137 414 20 24 0.747
298 512 27 36 0.700
906 514 31 38 0.697
504 460 23 28 0.684
347 576 39 45 0.678
896 580 30 44 0.671
803 564 36 45 0.658
592 441 23 25 0.627
35 365 18 21 0.603
267 339 19 24 0.596
384 574 29 33 0.590
527 481 24 29 0.549
85 594 34 42 0.545
293 331 16 19 0.545
271 593 28 40 0.516
739 325 18 21 0.444
140 361 14 19 0.437
428 486 25 32 0.428
1009 486 15 38 0.419
918 481 27 31 0.405
836 388 22 25 0.402
552 411 20 24 0.377
833 285 11 14 0.336
189 367 18 23 0.323
1003 446 16 20 0.308
560 449 19 26 0.269
670 520 26 32 0.267
171 564 30 36 0.256
493 584 31 37 0.214
812 541 32 45 0.206
797 311 12 16 0.190
326 451 20 23 0.180
47 612 28 35 0.166
136 377 15 21 0.160
764 336 20 23 0.145
79 255 9 10 0.140
868 258 10 12 0.140
916 484 27 49 0.130
528 420 17 22 0.125
487 298 15 16 0.122
824 536 32 41 0.112
119 256 9 11 0.109
839 226 8 11 0.105
1008 436 14 29 0.101
1013 412 11 27 0.097
694 255 10 11 0.096
905 409 20 24 0.090
679 230 9 11 0.087
274 584 25 32 0.086
510 455 25 29 0.085
901 230 9 10 0.082
828 242 9 12 0.081
812 330 14 15 0.076
870 234 9 10 0.075
875 520 30 36 0.074
956 447 26 36 0.073
731 243 9 11 0.072
467 583 36 41 0.072
468 475 20 24 0.071
99 223 8 8 0.071
847 247 11 12 0.067
393 612 26 42 0.062
883 268 11 13 0.060
942 227 9 10 0.056
624 465 22 28 0.056
764 331 17 19 0.056
51 225 6 8 0.056
626 437 19 22 0.055
108 274 9 11 0.053
699 375 23 30 0.052
962 443 16 20 0.052
97 221 8 9 0.051
727 274 11 14 0.051
796 316 14 21 0.049
441 464 20 24 0.047
910 243 10 11 0.047
489 279 11 13 0.046
48 580 25 32 0.045
630 524 24 31 0.045
656 230 9 10 0.045
224 607 26 32 0.045
154 255 10 10 0.044
868 528 33 37 0.042
864 254 14 13 0.041
726 269 11 15 0.041
797 536 38 45 0.040
149 273 12 13 0.040
654 340 19 25 0.039
940 455 25 30 0.038
187 356 16 21 0.038
141 286 12 12 0.038
734 295 12 14 0.038
814 559 31 45 0.037
16 360 19 21 0.037
165 293 11 13 0.036
892 242 10 12 0.036
486 399 18 21 0.035
262 604 32 41 0.035
159 546 28 45 0.035
698 231 9 11 0.035
970 218 8 9 0.035
517 452 21 26 0.033
842 384 30 28 0.033
55 271 9 12 0.033
665 216 8 10 0.032
738 561 32 40 0.032
881 404 14 17 0.031
146 271 10 12 0.031
172 210 8 9 0.031
866 258 13 19 0.030
452 473 40 25 0.030
835 530 42 39 0.030
190 383 17 22 0.030
644 520 44 34 0.029
789 418 13 16 0.028
17 353 15 19 0.028
319 316 12 15 0.028
74 253 12 11 0.027
109 468 18 22 0.026
945 225 7 9 0.026
179 415 23 29 0.025
144 274 13 19 0.025
774 310 43 32 0.025
725 267 11 13 0.025
1013 479 11 30 0.025
705 378 22 32 0.025
46 590 24 37 0.024
166 334 10 13 0.024
855 280 11 12 0.024
115 241 8 11 0.023
940 228 10 12 0.023
52 533 23 27 0.023
193 310 17 21 0.022
9 320 14 15 0.022
862 426 21 25 0.022
757 268 12 14 0.022
169 543 36 47 0.022
600 441 22 23 0.021
895 265 14 13 0.021
871 407 25 30 0.021
296 531 30 36 0.021
856 235 27 10 0.021
22 369 25 32 0.021
42 322 12 13 0.021
773 291 12 14 0.020
15 339 17 38 0.020
