2_Demonstration_Demonstrators_2_189
188
717 339 31 38 0.829
683 396 45 52 0.828
832 380 39 42 0.815
487 374 42 50 0.803
66 443 54 62 0.769
275 344 19 24 0.722
237 355 18 20 0.718
900 319 21 27 0.677
365 333 14 18 0.644
934 306 18 21 0.629
972 316 17 22 0.625
207 339 13 16 0.563
667 342 25 32 0.528
154 374 22 28 0.522
765 404 29 37 0.510
910 370 39 38 0.509
311 334 13 16 0.497
879 396 42 46 0.453
556 320 11 15 0.417
810 373 26 34 0.416
19 376 13 16 0.404
1010 331 14 30 0.402
696 310 12 14 0.391
0 435 32 42 0.383
58 355 10 12 0.362
171 333 10 11 0.355
71 378 18 21 0.323
146 336 10 11 0.318
786 325 19 23 0.306
505 316 15 18 0.301
742 291 10 12 0.297
130 345 11 12 0.290
86 342 10 12 0.285
183 339 12 13 0.279
820 332 24 30 0.269
812 342 30 35 0.260
924 290 14 16 0.249
109 337 11 12 0.238
699 307 11 14 0.228
418 347 14 18 0.222
70 338 8 9 0.221
847 287 12 14 0.208
195 355 14 16 0.190
671 335 22 29 0.190
103 346 12 13 0.188
586 331 9 11 0.187
995 309 20 25 0.161
675 333 18 21 0.158
719 315 11 14 0.158
106 338 12 16 0.151
693 291 8 10 0.150
644 327 13 16 0.146
735 304 12 17 0.145
728 286 7 9 0.142
611 336 20 21 0.135
814 303 12 14 0.134
346 335 14 16 0.127
199 414 34 34 0.122
22 377 17 19 0.121
945 286 13 13 0.121
935 391 39 38 0.120
980 296 12 14 0.113
822 326 20 25 0.108
712 289 9 15 0.108
760 291 11 11 0.106
808 289 10 12 0.105
49 341 11 13 0.104
152 330 15 15 0.102
112 335 10 11 0.102
899 289 14 16 0.100
713 284 8 9 0.095
143 337 13 14 0.094
39 335 9 11 0.091
329 326 11 12 0.090
732 319 15 16 0.086
733 305 11 30 0.086
963 298 15 16 0.083
85 370 19 19 0.082
74 341 24 11 0.082
966 312 20 23 0.081
788 310 16 22 0.081
231 312 10 11 0.080
1014 293 10 24 0.077
296 314 10 11 0.076
796 280 10 11 0.075
786 292 13 22 0.075
736 308 15 18 0.074
675 311 12 14 0.074
884 346 26 30 0.071
323 328 17 14 0.071
924 287 21 17 0.071
193 331 13 13 0.070
646 361 24 32 0.070
964 296 28 15 0.069
760 288 9 10 0.069
534 326 12 15 0.069
30 379 13 16 0.068
92 367 17 19 0.068
3 427 44 45 0.067
200 356 14 16 0.066
749 350 20 29 0.064
732 309 19 31 0.064
668 274 8 9 0.064
129 340 27 15 0.063
739 288 13 27 0.063
789 296 13 21 0.062
784 293 16 12 0.062
87 339 10 11 0.061
713 285 15 8 0.060
614 311 13 16 0.059
153 321 10 9 0.057
816 304 15 21 0.053
25 424 41 41 0.053
758 293 13 14 0.053
715 287 9 28 0.053
726 289 29 14 0.052
714 286 18 20 0.051
722 309 24 25 0.051
747 334 15 22 0.049
167 319 13 9 0.049
488 324 15 22 0.049
165 333 19 13 0.048
901 630 40 51 0.048
751 334 18 22 0.047
77 345 15 12 0.047
337 334 28 17 0.046
196 403 33 36 0.046
677 298 11 23 0.046
0 422 29 40 0.045
580 310 10 11 0.044
612 309 13 14 0.043
667 297 13 21 0.043
30 384 15 20 0.042
848 293 12 21 0.042
460 328 16 21 0.041
36 336 21 16 0.041
671 292 12 13 0.040
30 344 9 27 0.040
642 321 34 58 0.038
809 308 15 15 0.037
792 280 15 31 0.036
104 350 21 12 0.036
489 333 16 22 0.036
14 341 11 13 0.035
0 391 14 29 0.034
605 305 11 11 0.034
0 339 6 9 0.033
998 334 23 33 0.033
107 381 36 40 0.032
407 361 19 23 0.032
11 378 19 22 0.032
33 352 19 17 0.032
735 344 25 32 0.031
852 300 18 16 0.031
908 365 31 29 0.031
23 340 24 12 0.031
13 416 41 44 0.029
234 338 13 13 0.029
750 329 18 21 0.029
89 339 51 24 0.028
14 339 9 9 0.028
975 291 16 15 0.028
132 348 22 16 0.028
0 340 15 11 0.027
922 374 41 41 0.027
767 325 38 36 0.026
76 367 22 20 0.026
143 333 55 15 0.026
782 296 39 30 0.025
129 326 9 9 0.025
874 352 31 34 0.025
454 357 21 28 0.024
880 385 38 41 0.024
807 289 26 16 0.024
659 368 31 30 0.024
764 292 13 16 0.024
227 311 13 16 0.023
725 283 29 48 0.023
661 302 11 16 0.023
997 359 24 51 0.022
228 326 14 19 0.022
144 354 18 17 0.022
39 360 13 14 0.022
960 277 12 16 0.022
612 326 18 27 0.022
651 310 11 23 0.022
829 286 26 15 0.022
459 320 18 52 0.022
