2_Demonstration_Demonstrators_2_316
151
605 273 25 34 0.826
721 275 29 37 0.823
673 301 27 37 0.815
176 250 34 38 0.809
52 239 24 30 0.796
250 238 30 34 0.795
822 269 18 24 0.794
545 273 28 32 0.788
853 269 15 20 0.764
330 230 24 28 0.756
396 240 22 28 0.734
424 236 16 19 0.701
149 241 21 26 0.693
469 262 15 19 0.676
674 240 13 16 0.640
432 221 12 13 0.610
492 235 15 17 0.604
860 232 10 13 0.588
11 263 19 24 0.568
596 235 17 19 0.568
205 227 17 21 0.564
889 227 11 14 0.559
508 224 11 14 0.558
525 241 13 15 0.555
558 233 15 16 0.549
928 241 11 13 0.538
737 231 12 15 0.523
716 232 14 18 0.520
300 228 11 13 0.520
359 235 18 21 0.499
768 233 12 16 0.494
814 239 10 12 0.467
538 257 21 23 0.434
872 223 10 11 0.434
316 241 16 19 0.432
700 227 12 16 0.428
378 243 18 24 0.413
882 254 13 15 0.394
662 243 13 16 0.381
616 243 13 15 0.352
836 231 10 12 0.346
404 221 12 13 0.332
880 253 11 15 0.288
408 221 9 11 0.281
515 262 16 19 0.281
930 261 11 13 0.261
9 259 15 24 0.258
400 222 11 11 0.250
748 254 13 15 0.215
699 234 12 14 0.214
535 248 19 25 0.211
721 232 31 17 0.208
618 239 14 17 0.206
727 230 16 18 0.205
688 274 14 17 0.196
698 233 28 16 0.196
911 229 10 11 0.196
656 240 15 16 0.193
360 227 17 22 0.191
369 220 15 15 0.184
365 238 30 28 0.179
905 257 12 14 0.176
315 228 12 15 0.164
170 231 24 28 0.158
487 238 16 18 0.155
828 228 20 13 0.143
542 225 11 12 0.139
779 212 12 16 0.132
589 239 16 18 0.129
577 253 16 19 0.129
509 225 23 21 0.126
682 214 12 13 0.125
820 218 10 12 0.122
834 250 10 11 0.122
525 238 19 20 0.120
513 260 31 22 0.119
824 221 12 21 0.115
432 255 18 20 0.110
242 231 19 28 0.109
576 249 14 18 0.108
301 230 24 15 0.102
930 243 11 23 0.098
653 235 12 13 0.098
836 212 9 10 0.094
887 225 11 12 0.093
752 222 10 11 0.092
617 234 11 14 0.091
794 225 10 11 0.091
283 233 13 16 0.090
446 251 15 19 0.088
915 229 11 12 0.084
888 254 16 16 0.083
172 227 20 22 0.082
812 233 11 17 0.082
402 222 16 18 0.080
894 258 19 14 0.079
206 233 16 23 0.079
7 267 14 24 0.079
897 255 25 14 0.078
573 231 14 20 0.077
436 255 26 20 0.075
19 267 19 22 0.061
728 215 11 14 0.059
572 248 14 16 0.059
542 225 20 17 0.057
581 257 17 22 0.055
817 216 9 11 0.054
835 211 19 13 0.053
639 237 24 15 0.052
243 236 25 31 0.052
589 232 15 19 0.051
429 245 25 26 0.049
680 212 12 24 0.048
835 232 32 11 0.046
237 233 18 16 0.045
732 221 34 40 0.042
182 232 28 25 0.041
847 212 9 10 0.041
683 271 21 28 0.040
263 232 28 32 0.040
810 232 35 17 0.039
703 224 11 12 0.038
525 222 48 52 0.038
778 214 21 32 0.035
728 257 17 23 0.034
656 235 81 19 0.034
521 249 15 19 0.034
362 223 13 14 0.033
500 219 12 17 0.032
170 247 28 37 0.032
545 229 28 18 0.032
25 267 20 24 0.031
853 217 14 16 0.029
484 236 12 17 0.029
693 242 11 13 0.029
499 221 46 54 0.029
481 246 15 18 0.028
431 263 18 20 0.028
377 223 32 10 0.026
403 249 22 25 0.026
564 256 17 17 0.025
269 220 17 23 0.025
299 225 10 11 0.024
632 243 14 16 0.024
663 262 12 15 0.022
183 227 19 22 0.022
624 213 11 16 0.021
517 270 19 23 0.021
532 226 11 15 0.020
626 218 10 25 0.020
612 213 20 11 0.020
