2_Demonstration_Protesters_2_62
147
599 411 58 69 0.856
168 344 44 49 0.842
770 371 47 61 0.841
563 351 41 48 0.838
677 330 34 44 0.829
927 364 28 36 0.828
466 435 51 62 0.827
968 426 51 68 0.817
428 354 44 53 0.814
867 355 38 42 0.814
631 365 46 50 0.810
412 321 30 39 0.796
138 323 35 40 0.788
765 334 30 33 0.786
954 229 17 21 0.781
36 223 20 24 0.776
878 243 18 21 0.775
26 322 34 39 0.771
125 233 16 19 0.768
306 405 51 60 0.768
888 313 23 27 0.767
702 285 20 23 0.759
652 219 21 27 0.750
507 298 33 36 0.744
509 238 15 18 0.728
991 227 17 19 0.723
0 334 15 51 0.712
339 329 35 43 0.703
635 334 28 33 0.698
449 234 13 15 0.646
785 485 67 76 0.639
852 325 25 30 0.637
175 228 13 17 0.627
484 315 17 20 0.626
978 564 46 111 0.614
949 334 21 27 0.585
258 232 15 18 0.556
305 230 17 19 0.552
500 273 16 20 0.518
216 252 16 20 0.518
796 287 18 22 0.505
1012 234 12 20 0.500
701 240 12 14 0.493
433 231 14 17 0.489
577 291 14 18 0.450
303 300 15 20 0.402
941 312 20 23 0.400
426 298 21 24 0.394
911 309 14 20 0.367
536 316 25 30 0.332
837 316 23 27 0.314
843 321 26 30 0.275
555 272 10 10 0.258
434 231 24 17 0.255
309 228 18 20 0.253
58 328 20 27 0.228
772 252 17 20 0.217
87 249 11 12 0.201
842 297 18 23 0.188
860 328 28 30 0.169
965 350 22 31 0.168
243 204 11 14 0.167
82 284 17 19 0.153
1015 329 9 28 0.148
583 266 11 13 0.138
959 337 23 30 0.131
41 325 29 33 0.121
374 266 14 16 0.121
146 232 10 12 0.121
833 298 24 27 0.116
480 255 11 12 0.115
214 231 12 17 0.112
316 225 16 17 0.107
728 284 15 19 0.103
603 299 20 28 0.100
553 273 13 17 0.088
880 228 15 17 0.084
505 345 29 38 0.079
966 360 25 33 0.077
604 288 21 29 0.074
516 316 28 36 0.073
846 294 14 18 0.073
142 231 15 15 0.072
274 352 33 39 0.069
760 297 21 26 0.067
506 320 31 52 0.065
85 248 13 19 0.063
684 286 17 21 0.063
174 294 17 23 0.062
582 264 21 17 0.060
410 236 13 16 0.058
364 298 19 24 0.057
776 247 17 30 0.055
829 289 24 27 0.055
363 294 16 20 0.055
768 255 17 23 0.053
375 248 8 10 0.052
0 328 12 42 0.051
205 290 19 25 0.051
914 330 17 23 0.051
599 263 13 19 0.051
211 335 28 37 0.051
296 333 19 26 0.049
946 313 20 24 0.048
305 236 14 16 0.048
759 293 18 22 0.047
134 232 17 18 0.046
554 270 21 15 0.046
227 316 22 27 0.045
250 278 22 25 0.044
243 334 32 39 0.044
828 285 17 17 0.041
700 243 15 17 0.041
559 246 9 11 0.041
425 306 24 27 0.040
602 272 16 22 0.040
909 362 19 22 0.039
823 286 17 21 0.038
286 338 27 34 0.037
598 260 11 13 0.035
147 317 30 34 0.035
803 289 58 27 0.035
339 336 23 29 0.033
608 281 17 25 0.032
504 301 25 30 0.031
995 567 27 90 0.031
172 228 12 14 0.031
371 251 14 67 0.030
212 343 47 39 0.030
226 322 40 51 0.030
214 237 15 20 0.029
957 564 58 88 0.029
546 281 14 16 0.028
360 298 24 36 0.028
440 302 19 19 0.026
381 296 18 22 0.025
203 288 17 21 0.025
764 274 16 21 0.025
466 322 24 33 0.025
397 274 13 15 0.025
1007 334 16 27 0.025
855 351 42 39 0.025
323 224 14 19 0.024
255 231 15 65 0.023
424 347 36 49 0.023
65 325 20 27 0.022
377 283 26 39 0.021
