2_Demonstration_Demonstration_Or_Protest_2_214
116
232 424 66 83 0.863
875 291 50 61 0.860
265 315 52 61 0.858
525 306 60 69 0.852
545 431 71 90 0.850
390 331 33 42 0.836
634 362 38 54 0.780
353 314 25 28 0.777
69 303 27 30 0.771
237 319 38 47 0.725
121 331 23 34 0.596
812 354 34 47 0.543
522 587 106 101 0.484
1011 295 10 12 0.449
951 308 9 11 0.449
973 306 10 11 0.449
321 316 21 28 0.445
991 376 33 105 0.380
0 292 7 20 0.337
831 298 8 10 0.329
434 354 32 48 0.314
855 301 8 10 0.270
307 280 9 10 0.267
292 282 11 11 0.222
332 285 11 13 0.194
127 308 17 19 0.190
341 289 14 17 0.166
393 300 15 18 0.159
679 331 28 34 0.156
851 297 11 13 0.143
332 289 17 16 0.137
846 291 8 9 0.127
315 321 26 37 0.126
947 292 8 9 0.123
307 298 16 19 0.123
104 317 19 24 0.112
997 306 10 13 0.111
653 336 26 37 0.108
353 298 16 20 0.105
105 318 25 34 0.090
392 293 13 20 0.090
391 290 11 15 0.084
311 302 16 20 0.083
222 302 17 24 0.082
75 272 10 11 0.081
420 335 16 32 0.079
421 332 27 38 0.079
149 282 10 12 0.077
291 284 16 15 0.074
0 287 13 22 0.071
225 298 48 30 0.070
418 297 11 13 0.069
333 294 15 16 0.068
991 401 33 157 0.063
652 334 49 39 0.062
369 292 14 13 0.062
962 305 25 13 0.061
116 299 26 31 0.059
102 287 17 20 0.059
244 291 35 37 0.059
946 307 39 12 0.055
385 279 11 16 0.054
544 622 73 66 0.053
971 304 27 11 0.052
151 284 11 16 0.048
292 280 10 10 0.047
385 281 9 8 0.047
182 282 13 16 0.045
289 279 23 15 0.045
199 312 16 20 0.044
9 275 18 20 0.043
102 265 10 11 0.043
425 324 37 45 0.043
331 286 29 39 0.041
10 314 11 26 0.039
961 296 8 10 0.039
71 269 12 12 0.038
840 299 25 15 0.037
83 66 10 15 0.037
300 280 19 14 0.036
825 329 12 16 0.036
99 292 20 24 0.034
322 289 23 17 0.034
830 298 12 15 0.033
310 307 22 26 0.032
412 299 16 16 0.031
188 309 24 27 0.031
181 283 17 20 0.031
929 334 12 16 0.030
0 45 12 24 0.030
990 304 10 9 0.030
123 289 12 14 0.030
0 273 11 30 0.029
138 246 8 10 0.029
114 288 21 18 0.029
286 286 13 15 0.028
643 323 35 48 0.028
306 276 36 80 0.027
99 260 10 19 0.026
283 272 10 10 0.026
0 381 18 91 0.026
160 288 20 18 0.025
201 306 41 24 0.024
94 288 16 21 0.024
921 294 11 13 0.022
67 266 10 9 0.022
374 278 18 21 0.022
820 362 24 30 0.022
416 293 20 27 0.021
851 299 16 17 0.021
707 159 11 15 0.021
177 285 30 46 0.021
832 288 17 10 0.020
586 297 38 46 0.020
302 319 38 50 0.020
145 279 10 11 0.020
