2_Demonstration_Protesters_2_605
29
293 600 31 37 0.810
462 396 28 34 0.796
553 386 27 32 0.788
327 426 28 32 0.787
306 466 25 28 0.742
655 405 24 30 0.655
702 408 26 28 0.522
514 248 24 28 0.307
738 456 22 28 0.290
564 555 25 32 0.279
707 412 30 31 0.198
626 392 25 30 0.164
387 384 29 35 0.109
719 415 25 29 0.108
523 422 22 25 0.086
482 516 27 28 0.069
779 546 12 12 0.062
672 309 18 24 0.060
740 395 20 22 0.054
733 399 25 25 0.053
397 610 26 27 0.044
183 561 32 36 0.041
490 513 20 23 0.032
784 546 11 12 0.030
470 518 28 28 0.024
732 446 19 24 0.024
409 638 31 29 0.021
444 625 32 36 0.021
714 459 44 28 0.020
