2_Demonstration_Political_Rally_2_417
62
938 376 22 29 0.460
411 326 19 25 0.430
563 347 20 27 0.347
726 396 23 31 0.275
651 395 25 32 0.257
569 386 20 29 0.202
751 349 18 26 0.157
935 446 23 30 0.135
301 323 29 30 0.128
294 377 21 34 0.088
315 329 23 29 0.083
643 334 19 26 0.076
536 334 18 29 0.073
528 351 19 25 0.071
854 543 26 36 0.071
794 373 23 29 0.070
701 384 21 31 0.068
839 414 22 25 0.068
908 350 25 29 0.067
532 345 19 28 0.061
491 346 18 27 0.060
769 406 19 27 0.057
769 380 21 31 0.054
833 403 24 37 0.049
597 354 19 22 0.049
363 408 28 34 0.049
771 378 35 33 0.048
771 387 23 39 0.047
943 437 24 30 0.047
883 608 27 36 0.047
1001 367 19 26 0.046
389 405 24 30 0.045
789 377 23 33 0.043
853 540 41 32 0.041
697 357 18 23 0.040
961 469 26 30 0.039
823 385 25 28 0.038
647 417 22 27 0.037
610 353 17 25 0.037
863 327 18 23 0.035
659 383 25 32 0.034
941 510 22 30 0.033
717 339 14 17 0.032
855 328 23 27 0.031
875 462 19 32 0.031
589 352 34 24 0.031
368 407 39 31 0.030
932 364 21 28 0.026
605 389 18 26 0.025
802 374 48 35 0.025
299 327 20 31 0.024
887 537 27 35 0.024
849 335 21 24 0.024
791 357 20 30 0.023
793 364 29 31 0.022
413 321 21 23 0.021
707 339 19 39 0.021
692 417 16 22 0.021
929 373 17 24 0.021
855 555 30 35 0.021
459 405 20 29 0.020
823 414 27 29 0.020
