2_Demonstration_Demonstration_Or_Protest_2_868
72
513 245 19 22 0.721
799 230 14 16 0.655
378 293 14 16 0.635
603 234 17 20 0.634
177 199 22 24 0.581
474 244 18 21 0.540
417 227 14 16 0.458
376 235 16 21 0.364
0 183 10 23 0.335
355 248 16 19 0.330
939 180 18 26 0.302
392 316 16 18 0.249
91 184 18 21 0.191
417 264 18 20 0.175
462 219 15 20 0.170
9 188 20 25 0.165
369 245 18 19 0.129
378 231 15 18 0.120
775 238 12 15 0.113
370 297 16 20 0.111
630 410 22 23 0.092
370 226 21 21 0.091
366 303 13 17 0.088
463 243 58 23 0.085
14 194 29 25 0.084
8 226 27 30 0.084
428 259 19 21 0.080
17 191 24 19 0.079
350 214 18 24 0.077
144 584 25 42 0.075
358 321 15 17 0.072
274 228 18 23 0.070
490 248 15 19 0.069
466 222 17 20 0.065
587 229 12 18 0.059
238 190 21 30 0.057
30 192 13 20 0.055
248 235 20 24 0.049
346 276 17 20 0.048
491 243 15 20 0.048
374 283 16 24 0.043
353 229 17 42 0.043
59 262 22 24 0.042
250 224 19 25 0.040
238 239 25 22 0.040
362 314 15 19 0.039
14 218 31 34 0.038
220 222 15 17 0.038
29 197 16 22 0.037
411 267 16 23 0.037
456 227 15 19 0.037
354 243 26 26 0.036
439 252 25 23 0.035
11 234 21 26 0.035
246 229 49 24 0.033
233 244 16 18 0.033
609 232 15 18 0.033
408 256 17 24 0.032
460 243 27 20 0.032
241 211 25 33 0.031
2 195 15 23 0.029
387 347 17 22 0.029
26 212 22 31 0.027
1003 212 15 19 0.027
454 248 28 19 0.026
424 227 14 16 0.023
777 232 13 15 0.022
238 211 20 24 0.022
2 220 22 33 0.022
3 625 33 40 0.022
233 215 20 22 0.020
588 225 11 15 0.020
