2_Demonstration_Protesters_2_810
46
462 179 95 106 0.815
1006 104 18 29 0.776
748 90 37 47 0.659
97 192 16 20 0.651
74 201 17 20 0.559
940 95 19 28 0.540
225 93 16 18 0.252
84 59 15 18 0.240
35 132 17 20 0.222
446 100 22 38 0.202
112 41 12 14 0.179
782 63 12 13 0.151
937 67 12 15 0.141
755 83 35 42 0.140
339 51 12 14 0.135
133 126 14 17 0.098
976 56 9 10 0.092
859 36 8 10 0.084
818 57 11 13 0.081
319 132 13 14 0.076
537 82 22 33 0.074
970 37 8 9 0.063
938 61 15 61 0.045
26 19 14 15 0.043
14 7 13 14 0.042
41 99 13 17 0.042
318 48 8 10 0.034
752 22 12 12 0.033
254 32 8 10 0.030
947 96 14 24 0.028
17 14 19 17 0.028
281 62 8 10 0.027
169 28 10 12 0.027
880 62 11 15 0.026
48 114 16 20 0.026
170 149 16 22 0.025
40 121 28 26 0.024
16 8 16 19 0.024
266 68 11 12 0.023
245 63 13 14 0.023
44 100 16 34 0.023
807 57 25 11 0.022
109 43 11 14 0.022
152 58 12 15 0.021
819 53 14 16 0.021
136 124 18 20 0.020
