2_Demonstration_Demonstration_Or_Protest_2_320
32
528 286 39 45 0.849
746 253 27 33 0.817
677 264 32 38 0.814
933 296 13 16 0.740
415 257 41 46 0.705
262 300 18 23 0.695
147 351 43 50 0.678
457 279 16 17 0.636
868 299 11 13 0.601
897 282 14 15 0.598
323 297 23 26 0.597
957 291 9 11 0.528
333 298 21 27 0.468
392 291 19 24 0.396
938 285 10 11 0.389
214 307 27 30 0.293
103 321 39 38 0.187
932 270 8 8 0.121
917 288 11 11 0.063
232 298 19 27 0.049
236 291 14 17 0.048
127 353 38 43 0.048
223 306 22 26 0.048
567 342 11 14 0.043
238 307 17 21 0.036
200 300 35 38 0.034
176 252 16 21 0.032
139 331 45 45 0.032
952 181 8 10 0.031
799 301 31 42 0.028
98 318 33 32 0.021
356 290 20 25 0.020
