2_Demonstration_Demonstration_Or_Protest_2_610
1623
184 634 17 22 0.812
960 490 16 21 0.802
957 613 17 22 0.795
605 530 16 20 0.794
897 606 20 24 0.791
252 622 16 21 0.789
661 545 14 18 0.787
540 523 16 20 0.784
214 504 16 21 0.781
342 579 16 20 0.780
205 569 17 21 0.780
921 594 15 20 0.779
89 556 15 20 0.779
892 514 18 21 0.778
298 614 17 21 0.776
631 557 17 21 0.775
618 642 16 19 0.772
69 647 15 20 0.770
385 460 15 19 0.769
579 525 15 19 0.769
186 462 14 19 0.768
612 608 17 20 0.765
601 586 16 19 0.765
93 493 14 18 0.765
864 622 18 24 0.764
346 520 15 20 0.764
742 596 17 22 0.764
229 603 16 20 0.764
23 411 13 16 0.764
651 462 16 18 0.762
839 412 14 17 0.762
830 473 16 18 0.761
301 530 15 19 0.760
578 581 15 19 0.760
834 506 16 20 0.760
890 535 17 23 0.758
1004 636 17 21 0.758
561 434 16 19 0.757
650 488 14 17 0.757
637 415 14 17 0.755
383 594 18 22 0.754
479 500 16 21 0.754
93 385 14 17 0.753
34 595 16 20 0.751
206 550 14 18 0.751
930 651 17 22 0.750
863 516 16 20 0.750
316 500 16 18 0.749
374 545 15 20 0.749
523 446 15 17 0.749
105 418 15 18 0.748
473 538 17 19 0.747
99 470 15 19 0.747
700 457 14 17 0.747
436 394 16 19 0.746
511 607 16 20 0.743
827 443 16 20 0.742
495 446 16 19 0.740
668 638 16 21 0.737
318 353 14 17 0.737
383 632 17 22 0.737
76 473 15 18 0.736
285 642 16 19 0.736
170 615 16 20 0.735
716 487 15 17 0.734
589 437 14 18 0.733
67 455 15 18 0.732
979 580 14 19 0.732
623 388 13 16 0.731
701 517 16 20 0.731
686 430 14 17 0.728
690 504 14 18 0.725
760 625 17 22 0.724
498 552 17 19 0.724
201 486 14 18 0.723
672 381 13 16 0.722
648 522 16 20 0.721
244 547 16 19 0.719
834 365 14 18 0.719
111 521 14 18 0.719
770 580 16 19 0.718
663 597 15 19 0.717
392 419 14 17 0.717
584 484 18 22 0.716
428 475 15 19 0.716
530 583 17 19 0.715
519 405 14 18 0.713
782 461 15 18 0.712
891 652 18 23 0.711
405 325 12 14 0.710
173 322 13 16 0.708
336 381 13 16 0.708
218 383 12 16 0.708
238 572 14 17 0.707
515 326 12 15 0.706
670 208 11 14 0.705
633 620 16 19 0.705
691 624 15 18 0.703
752 531 18 21 0.702
437 506 15 18 0.702
573 396 15 17 0.701
678 449 14 17 0.697
142 549 15 19 0.695
114 321 13 16 0.694
272 502 15 20 0.693
532 499 16 19 0.693
143 497 14 18 0.692
572 324 13 16 0.691
673 571 15 20 0.690
567 357 13 17 0.689
871 122 10 11 0.687
782 490 15 18 0.687
873 469 15 19 0.686
514 636 16 20 0.686
692 327 12 15 0.686
528 386 14 18 0.685
137 384 14 17 0.685
927 397 14 18 0.684
987 241 10 13 0.682
310 562 16 20 0.679
443 413 13 17 0.678
178 434 16 18 0.678
305 411 15 17 0.677
208 294 13 16 0.676
687 361 12 15 0.675
259 381 14 17 0.674
945 430 15 18 0.673
805 248 11 13 0.671
16 458 16 20 0.671
280 591 14 17 0.670
182 541 14 17 0.670
808 366 13 16 0.670
821 401 13 17 0.669
382 323 12 15 0.668
752 505 17 19 0.667
366 398 13 17 0.665
695 165 10 13 0.665
132 333 14 17 0.664
1004 261 12 14 0.664
832 341 12 15 0.662
751 307 13 15 0.661
790 242 12 13 0.659
746 353 12 15 0.657
623 369 13 15 0.653
850 564 16 20 0.653
50 244 12 14 0.652
201 325 13 16 0.652
607 509 15 19 0.651
93 358 13 16 0.651
735 434 14 17 0.649
200 250 11 15 0.649
838 262 11 14 0.648
324 332 14 16 0.646
702 255 12 14 0.644
672 239 10 13 0.643
451 188 10 12 0.643
651 265 11 13 0.643
664 270 12 15 0.642
209 459 15 19 0.642
417 654 14 18 0.642
966 210 10 13 0.641
412 371 14 17 0.638
418 250 12 12 0.637
254 321 12 16 0.635
161 261 13 14 0.634
414 276 12 15 0.634
858 584 16 19 0.633
675 307 12 16 0.633
790 304 12 14 0.631
753 268 12 14 0.631
739 154 10 12 0.630
767 258 12 14 0.630
794 436 14 17 0.629
912 232 11 13 0.628
576 382 14 18 0.626
146 293 13 15 0.626
496 634 15 19 0.625
685 224 11 13 0.625
946 549 16 21 0.622
72 308 14 16 0.622
621 204 11 13 0.621
221 349 12 15 0.619
654 406 13 17 0.618
609 183 10 12 0.617
359 245 12 14 0.613
879 373 13 16 0.612
484 248 12 15 0.611
26 664 15 19 0.610
728 176 9 11 0.609
22 216 11 13 0.608
561 174 11 13 0.608
510 348 13 16 0.607
745 246 12 13 0.607
710 607 14 17 0.607
815 191 11 13 0.606
278 311 13 14 0.606
58 422 13 18 0.606
499 530 15 17 0.606
702 210 10 11 0.605
103 613 15 18 0.605
493 305 12 16 0.605
360 380 14 15 0.605
275 223 11 13 0.604
586 307 11 13 0.600
188 402 13 16 0.598
543 615 16 19 0.598
842 205 10 13 0.597
502 225 11 13 0.595
374 254 12 13 0.593
529 250 11 12 0.593
168 198 10 13 0.593
401 203 10 12 0.592
1000 421 13 17 0.592
415 230 11 13 0.590
953 542 14 20 0.590
843 659 15 20 0.589
750 183 11 12 0.589
460 205 11 12 0.588
694 278 11 13 0.588
989 205 9 12 0.587
650 364 11 14 0.587
602 246 12 14 0.587
313 253 13 15 0.585
252 249 11 15 0.584
725 513 14 17 0.583
209 223 11 14 0.580
680 162 10 12 0.578
144 476 15 20 0.578
617 311 12 15 0.577
119 205 12 14 0.576
539 276 11 12 0.575
758 661 19 21 0.574
809 154 10 11 0.574
991 537 16 19 0.572
208 363 13 16 0.568
540 564 16 19 0.564
1002 333 12 14 0.560
575 286 12 14 0.558
738 312 12 14 0.557
441 304 13 15 0.557
140 263 11 13 0.555
701 568 15 18 0.553
434 268 11 14 0.552
590 268 11 13 0.552
546 300 13 16 0.550
632 250 12 14 0.548
240 259 11 14 0.546
843 150 9 11 0.545
261 174 10 12 0.544
604 165 9 11 0.543
907 442 15 18 0.543
244 302 13 16 0.541
277 279 12 14 0.541
226 482 14 18 0.539
999 521 17 19 0.539
17 184 10 13 0.538
489 202 10 12 0.538
141 182 10 12 0.537
710 134 9 12 0.537
150 224 11 13 0.536
125 305 12 15 0.536
656 302 14 15 0.535
32 200 11 14 0.534
192 436 14 18 0.533
772 113 9 11 0.532
393 216 11 13 0.532
241 661 18 21 0.529
462 400 14 18 0.529
618 264 14 15 0.529
264 155 10 11 0.528
552 648 17 18 0.528
502 280 11 13 0.526
593 330 12 15 0.525
467 228 12 14 0.524
471 180 9 12 0.524
60 223 11 14 0.524
148 309 13 15 0.523
700 97 9 9 0.523
525 154 10 12 0.523
393 270 12 14 0.522
996 560 16 20 0.521
605 135 9 11 0.520
281 177 10 12 0.520
693 393 13 15 0.518
954 186 9 11 0.516
520 185 10 12 0.515
459 271 14 15 0.512
528 285 11 15 0.511
143 240 11 13 0.510
331 219 10 13 0.509
0 212 8 15 0.508
139 437 13 18 0.505
790 163 9 11 0.502
616 232 10 12 0.500
302 225 11 13 0.497
1012 246 11 12 0.496
320 410 14 18 0.496
262 208 12 14 0.495
440 563 18 21 0.494
222 267 12 13 0.494
323 557 14 17 0.492
992 440 13 16 0.489
228 236 10 12 0.489
625 145 9 11 0.488
536 359 13 15 0.488
775 164 10 11 0.486
31 246 11 14 0.486
917 499 17 21 0.486
721 422 13 14 0.485
116 253 12 14 0.484
552 131 9 11 0.482
473 470 15 17 0.481
377 187 10 13 0.481
103 236 11 13 0.481
170 520 15 16 0.480
977 225 11 13 0.479
162 145 11 12 0.478
188 385 14 16 0.477
24 172 10 12 0.475
867 407 13 16 0.475
83 186 11 13 0.474
476 143 9 10 0.470
631 326 12 14 0.469
429 335 13 16 0.469
782 124 8 10 0.468
718 370 13 15 0.467
444 370 13 15 0.465
672 95 10 12 0.464
315 181 11 12 0.464
488 288 12 14 0.462
656 242 11 14 0.461
649 181 10 11 0.460
701 294 12 14 0.459
361 292 13 15 0.458
542 177 10 12 0.454
811 280 11 13 0.453
693 131 9 11 0.453
158 589 16 20 0.452
740 114 9 10 0.452
375 108 8 10 0.452
317 559 18 20 0.451
41 172 11 14 0.448
313 652 17 20 0.447
402 555 16 20 0.446
1015 612 9 20 0.445
331 235 10 12 0.445
28 301 12 16 0.444
27 91 9 10 0.443
700 186 10 12 0.441
321 140 9 10 0.441
454 171 10 13 0.440
47 136 10 11 0.440
1003 495 16 18 0.439
619 344 13 15 0.437
57 163 11 12 0.436
541 199 10 12 0.434
98 210 11 14 0.434
172 177 10 13 0.434
936 249 11 12 0.433
546 153 10 12 0.431
0 112 7 10 0.430
12 100 10 11 0.428
622 348 12 14 0.428
0 185 9 12 0.428
557 274 11 13 0.428
213 408 14 17 0.427
296 205 11 12 0.423
493 260 12 15 0.423
46 122 9 10 0.422
370 324 11 14 0.420
984 314 10 14 0.420
785 176 10 12 0.419
956 358 13 15 0.418
305 170 10 12 0.417
277 244 11 13 0.416
56 192 11 12 0.415
873 435 13 16 0.415
1014 302 10 16 0.413
630 182 10 11 0.412
180 102 8 11 0.411
110 95 10 11 0.408
767 181 11 12 0.405
825 143 8 10 0.403
876 325 12 14 0.403
286 148 9 11 0.401
250 196 11 13 0.400
204 183 10 12 0.400
565 76 7 8 0.400
367 665 17 18 0.399
13 120 13 15 0.399
983 347 13 15 0.399
997 393 13 16 0.398
277 120 10 11 0.398
142 156 10 11 0.396
502 189 10 12 0.392
252 227 11 13 0.388
242 388 14 16 0.386
914 197 10 12 0.385
297 130 9 12 0.385
179 138 9 11 0.382
17 229 11 13 0.381
331 285 13 15 0.377
360 194 11 12 0.376
552 247 11 13 0.376
988 184 9 11 0.375
181 191 11 14 0.375
454 270 14 16 0.374
214 248 10 12 0.374
757 148 9 10 0.373
409 585 17 19 0.371
101 207 12 15 0.370
753 286 12 14 0.370
488 63 8 9 0.369
215 165 10 11 0.369
311 210 11 13 0.368
338 154 10 12 0.368
141 365 14 16 0.367
157 95 9 10 0.366
839 126 8 9 0.365
93 257 12 15 0.365
653 323 12 14 0.364
855 372 13 15 0.363
273 266 11 12 0.363
523 392 14 28 0.361
758 195 11 13 0.360
619 228 12 13 0.356
294 79 8 10 0.356
897 199 10 13 0.355
184 354 14 15 0.355
348 119 8 10 0.352
849 187 11 13 0.350
181 230 11 14 0.348
872 262 11 11 0.345
287 164 10 12 0.343
294 243 10 12 0.342
202 349 12 15 0.338
196 202 10 13 0.337
610 285 12 13 0.336
486 396 14 16 0.336
68 179 11 13 0.335
42 327 13 16 0.332
336 482 13 16 0.329
736 401 13 16 0.329
365 148 9 10 0.325
506 260 12 14 0.324
252 279 11 14 0.322
343 189 11 12 0.321
476 305 12 15 0.321
144 78 9 11 0.320
181 286 12 15 0.317
324 204 10 11 0.315
572 267 11 14 0.315
303 156 10 12 0.314
500 136 9 12 0.314
747 142 9 10 0.314
338 135 9 10 0.312
550 361 14 14 0.308
365 229 10 12 0.306
42 74 9 12 0.305
0 653 6 27 0.305
41 472 13 16 0.304
773 141 10 11 0.303
76 126 10 12 0.302
582 75 8 9 0.300
199 277 10 13 0.299
868 167 9 11 0.298
950 662 14 19 0.297
209 118 10 11 0.297
268 46 8 9 0.296
172 87 9 10 0.294
425 370 19 17 0.293
250 102 10 12 0.293
264 109 9 11 0.293
624 378 11 31 0.293
273 280 12 14 0.291
87 124 10 13 0.290
330 98 9 11 0.289
800 245 18 15 0.283
579 110 7 9 0.281
694 296 12 14 0.281
204 354 14 21 0.280
638 173 10 11 0.280
91 236 12 14 0.279
304 98 10 12 0.279
557 481 14 17 0.275
946 237 10 12 0.275
649 344 11 14 0.274
48 84 9 11 0.273
350 77 9 10 0.272
230 107 9 11 0.271
463 406 14 17 0.271
364 214 11 13 0.270
324 271 12 16 0.269
336 454 15 18 0.267
351 166 10 11 0.267
871 390 14 17 0.266
567 249 11 12 0.266
362 95 9 10 0.265
401 296 12 15 0.263
313 306 11 15 0.261
892 507 17 50 0.261
58 215 11 15 0.260
11 82 9 11 0.259
800 180 11 14 0.258
204 59 9 10 0.257
517 235 11 13 0.257
106 122 10 12 0.255
798 337 12 16 0.255
994 522 18 26 0.253
349 235 10 14 0.253
870 148 9 10 0.253
966 433 14 17 0.253
449 408 18 19 0.251
794 276 12 15 0.250
515 142 9 12 0.249
252 125 9 11 0.247
386 97 8 11 0.247
351 238 12 14 0.245
451 269 13 16 0.244
867 146 10 10 0.244
186 122 9 11 0.242
396 214 10 12 0.242
916 338 11 14 0.241
522 310 11 14 0.238
791 279 12 14 0.238
332 314 12 15 0.237
794 95 7 9 0.237
27 146 11 13 0.236
325 113 10 11 0.236
570 142 10 11 0.234
82 155 10 14 0.233
381 124 8 11 0.230
929 444 12 16 0.230
286 109 9 11 0.228
978 479 13 17 0.227
661 190 9 11 0.227
211 211 12 14 0.226
148 167 10 12 0.225
603 268 19 13 0.225
107 148 11 14 0.224
128 222 10 12 0.224
146 76 9 10 0.223
589 479 18 22 0.223
238 202 11 13 0.223
35 46 8 9 0.223
979 266 12 17 0.223
860 143 9 10 0.223
88 129 11 16 0.223
368 161 11 12 0.223
8 73 10 10 0.222
246 26 9 11 0.220
392 62 8 9 0.220
138 62 9 10 0.219
706 233 12 14 0.219
163 110 10 10 0.219
95 162 12 13 0.217
271 489 15 18 0.217
477 121 8 10 0.217
857 287 11 15 0.216
707 118 9 12 0.216
138 373 15 21 0.216
853 566 17 33 0.216
313 65 10 10 0.215
650 519 17 31 0.215
896 335 12 14 0.215
111 318 13 17 0.212
652 141 10 11 0.212
352 349 12 16 0.211
264 301 11 14 0.211
871 424 14 29 0.211
676 94 8 11 0.211
370 74 8 11 0.210
110 115 9 11 0.210
842 291 10 13 0.209
838 310 11 15 0.208
0 127 7 12 0.207
153 567 16 19 0.207
332 80 10 10 0.205
216 184 10 12 0.205
343 452 14 16 0.204
144 471 14 18 0.204
457 255 10 12 0.204
345 293 11 12 0.204
589 154 9 12 0.204
1005 444 15 18 0.203
431 643 14 17 0.203
0 192 8 34 0.202
759 363 13 16 0.202
65 181 12 16 0.202
715 94 7 9 0.201
608 161 10 15 0.201
446 221 9 12 0.200
145 469 14 49 0.200
915 328 12 16 0.200
655 306 11 29 0.199
869 263 11 14 0.199
616 456 15 18 0.199
507 52 7 9 0.199
62 101 9 14 0.197
242 254 21 14 0.197
252 650 26 24 0.196
945 240 12 15 0.195
488 97 9 10 0.195
332 214 9 34 0.195
315 626 14 17 0.195
93 313 13 16 0.194
401 160 10 11 0.193
803 272 12 14 0.192
645 142 10 10 0.191
354 265 11 14 0.191
980 570 19 30 0.190
670 92 10 16 0.190
959 371 14 15 0.190
541 181 11 23 0.190
122 301 12 30 0.189
16 196 11 13 0.188
179 194 14 15 0.188
84 33 9 10 0.188
859 192 10 12 0.187
894 241 10 13 0.187
580 132 9 11 0.187
46 80 10 15 0.186
993 537 18 41 0.186
224 145 9 11 0.185
26 238 13 16 0.184
469 137 10 12 0.184
13 99 10 22 0.184
168 599 17 41 0.183
292 204 11 14 0.181
156 369 12 16 0.180
995 467 13 17 0.179
654 304 34 15 0.179
379 177 9 11 0.179
520 125 9 10 0.178
70 147 11 14 0.178
108 119 10 14 0.177
311 81 9 14 0.176
630 175 14 18 0.176
637 282 12 15 0.175
843 174 9 11 0.175
117 130 9 11 0.175
263 359 13 16 0.174
641 121 9 11 0.174
475 59 7 8 0.174
368 133 12 10 0.174
43 77 9 13 0.173
75 126 21 11 0.173
789 506 15 18 0.173
399 42 8 10 0.172
159 367 12 15 0.172
126 182 12 12 0.172
576 28 7 8 0.171
332 254 11 15 0.171
615 151 14 15 0.170
976 376 13 15 0.170
911 369 12 16 0.170
211 137 9 15 0.170
873 288 12 15 0.169
399 1 8 8 0.168
82 102 9 11 0.168
973 189 9 13 0.168
153 66 8 11 0.167
643 123 9 11 0.167
497 254 14 19 0.166
111 188 14 12 0.166
218 126 14 11 0.166
388 216 11 13 0.165
115 71 12 10 0.165
257 58 8 11 0.164
518 146 12 15 0.164
576 56 8 11 0.164
784 176 21 13 0.163
370 129 8 23 0.162
487 446 51 17 0.162
196 349 13 15 0.160
376 299 12 15 0.159
918 176 8 11 0.159
339 278 12 14 0.159
125 182 23 12 0.159
549 211 11 14 0.159
866 235 10 13 0.158
652 457 13 47 0.158
799 269 12 16 0.157
71 143 11 13 0.157
628 172 9 11 0.157
40 235 11 14 0.157
214 374 14 18 0.156
193 316 13 17 0.155
454 123 9 11 0.155
143 153 10 21 0.154
685 127 10 12 0.153
399 38 7 21 0.153
225 140 10 12 0.152
263 210 20 14 0.150
183 350 27 15 0.150
753 461 14 16 0.149
652 384 13 15 0.149
537 274 30 13 0.149
710 110 9 12 0.149
302 50 9 12 0.149
776 164 25 10 0.148
478 660 14 18 0.147
274 95 9 11 0.147
234 57 9 12 0.147
399 237 12 13 0.146
246 512 14 18 0.146
801 348 12 16 0.145
701 404 13 15 0.144
281 94 11 11 0.143
915 254 11 14 0.143
651 226 13 21 0.143
520 304 11 14 0.142
731 247 31 14 0.142
220 90 9 16 0.142
419 242 11 25 0.142
26 148 16 14 0.141
786 500 16 20 0.141
533 561 14 17 0.141
516 215 11 13 0.141
538 222 13 18 0.141
77 71 8 16 0.140
148 217 13 30 0.140
573 138 11 15 0.140
776 116 10 13 0.139
89 456 13 16 0.139
513 312 11 57 0.138
920 493 17 21 0.137
32 152 16 12 0.137
889 164 9 10 0.136
328 280 14 22 0.136
107 122 14 15 0.136
661 298 12 14 0.136
995 286 11 13 0.135
822 252 11 13 0.135
113 185 19 12 0.134
846 227 12 12 0.133
846 173 10 18 0.133
670 237 11 24 0.133
915 444 27 15 0.133
166 125 11 12 0.132
435 379 15 38 0.132
783 455 15 62 0.132
639 177 19 13 0.132
404 81 11 11 0.132
656 195 9 19 0.132
92 53 8 18 0.132
399 524 16 20 0.130
651 669 18 14 0.130
251 103 16 12 0.130
200 165 11 11 0.130
143 368 28 14 0.129
482 147 18 10 0.129
374 51 11 10 0.129
320 260 15 26 0.128
570 610 14 19 0.128
216 160 8 29 0.128
496 159 10 16 0.128
44 307 18 13 0.128
567 140 15 13 0.128
0 302 10 16 0.127
245 378 35 21 0.127
596 60 8 8 0.127
542 507 13 86 0.126
408 429 13 17 0.126
523 303 13 23 0.126
60 124 24 10 0.126
123 327 23 24 0.125
918 506 16 19 0.125
498 188 11 12 0.125
582 228 12 14 0.125
543 59 12 10 0.125
299 0 8 11 0.125
577 12 7 8 0.125
164 137 16 19 0.124
556 196 11 13 0.124
390 272 39 15 0.123
145 184 12 12 0.122
831 128 13 13 0.121
378 178 11 21 0.121
179 58 9 16 0.121
667 81 9 8 0.121
46 122 24 11 0.121
618 305 15 33 0.120
751 261 15 26 0.120
37 177 10 32 0.120
458 169 10 13 0.120
222 128 9 28 0.120
382 511 15 19 0.120
158 112 14 10 0.119
624 127 8 10 0.119
709 253 11 15 0.119
809 314 14 21 0.118
496 369 14 16 0.118
553 331 12 14 0.118
61 110 9 30 0.117
894 588 18 22 0.117
11 66 8 30 0.116
874 361 14 51 0.116
50 506 16 20 0.116
417 343 13 14 0.116
520 68 9 9 0.116
780 147 11 17 0.115
708 196 9 11 0.115
445 108 8 10 0.115
95 71 9 18 0.115
863 607 16 19 0.114
724 292 12 14 0.114
421 294 14 14 0.114
762 258 15 22 0.114
782 573 14 19 0.114
85 237 15 14 0.113
106 134 10 26 0.113
536 331 14 17 0.113
881 228 12 16 0.113
612 181 11 26 0.113
1000 444 15 18 0.113
686 131 14 12 0.112
195 82 8 21 0.112
330 265 14 41 0.111
384 126 9 11 0.111
245 123 17 12 0.111
95 80 8 19 0.111
66 175 17 22 0.111
651 374 11 27 0.111
652 217 10 17 0.111
488 538 27 32 0.110
43 305 11 27 0.110
245 284 11 33 0.110
344 222 11 13 0.110
467 377 15 17 0.110
261 46 16 10 0.110
568 236 10 12 0.109
493 282 13 49 0.109
890 352 12 15 0.109
425 3 7 9 0.109
327 109 11 16 0.109
719 288 14 15 0.109
617 303 13 16 0.109
443 441 14 16 0.108
10 80 17 15 0.108
672 506 15 18 0.108
677 162 28 14 0.108
281 107 10 23 0.107
532 358 41 15 0.107
971 190 10 21 0.107
689 309 11 71 0.107
696 512 15 21 0.107
45 105 9 30 0.107
251 442 15 19 0.107
179 213 11 16 0.106
589 286 14 15 0.105
743 111 9 10 0.105
15 461 27 21 0.104
284 160 25 14 0.104
576 22 7 17 0.104
240 203 11 15 0.103
645 178 16 14 0.103
178 228 11 14 0.103
279 137 9 10 0.102
268 38 8 20 0.102
151 133 9 13 0.102
493 170 9 12 0.102
331 3 10 10 0.102
990 262 34 15 0.101
354 165 24 11 0.101
936 369 11 13 0.101
180 62 8 26 0.101
1 116 8 28 0.101
743 408 14 16 0.100
0 51 6 29 0.100
571 144 15 13 0.100
841 290 22 12 0.100
604 161 11 21 0.100
747 406 12 16 0.099
358 15 6 25 0.099
727 165 9 11 0.099
444 149 9 13 0.099
934 253 11 12 0.098
609 275 10 24 0.098
59 308 31 18 0.098
502 227 10 23 0.098
605 111 8 10 0.097
1010 446 13 19 0.097
841 617 16 19 0.097
91 51 12 13 0.097
1000 426 15 16 0.097
633 182 27 11 0.097
954 303 12 14 0.097
542 209 12 23 0.096
481 238 14 33 0.096
973 256 12 14 0.096
228 17 9 20 0.096
150 126 9 13 0.096
810 309 13 15 0.096
57 309 14 17 0.096
824 623 15 19 0.095
2 160 10 17 0.095
681 317 24 29 0.094
126 81 13 18 0.094
811 148 17 18 0.094
919 254 24 12 0.094
979 472 25 21 0.094
487 197 26 15 0.094
600 241 12 15 0.094
128 295 12 17 0.093
990 320 23 28 0.093
193 69 8 25 0.093
578 53 7 21 0.093
92 308 13 18 0.093
839 295 11 29 0.093
42 100 13 22 0.093
786 571 14 17 0.092
977 493 15 19 0.092
830 544 15 18 0.092
341 175 10 14 0.092
91 163 12 24 0.091
121 208 13 19 0.091
537 74 9 11 0.091
62 86 15 10 0.090
354 344 12 17 0.090
59 204 10 55 0.090
897 94 10 11 0.090
333 76 7 29 0.090
196 59 18 11 0.090
358 642 19 19 0.090
263 152 8 36 0.089
643 224 18 15 0.089
695 257 11 48 0.089
229 275 17 14 0.089
476 326 12 15 0.089
15 125 12 15 0.088
55 45 7 21 0.088
810 325 13 17 0.088
826 618 25 20 0.088
61 195 10 21 0.088
309 82 28 10 0.088
644 264 35 19 0.088
513 181 12 14 0.088
45 413 12 17 0.088
431 58 9 10 0.087
184 172 13 16 0.087
569 43 7 12 0.087
706 543 14 16 0.086
941 328 13 16 0.086
17 170 15 31 0.086
772 341 14 16 0.085
670 289 16 39 0.084
886 239 19 15 0.084
115 157 13 21 0.084
500 178 11 31 0.084
127 98 18 11 0.083
128 101 10 12 0.083
607 599 18 23 0.083
273 0 8 4 0.083
250 366 13 17 0.083
76 80 8 20 0.083
512 602 18 64 0.082
220 124 27 11 0.082
789 288 12 14 0.082
586 159 10 13 0.082
624 633 17 21 0.082
596 572 47 31 0.082
162 139 11 24 0.082
213 74 21 11 0.082
179 29 9 21 0.081
0 627 5 21 0.081
251 162 10 15 0.081
221 81 10 24 0.081
812 176 10 11 0.081
241 347 13 15 0.081
779 204 12 12 0.081
845 147 7 37 0.081
47 102 15 30 0.080
650 473 14 82 0.080
397 444 13 16 0.080
489 190 11 32 0.080
198 100 21 10 0.079
411 95 12 12 0.079
282 93 11 30 0.079
142 220 13 15 0.079
303 234 16 16 0.078
843 227 9 11 0.078
222 50 7 29 0.078
354 246 36 17 0.078
777 346 13 21 0.078
219 27 8 28 0.078
225 431 13 17 0.078
612 151 11 15 0.078
773 312 14 17 0.078
152 1 13 9 0.078
852 229 15 14 0.078
435 338 19 64 0.078
165 34 17 10 0.077
454 58 8 10 0.077
523 387 13 88 0.077
481 391 15 18 0.077
624 202 11 26 0.077
239 86 13 17 0.077
367 282 14 14 0.077
1011 241 13 15 0.076
186 184 33 13 0.076
165 0 11 11 0.076
324 111 11 20 0.076
167 184 11 37 0.076
549 126 9 12 0.076
536 230 13 14 0.076
257 91 12 14 0.076
234 45 9 27 0.076
528 253 12 14 0.076
519 133 12 15 0.075
337 441 13 68 0.075
376 160 9 12 0.075
100 615 15 20 0.075
887 165 9 11 0.075
127 155 25 11 0.075
778 336 12 24 0.075
829 419 17 52 0.074
87 108 11 27 0.074
739 146 11 26 0.074
974 186 8 9 0.074
309 97 8 30 0.074
876 471 16 20 0.074
799 192 10 13 0.074
362 361 13 16 0.074
189 136 13 15 0.074
289 24 8 27 0.073
82 146 15 26 0.073
780 328 13 18 0.073
126 500 14 18 0.073
503 94 8 10 0.073
1000 279 11 17 0.073
398 103 7 24 0.073
137 95 13 14 0.073
12 114 15 31 0.073
197 88 9 27 0.073
314 59 13 19 0.073
298 124 21 14 0.073
376 164 11 54 0.072
119 179 12 57 0.072
336 489 13 17 0.072
150 113 12 14 0.072
184 405 13 16 0.072
7 443 12 16 0.072
701 386 18 15 0.072
143 40 8 22 0.071
300 48 8 30 0.071
713 363 13 17 0.071
912 212 11 46 0.071
463 172 20 20 0.071
347 116 23 9 0.071
771 258 16 15 0.071
120 126 10 13 0.071
489 596 14 18 0.071
435 90 8 28 0.071
589 124 17 16 0.070
91 200 16 21 0.070
436 108 19 11 0.070
41 56 9 23 0.069
362 138 14 24 0.069
36 74 12 12 0.069
649 388 13 15 0.069
371 69 6 37 0.069
4 155 11 15 0.069
645 92 9 12 0.069
858 322 40 18 0.068
747 411 12 16 0.068
763 144 20 21 0.068
401 43 10 14 0.068
927 477 15 19 0.068
313 61 7 37 0.068
383 514 30 24 0.068
844 160 9 11 0.067
740 209 10 14 0.067
773 304 14 17 0.067
956 586 17 19 0.067
978 293 12 16 0.067
309 281 13 15 0.067
226 213 17 20 0.067
47 34 16 13 0.067
592 161 19 14 0.067
650 324 10 71 0.067
618 596 17 72 0.066
649 380 13 15 0.066
119 52 8 31 0.066
474 139 13 17 0.066
399 0 7 21 0.066
581 198 11 14 0.066
53 146 15 33 0.065
548 51 9 19 0.065
323 540 14 20 0.065
54 51 10 19 0.065
97 70 25 11 0.065
18 147 19 16 0.065
592 40 8 9 0.065
160 229 11 62 0.065
362 278 13 19 0.065
1001 334 17 16 0.065
454 220 27 22 0.065
859 173 15 14 0.064
871 355 15 17 0.064
82 102 27 11 0.064
81 100 11 27 0.064
758 520 17 20 0.064
108 405 12 17 0.063
464 59 22 9 0.063
915 204 10 12 0.063
640 209 11 24 0.062
69 22 9 25 0.062
82 0 9 14 0.062
387 57 15 20 0.062
848 287 33 17 0.062
621 188 11 62 0.062
730 157 10 25 0.061
933 299 13 16 0.061
533 353 60 21 0.061
349 35 9 29 0.061
422 95 23 11 0.061
131 40 9 27 0.061
139 445 15 18 0.061
633 48 8 12 0.061
711 325 13 16 0.061
594 474 15 20 0.061
629 237 14 30 0.060
180 42 12 28 0.060
215 348 13 65 0.060
404 431 13 24 0.060
386 64 8 31 0.060
229 76 13 27 0.060
989 379 13 17 0.060
775 131 16 26 0.059
164 286 15 16 0.059
436 298 15 17 0.059
621 127 20 9 0.059
180 153 12 31 0.059
440 217 14 15 0.059
47 537 14 19 0.059
461 31 7 23 0.059
346 94 13 18 0.059
456 285 12 15 0.059
78 243 11 14 0.058
932 317 15 16 0.058
888 290 12 14 0.058
577 195 12 14 0.058
466 13 6 28 0.058
171 161 13 21 0.058
156 13 7 28 0.058
313 207 27 22 0.058
573 341 13 81 0.058
897 594 18 25 0.058
481 667 20 16 0.058
255 446 17 19 0.058
319 38 10 32 0.058
578 3 6 24 0.057
449 545 17 19 0.057
387 235 14 13 0.057
310 397 14 16 0.057
842 544 17 17 0.057
953 665 17 18 0.057
868 362 24 25 0.057
47 98 20 19 0.057
183 580 15 19 0.057
432 217 10 12 0.057
392 119 10 13 0.056
469 223 12 14 0.056
263 370 17 21 0.056
926 201 10 13 0.056
180 0 9 16 0.056
7 160 15 18 0.056
163 49 23 12 0.056
191 40 12 27 0.056
876 306 15 62 0.056
373 43 6 41 0.056
322 485 22 31 0.056
499 172 17 17 0.056
140 26 12 29 0.055
519 143 17 27 0.055
670 141 11 10 0.055
210 0 7 24 0.055
872 225 16 20 0.055
404 174 10 16 0.055
763 384 14 17 0.054
237 286 13 16 0.054
568 616 15 19 0.054
671 658 15 19 0.054
409 70 7 38 0.054
554 477 15 18 0.054
348 452 13 17 0.054
445 427 13 21 0.054
719 315 13 17 0.054
93 211 14 77 0.053
267 345 16 23 0.053
217 410 16 29 0.053
639 199 15 14 0.053
582 133 29 10 0.053
255 362 22 19 0.053
497 133 10 36 0.053
620 143 23 13 0.052
299 52 28 9 0.052
359 116 17 15 0.052
360 236 16 26 0.052
168 200 16 23 0.052
116 167 11 30 0.052
328 163 11 12 0.052
921 204 11 12 0.052
779 364 14 21 0.051
199 221 19 67 0.051
392 99 19 13 0.051
470 60 26 9 0.051
871 268 11 34 0.051
277 212 19 23 0.051
12 263 10 13 0.051
104 31 16 22 0.050
12 30 9 25 0.050
497 394 18 17 0.050
132 27 9 31 0.050
86 590 12 16 0.050
742 239 10 15 0.050
23 538 14 19 0.050
557 60 28 7 0.050
707 332 12 15 0.050
567 235 16 16 0.050
122 273 12 16 0.050
491 398 16 17 0.049
270 342 13 17 0.049
222 35 8 40 0.049
885 241 12 15 0.049
25 185 13 68 0.049
559 649 16 17 0.049
471 138 13 14 0.049
398 189 10 14 0.049
761 112 20 10 0.049
862 286 30 22 0.048
40 412 13 15 0.048
478 125 28 14 0.048
711 139 9 12 0.048
888 161 9 10 0.048
143 240 13 80 0.048
406 574 20 33 0.048
77 458 40 56 0.048
344 0 6 42 0.048
425 542 13 17 0.048
92 298 12 15 0.047
236 134 12 20 0.047
918 446 16 19 0.047
523 263 14 69 0.047
549 119 9 10 0.047
227 67 16 29 0.047
161 266 15 19 0.047
286 54 10 23 0.047
348 76 33 9 0.047
385 71 6 43 0.047
414 242 12 69 0.047
331 457 14 17 0.046
544 147 11 34 0.046
163 236 16 71 0.046
625 316 10 87 0.046
889 331 44 20 0.046
304 529 15 42 0.046
694 158 15 29 0.046
652 268 54 19 0.046
335 34 9 32 0.046
93 253 35 14 0.046
794 244 56 22 0.046
266 95 23 20 0.046
377 152 10 13 0.045
208 111 34 13 0.045
1015 343 9 17 0.045
986 185 12 14 0.045
481 134 26 22 0.045
485 369 22 42 0.045
83 349 14 18 0.045
65 20 13 21 0.045
724 301 11 21 0.045
270 8 7 39 0.044
445 145 14 18 0.044
706 358 11 13 0.044
268 192 12 16 0.044
693 555 14 18 0.044
679 267 14 17 0.044
528 50 9 29 0.044
450 127 8 28 0.044
80 346 13 16 0.044
115 39 13 33 0.044
205 34 7 46 0.044
298 340 11 16 0.044
746 509 15 17 0.043
595 59 16 10 0.043
235 169 11 12 0.043
138 237 13 15 0.043
189 144 11 19 0.043
239 65 15 26 0.043
181 268 12 16 0.043
808 151 12 16 0.043
435 207 12 13 0.043
322 406 14 18 0.043
322 533 14 17 0.043
116 10 7 37 0.043
562 313 13 15 0.043
28 458 12 17 0.042
401 157 12 22 0.042
315 487 14 17 0.042
205 70 18 19 0.042
763 378 17 21 0.042
507 394 13 17 0.042
540 175 13 77 0.042
650 235 12 18 0.042
151 48 23 11 0.042
258 0 10 22 0.041
232 56 27 14 0.041
282 7 15 19 0.041
499 64 8 15 0.041
653 269 13 95 0.041
761 371 13 18 0.041
655 140 26 10 0.041
553 213 12 13 0.041
559 305 25 14 0.041
883 273 11 24 0.041
153 113 16 31 0.041
701 190 9 22 0.040
669 99 9 12 0.040
446 171 10 14 0.040
953 189 9 11 0.040
526 353 18 19 0.040
843 205 12 24 0.040
799 420 13 17 0.039
27 110 14 13 0.039
610 206 15 62 0.039
267 452 13 17 0.039
291 29 15 23 0.039
776 327 13 21 0.039
928 165 9 11 0.039
405 67 11 33 0.039
518 51 9 35 0.039
121 58 29 15 0.038
78 487 29 22 0.038
204 24 12 35 0.038
112 22 12 40 0.038
211 355 17 93 0.038
795 619 13 19 0.038
931 326 20 19 0.038
9 1 17 8 0.038
542 260 15 75 0.038
372 509 23 19 0.038
443 137 10 16 0.038
639 507 14 17 0.038
88 652 13 17 0.037
441 438 14 33 0.037
672 76 17 10 0.037
943 310 15 17 0.037
973 525 14 17 0.037
1009 299 14 16 0.037
345 26 13 33 0.037
767 559 13 16 0.036
416 21 8 36 0.036
192 24 13 34 0.036
761 354 24 40 0.036
76 41 18 22 0.036
676 274 24 14 0.036
186 358 15 17 0.036
621 8 7 8 0.036
490 670 16 13 0.036
30 31 10 30 0.035
924 315 15 22 0.035
102 623 15 18 0.035
109 85 11 31 0.035
541 45 13 27 0.035
781 672 15 11 0.035
99 50 17 33 0.035
243 448 18 20 0.035
362 355 12 17 0.035
454 118 18 26 0.035
608 476 14 17 0.035
252 64 9 26 0.035
111 80 23 25 0.035
103 217 22 71 0.035
363 173 24 46 0.035
874 222 10 12 0.035
197 244 15 20 0.035
918 342 11 14 0.034
477 21 10 23 0.034
544 132 13 46 0.034
714 383 26 70 0.034
251 233 11 25 0.034
729 298 15 26 0.034
678 71 8 9 0.034
739 205 16 17 0.034
514 14 5 31 0.034
549 302 14 20 0.034
439 121 9 18 0.034
240 0 13 32 0.034
514 489 14 17 0.034
427 38 9 35 0.034
920 167 8 11 0.033
518 72 28 9 0.033
68 58 14 16 0.033
899 258 13 12 0.033
961 276 13 15 0.033
128 283 17 92 0.033
80 278 12 14 0.033
838 114 8 20 0.033
484 569 15 18 0.033
348 618 15 18 0.033
444 107 18 23 0.032
318 20 10 40 0.032
123 158 26 17 0.032
697 385 13 17 0.032
466 164 11 12 0.032
260 0 6 39 0.032
837 106 10 10 0.032
24 536 30 22 0.032
239 653 18 22 0.032
747 465 16 18 0.032
977 380 13 17 0.032
583 216 12 18 0.032
524 486 16 19 0.032
935 331 12 14 0.032
1 39 11 30 0.031
393 242 14 91 0.031
378 287 17 18 0.031
55 6 12 29 0.031
433 108 9 11 0.031
456 631 20 23 0.031
365 433 13 15 0.031
910 252 18 23 0.031
1004 541 14 19 0.031
131 9 9 40 0.031
742 230 10 20 0.031
289 4 6 49 0.031
242 146 13 18 0.031
972 69 8 9 0.031
524 40 12 27 0.031
241 548 18 31 0.030
683 121 8 12 0.030
549 641 17 21 0.030
655 84 21 10 0.030
859 443 13 20 0.030
555 15 5 29 0.030
708 388 17 14 0.030
715 255 12 20 0.030
175 314 35 69 0.030
920 367 21 54 0.030
204 308 23 94 0.030
122 139 13 16 0.030
220 0 8 5 0.030
358 56 24 20 0.030
244 0 9 7 0.030
805 221 12 101 0.030
77 47 14 34 0.029
525 26 8 35 0.029
455 116 20 12 0.029
0 1 17 9 0.029
361 299 18 81 0.029
124 497 13 17 0.029
161 89 27 29 0.029
520 161 14 13 0.029
872 248 14 68 0.029
809 187 51 32 0.029
707 317 15 18 0.029
133 198 14 16 0.029
633 44 7 9 0.029
625 268 19 20 0.029
203 16 15 27 0.029
811 281 13 22 0.029
181 293 14 17 0.029
1009 490 12 19 0.028
174 144 17 82 0.028
948 391 12 16 0.028
548 407 12 15 0.028
332 26 17 32 0.028
569 648 20 17 0.028
393 251 14 25 0.028
986 371 15 20 0.028
450 0 5 32 0.027
491 41 6 31 0.027
121 62 19 38 0.027
375 103 12 21 0.027
768 333 44 33 0.027
542 155 32 47 0.027
448 6 6 37 0.027
888 580 17 22 0.027
563 42 11 25 0.027
617 65 7 8 0.027
330 53 16 25 0.027
314 63 23 29 0.027
98 35 25 28 0.027
646 136 12 17 0.026
459 145 16 23 0.026
1 0 5 34 0.026
208 378 59 43 0.026
180 345 16 17 0.026
59 409 13 17 0.026
490 96 27 9 0.026
461 0 10 20 0.026
323 272 51 51 0.026
587 216 12 18 0.026
30 5 9 25 0.026
460 372 15 18 0.026
695 258 21 23 0.026
227 192 16 18 0.026
392 66 23 30 0.026
546 126 23 44 0.026
491 5 6 31 0.026
192 104 14 35 0.026
520 225 28 21 0.026
211 0 6 42 0.026
862 196 10 13 0.025
10 0 12 19 0.025
273 378 14 17 0.025
486 211 24 86 0.025
279 40 16 23 0.025
75 12 18 36 0.025
529 195 19 16 0.025
130 0 14 17 0.025
206 145 10 74 0.025
697 95 13 14 0.025
579 0 7 16 0.025
837 179 10 14 0.025
151 32 28 15 0.025
125 284 12 18 0.025
354 643 14 17 0.025
226 337 22 21 0.025
323 218 56 63 0.024
398 2 32 10 0.024
74 469 18 28 0.024
873 330 13 20 0.024
268 0 10 41 0.024
919 275 12 15 0.024
197 432 38 96 0.024
1001 606 19 20 0.024
15 300 22 16 0.024
841 277 15 27 0.024
759 289 19 17 0.024
804 540 14 18 0.024
169 585 17 21 0.024
691 245 18 105 0.024
708 228 10 15 0.024
359 0 7 5 0.024
514 104 9 29 0.024
532 676 22 7 0.024
114 0 14 20 0.023
938 655 19 21 0.023
688 294 13 15 0.023
19 57 28 15 0.023
154 183 63 40 0.023
940 299 15 59 0.023
240 416 17 18 0.023
295 276 17 17 0.023
596 36 8 15 0.023
336 315 13 15 0.023
296 344 12 19 0.023
427 49 12 30 0.023
11 37 14 33 0.023
685 76 9 10 0.023
437 569 16 19 0.023
405 218 13 13 0.023
437 249 11 15 0.023
191 307 12 20 0.023
619 317 11 29 0.022
887 358 20 19 0.022
417 477 15 21 0.022
271 414 13 17 0.022
205 0 9 7 0.022
174 514 16 20 0.022
642 646 15 17 0.022
154 0 7 36 0.022
987 348 16 15 0.022
645 317 18 20 0.022
786 150 27 25 0.022
363 507 15 18 0.022
295 0 11 10 0.022
810 302 18 19 0.022
638 115 9 11 0.022
108 270 12 16 0.022
497 48 19 30 0.022
551 0 10 10 0.022
398 0 7 5 0.022
233 214 28 84 0.022
391 198 12 15 0.022
236 46 25 19 0.022
710 118 18 20 0.022
505 42 27 20 0.021
379 0 27 14 0.021
0 29 18 28 0.021
166 361 14 16 0.021
611 365 12 16 0.021
282 585 15 18 0.021
319 0 21 16 0.021
122 501 15 22 0.021
423 63 15 33 0.021
299 284 12 20 0.021
524 0 10 16 0.021
986 166 9 126 0.021
506 191 17 31 0.021
449 0 9 16 0.021
265 51 18 18 0.021
44 422 13 17 0.021
416 13 5 31 0.021
957 260 14 20 0.021
981 498 15 16 0.021
342 13 22 29 0.021
84 673 16 10 0.021
1014 598 10 31 0.021
42 69 11 24 0.021
608 299 17 23 0.021
161 278 13 18 0.021
773 109 11 27 0.020
190 10 16 40 0.020
937 363 12 15 0.020
766 340 11 14 0.020
403 184 10 14 0.020
98 170 17 24 0.020
661 205 27 88 0.020
141 125 10 105 0.020
240 454 14 17 0.020
10 261 15 18 0.020
951 249 23 18 0.020
435 26 12 30 0.020
457 536 18 19 0.020
431 68 17 27 0.020
511 294 25 15 0.020
453 43 10 30 0.020
864 352 17 18 0.020
199 76 26 30 0.020
