2_Demonstration_Demonstrators_2_83
79
471 414 80 100 0.838
890 0 63 53 0.829
726 72 70 82 0.824
291 131 94 126 0.822
231 17 30 42 0.809
342 29 40 55 0.805
281 35 24 31 0.790
204 3 29 38 0.770
660 48 18 23 0.744
351 0 29 22 0.711
28 30 22 30 0.663
524 361 57 85 0.642
707 60 17 21 0.612
147 7 32 41 0.612
618 42 17 22 0.447
95 24 20 23 0.445
684 39 13 16 0.441
132 314 59 88 0.424
871 12 12 16 0.365
604 36 14 16 0.357
670 32 10 12 0.312
701 44 12 12 0.227
254 34 17 23 0.214
1 22 17 29 0.206
491 382 76 103 0.191
125 25 20 26 0.180
821 16 20 20 0.175
316 25 12 15 0.173
59 21 16 21 0.167
689 40 15 16 0.163
871 50 16 19 0.162
693 53 13 13 0.150
581 24 10 12 0.122
103 26 17 21 0.116
668 35 27 14 0.110
46 21 32 26 0.102
856 42 16 19 0.086
679 36 16 20 0.076
848 23 16 19 0.073
864 16 17 17 0.073
0 27 45 28 0.072
152 5 46 42 0.070
129 18 24 35 0.068
610 52 17 19 0.066
854 23 17 22 0.066
580 56 15 20 0.064
583 62 14 17 0.063
1 14 19 27 0.062
634 37 16 20 0.061
727 34 10 14 0.055
871 27 13 19 0.054
604 82 17 21 0.051
613 44 19 28 0.050
858 45 17 19 0.048
551 42 11 13 0.047
582 54 21 21 0.047
639 33 13 15 0.046
869 46 22 28 0.045
92 30 17 19 0.043
339 0 18 17 0.042
874 40 18 26 0.040
812 16 16 20 0.037
578 27 21 14 0.034
314 17 26 31 0.033
873 33 11 16 0.033
622 38 16 18 0.030
584 59 20 23 0.030
576 37 14 20 0.029
819 13 16 20 0.027
591 40 21 21 0.026
34 32 24 29 0.026
630 46 18 21 0.026
869 9 19 23 0.025
5 27 19 30 0.024
148 21 30 39 0.024
113 33 18 21 0.024
664 49 23 21 0.023
577 20 15 18 0.022
823 22 23 27 0.021
