2_Demonstration_Demonstration_Or_Protest_2_234
57
780 225 67 81 0.860
467 170 55 66 0.859
186 110 65 80 0.852
624 204 48 62 0.811
968 208 30 33 0.806
256 148 27 34 0.776
654 187 35 43 0.758
422 209 18 20 0.702
607 222 17 22 0.660
349 183 28 33 0.624
733 244 23 26 0.611
593 227 12 14 0.554
554 216 21 25 0.451
680 211 22 31 0.308
908 242 11 13 0.306
698 223 21 27 0.244
519 194 23 31 0.240
684 219 33 30 0.171
263 180 26 30 0.170
759 267 21 28 0.145
602 243 21 28 0.104
517 205 27 34 0.092
404 225 15 20 0.088
437 200 13 15 0.084
597 249 21 24 0.079
666 199 28 34 0.079
441 206 14 19 0.070
394 213 12 14 0.058
664 201 37 48 0.056
375 207 15 20 0.053
381 218 19 17 0.051
392 221 28 26 0.047
762 264 17 21 0.045
661 204 26 41 0.044
729 260 19 23 0.044
564 219 14 17 0.043
383 211 26 15 0.043
136 176 24 30 0.043
395 215 17 23 0.042
377 216 16 21 0.039
505 190 38 48 0.038
314 202 16 19 0.038
524 185 25 31 0.034
843 212 13 16 0.032
125 181 35 32 0.032
311 199 14 17 0.029
106 187 27 29 0.025
663 227 26 34 0.025
402 246 16 21 0.024
760 248 35 46 0.024
424 212 25 26 0.023
432 209 29 21 0.023
607 248 22 24 0.023
820 238 34 58 0.023
267 187 30 28 0.023
522 211 35 30 0.023
379 221 17 19 0.021
