2_Demonstration_Demonstration_Or_Protest_2_283
76
312 260 13 16 0.761
560 278 17 19 0.678
673 275 13 15 0.655
77 269 15 18 0.645
981 285 15 19 0.628
942 258 15 17 0.552
200 270 13 14 0.485
658 260 12 15 0.481
202 247 9 10 0.470
63 250 10 12 0.397
262 4 23 24 0.396
704 274 16 19 0.309
843 268 14 16 0.259
582 261 16 19 0.237
702 255 10 12 0.235
1010 269 13 15 0.220
953 281 10 13 0.218
957 245 10 12 0.201
392 350 43 45 0.192
665 244 11 12 0.187
63 259 11 17 0.156
856 195 10 12 0.156
182 276 12 14 0.154
702 252 13 21 0.148
663 341 33 41 0.143
34 266 11 14 0.122
330 307 30 38 0.118
411 256 11 10 0.115
541 297 15 17 0.111
811 279 14 18 0.109
769 245 9 10 0.099
986 260 12 13 0.095
666 283 15 21 0.094
1006 267 14 17 0.092
682 130 9 12 0.089
827 268 34 21 0.084
805 251 9 11 0.082
670 243 11 12 0.061
884 145 8 9 0.056
664 290 16 17 0.055
713 171 9 11 0.055
982 261 11 13 0.052
389 374 35 36 0.052
707 352 23 26 0.049
832 280 16 18 0.046
661 286 15 19 0.045
824 104 8 9 0.044
207 6 19 18 0.042
816 269 14 18 0.041
829 273 20 23 0.040
715 136 9 11 0.039
763 77 7 8 0.039
855 80 8 10 0.038
889 182 7 8 0.038
1013 216 11 18 0.036
583 266 16 22 0.035
784 228 9 11 0.033
773 239 10 13 0.033
942 171 8 11 0.032
529 247 15 18 0.032
798 203 8 9 0.032
343 309 25 33 0.031
210 264 10 14 0.030
434 259 11 12 0.030
684 136 10 11 0.028
329 313 21 28 0.027
672 272 18 24 0.027
837 277 15 22 0.026
958 262 13 13 0.025
978 258 12 17 0.025
808 160 9 10 0.024
842 316 14 18 0.024
655 264 14 23 0.024
14 273 11 13 0.023
819 126 10 10 0.022
902 123 8 9 0.020
