2_Demonstration_Demonstration_Or_Protest_2_18
102
625 405 20 25 0.751
878 609 32 53 0.713
758 312 10 11 0.675
735 376 13 14 0.674
872 382 14 16 0.666
806 365 15 16 0.624
935 285 12 16 0.605
849 318 10 12 0.598
705 304 10 11 0.590
894 322 8 10 0.588
652 301 9 11 0.555
475 310 7 9 0.492
1008 318 11 13 0.462
608 357 8 10 0.437
343 307 8 10 0.428
550 301 9 11 0.425
826 311 9 12 0.407
477 355 9 9 0.402
74 431 13 18 0.365
391 299 8 10 0.340
321 305 8 9 0.334
514 362 10 12 0.327
273 302 7 8 0.320
509 302 8 9 0.317
680 318 10 12 0.316
431 302 7 9 0.309
310 307 8 8 0.283
586 316 7 8 0.283
926 322 9 11 0.280
376 353 8 10 0.259
235 287 6 8 0.257
192 256 7 9 0.249
147 273 9 10 0.186
535 307 8 9 0.183
397 312 8 10 0.179
295 305 8 9 0.167
213 277 8 8 0.162
453 309 9 10 0.161
368 299 9 10 0.152
610 337 8 10 0.143
409 302 8 9 0.140
419 357 11 12 0.132
399 453 10 12 0.132
925 326 9 11 0.113
302 307 25 8 0.112
390 297 8 9 0.107
435 355 8 9 0.099
352 435 11 13 0.098
680 313 14 14 0.094
475 353 7 10 0.087
802 370 16 19 0.084
50 426 12 16 0.078
292 305 19 8 0.077
408 362 8 10 0.076
412 358 19 13 0.075
504 302 11 9 0.073
256 295 7 8 0.072
679 365 9 9 0.070
512 343 9 11 0.068
494 537 16 22 0.065
550 581 18 27 0.065
440 431 9 11 0.065
492 305 8 9 0.065
216 355 8 9 0.064
532 308 8 8 0.058
656 302 9 10 0.058
829 313 11 12 0.055
410 355 13 16 0.052
829 309 9 11 0.049
891 322 8 10 0.048
797 378 15 15 0.047
328 305 20 9 0.047
465 300 7 13 0.046
828 364 10 12 0.042
261 330 8 8 0.040
608 352 9 12 0.039
347 464 13 15 0.039
376 358 7 8 0.039
512 345 9 26 0.039
465 370 7 10 0.038
159 447 14 17 0.038
152 338 7 9 0.037
403 337 9 11 0.035
362 302 8 9 0.033
483 307 16 8 0.033
868 381 14 17 0.032
452 312 9 10 0.032
922 325 9 10 0.032
685 307 8 9 0.032
253 297 14 9 0.031
119 362 8 10 0.031
491 542 14 20 0.028
478 423 11 12 0.026
409 364 9 10 0.026
249 409 10 12 0.024
140 357 10 12 0.023
369 297 11 8 0.023
199 372 12 12 0.023
609 332 7 10 0.021
258 303 7 7 0.021
565 353 7 7 0.020
717 380 10 13 0.020
