2_Demonstration_Demonstrators_2_58
72
681 365 45 63 0.788
840 344 29 43 0.708
493 247 27 32 0.642
971 247 20 25 0.635
571 404 33 46 0.525
897 432 38 54 0.521
776 245 23 30 0.441
620 257 28 34 0.358
918 272 26 31 0.343
692 245 19 22 0.335
618 247 25 27 0.253
573 225 20 26 0.244
848 251 22 27 0.231
742 244 23 28 0.212
1015 266 9 25 0.193
623 313 25 36 0.154
559 233 23 30 0.110
763 308 24 32 0.108
951 254 17 23 0.107
842 257 22 28 0.105
892 241 15 18 0.103
732 316 22 27 0.102
911 273 22 27 0.087
853 245 21 29 0.085
836 262 26 30 0.082
922 254 19 24 0.073
891 435 32 44 0.072
424 266 26 34 0.071
735 246 20 26 0.070
404 252 23 29 0.068
844 248 20 24 0.065
691 309 25 31 0.065
803 253 18 23 0.063
51 206 18 23 0.053
560 322 38 53 0.052
731 315 40 31 0.052
935 255 39 28 0.052
710 240 20 28 0.050
918 434 35 56 0.047
853 242 17 20 0.046
561 291 22 26 0.046
749 244 20 22 0.044
477 191 29 32 0.044
675 230 14 16 0.042
771 320 32 33 0.041
608 241 26 31 0.040
632 245 25 22 0.039
1010 242 13 22 0.038
846 307 31 37 0.037
818 200 9 11 0.037
645 242 20 23 0.036
591 286 24 28 0.036
499 239 28 29 0.035
859 254 16 24 0.034
674 266 25 32 0.034
886 244 19 25 0.033
560 291 30 72 0.033
787 252 28 26 0.031
651 237 22 25 0.029
694 247 23 28 0.028
848 261 22 32 0.028
991 221 10 11 0.026
619 248 30 79 0.026
837 305 31 34 0.025
410 252 33 31 0.025
426 255 24 34 0.025
1006 246 17 22 0.025
705 237 21 25 0.024
714 245 24 27 0.024
751 307 27 28 0.023
676 258 19 27 0.023
466 363 55 73 0.020
