2_Demonstration_Protesters_2_335
65
4 280 36 45 0.853
505 261 32 40 0.838
653 287 32 40 0.838
937 239 39 48 0.837
738 248 37 44 0.824
556 240 38 48 0.823
124 294 31 36 0.820
903 260 33 41 0.815
354 265 34 45 0.811
413 266 34 39 0.810
455 277 37 44 0.809
770 271 28 36 0.798
232 268 30 34 0.794
825 261 42 52 0.793
25 250 34 42 0.783
245 292 39 44 0.771
684 275 33 41 0.755
972 257 23 30 0.719
800 284 21 27 0.711
600 285 30 36 0.699
392 293 25 31 0.561
597 266 18 21 0.388
151 284 22 24 0.323
176 304 21 24 0.253
635 278 20 29 0.242
802 272 56 39 0.215
285 268 22 26 0.174
713 279 20 25 0.156
97 286 19 26 0.143
889 237 25 31 0.140
142 286 25 31 0.105
95 279 20 22 0.095
590 255 30 60 0.078
96 298 22 26 0.073
344 274 37 38 0.071
341 286 20 27 0.068
104 281 24 28 0.052
170 293 23 27 0.047
894 233 22 25 0.046
677 263 23 28 0.044
385 276 18 35 0.043
163 281 22 24 0.042
171 279 25 32 0.040
286 275 24 29 0.038
861 253 22 32 0.036
632 276 19 23 0.035
389 272 18 27 0.034
595 284 24 32 0.033
925 249 38 39 0.032
960 260 31 38 0.031
435 283 23 33 0.031
1016 248 8 27 0.030
312 294 35 36 0.029
635 289 19 25 0.027
415 214 11 13 0.027
810 269 20 33 0.026
885 249 22 34 0.025
379 251 19 26 0.024
437 260 20 27 0.023
109 287 24 33 0.022
889 276 20 30 0.022
721 278 20 26 0.021
640 273 27 30 0.021
323 294 34 32 0.021
818 239 18 22 0.020
