2_Demonstration_Protesters_2_629
56
88 332 24 25 0.801
609 307 21 25 0.796
939 313 21 24 0.796
287 329 22 26 0.790
545 330 21 24 0.787
314 312 22 27 0.783
217 333 21 25 0.774
804 315 18 24 0.771
383 296 25 28 0.768
491 324 22 25 0.762
150 330 19 22 0.750
247 340 15 18 0.747
749 312 18 23 0.744
992 321 15 20 0.736
26 340 19 24 0.726
716 321 19 22 0.721
879 321 20 23 0.712
444 319 23 24 0.706
178 331 15 19 0.695
577 326 18 20 0.684
661 337 21 26 0.643
15 340 14 20 0.617
677 302 16 18 0.608
1016 326 8 21 0.493
0 330 8 23 0.298
375 335 18 25 0.210
374 326 20 24 0.177
666 319 20 45 0.156
924 387 16 18 0.150
63 346 15 17 0.104
168 332 19 21 0.096
343 327 16 20 0.086
404 317 19 21 0.070
109 351 18 20 0.060
62 342 12 17 0.059
555 330 23 22 0.059
829 330 14 16 0.053
419 343 20 24 0.052
667 308 15 16 0.052
744 293 10 11 0.051
51 343 27 20 0.050
897 333 14 16 0.046
345 316 13 16 0.043
503 311 15 18 0.042
532 328 13 16 0.041
685 325 18 22 0.037
398 323 20 24 0.035
274 336 12 15 0.035
862 327 16 17 0.029
114 347 16 18 0.025
507 311 13 15 0.022
729 296 10 12 0.022
62 331 16 18 0.021
631 297 11 14 0.021
582 325 21 21 0.020
176 342 15 17 0.020
