2_Demonstration_Demonstrators_2_608
458
724 129 39 46 0.840
775 126 35 43 0.840
395 145 40 48 0.824
654 170 47 54 0.819
106 109 28 33 0.817
561 130 39 45 0.817
464 129 42 47 0.816
924 154 40 51 0.813
289 111 31 36 0.811
268 95 24 28 0.802
849 137 34 43 0.798
324 82 25 29 0.798
175 78 23 26 0.793
304 66 23 26 0.791
0 381 109 239 0.791
314 150 41 51 0.785
871 89 27 34 0.781
385 94 27 32 0.780
0 111 15 28 0.773
916 69 31 36 0.768
215 77 24 28 0.767
34 97 27 31 0.758
879 207 44 52 0.757
150 101 22 29 0.755
938 125 36 44 0.752
741 90 24 25 0.747
715 109 29 31 0.747
279 71 25 29 0.746
48 66 23 27 0.745
530 115 28 34 0.738
418 110 27 32 0.736
82 59 23 27 0.729
396 70 23 26 0.727
350 89 24 26 0.723
550 73 23 27 0.722
353 115 33 37 0.721
612 82 24 29 0.719
925 46 21 24 0.716
224 113 21 27 0.716
530 85 22 27 0.715
8 84 23 30 0.714
755 192 36 39 0.710
95 87 23 25 0.698
231 61 19 23 0.692
147 84 20 24 0.688
574 49 16 19 0.684
668 60 22 24 0.681
983 148 39 50 0.677
888 47 21 25 0.674
489 59 21 23 0.663
643 50 20 23 0.662
656 88 27 31 0.661
965 66 22 27 0.658
14 48 15 18 0.650
441 68 21 24 0.649
332 57 17 20 0.644
807 19 12 15 0.633
836 175 34 48 0.627
833 70 28 34 0.627
151 48 15 17 0.626
241 82 21 28 0.619
709 48 17 20 0.607
951 52 21 21 0.607
51 49 14 17 0.604
786 83 24 29 0.604
749 46 18 21 0.602
261 59 16 19 0.602
530 62 18 20 0.598
316 48 17 19 0.596
496 87 24 27 0.593
202 112 24 30 0.584
200 57 18 20 0.579
622 65 20 23 0.575
765 43 17 19 0.574
591 59 19 23 0.570
112 53 14 19 0.557
723 77 20 24 0.547
30 58 17 21 0.544
435 49 17 18 0.541
812 47 18 20 0.539
398 48 17 19 0.532
479 114 29 34 0.530
642 103 26 29 0.525
701 72 24 29 0.520
669 47 20 21 0.517
257 78 20 26 0.515
556 107 34 37 0.511
250 82 24 29 0.500
557 40 14 16 0.497
477 35 12 14 0.496
468 53 16 19 0.495
431 36 13 14 0.492
620 52 18 21 0.492
906 116 30 39 0.483
345 41 13 14 0.477
17 128 30 34 0.476
380 54 15 19 0.464
848 46 20 22 0.464
189 105 27 29 0.447
0 56 8 21 0.426
588 94 22 27 0.419
463 83 23 27 0.408
165 62 17 19 0.406
517 75 18 21 0.398
290 40 11 14 0.391
391 29 11 14 0.386
525 36 14 17 0.378
662 20 11 13 0.372
712 12 11 12 0.365
143 65 14 16 0.356
268 44 13 16 0.356
790 59 17 23 0.349
62 35 11 13 0.344
173 45 14 16 0.342
248 43 13 17 0.340
639 2 9 10 0.335
697 35 14 17 0.329
511 51 14 21 0.329
737 0 9 9 0.326
433 138 24 33 0.324
573 29 12 14 0.320
626 20 11 13 0.313
85 63 25 33 0.313
563 16 9 11 0.312
1 40 10 14 0.306
78 112 25 27 0.306
94 41 13 14 0.306
529 18 10 11 0.302
721 52 19 22 0.298
850 19 12 13 0.296
365 20 10 13 0.287
823 117 25 31 0.284
0 113 29 29 0.283
124 62 14 20 0.272
190 58 21 19 0.268
202 37 11 12 0.265
958 58 23 27 0.263
205 58 17 20 0.255
510 12 10 11 0.252
219 67 24 28 0.251
760 6 10 12 0.251
501 29 12 14 0.250
186 61 16 16 0.248
590 121 27 32 0.245
825 8 13 15 0.234
265 42 14 33 0.232
2 88 20 28 0.232
1007 83 16 32 0.231
823 70 27 34 0.227
167 47 15 20 0.226
374 77 18 22 0.225
716 29 12 13 0.224
502 92 24 28 0.222
554 47 14 24 0.221
715 73 24 27 0.220
708 10 12 13 0.220
415 87 22 24 0.219
695 28 13 17 0.216
120 73 17 21 0.214
542 34 12 15 0.212
492 41 13 14 0.211
514 39 16 18 0.210
36 41 11 12 0.209
140 36 10 14 0.207
158 32 12 14 0.206
1010 113 14 36 0.201
33 53 22 19 0.195
447 35 13 16 0.193
78 39 12 15 0.187
873 9 12 15 0.185
509 82 47 29 0.182
613 2 9 10 0.177
467 79 20 23 0.173
700 36 14 24 0.173
918 13 12 13 0.171
592 44 15 16 0.171
356 40 16 16 0.171
234 181 46 51 0.170
161 30 11 13 0.170
886 67 22 26 0.170
900 26 17 21 0.169
706 79 34 31 0.168
188 37 19 12 0.167
994 88 22 28 0.164
352 64 16 19 0.163
329 29 12 14 0.163
592 72 18 21 0.162
574 28 13 46 0.162
198 111 47 32 0.161
615 39 14 16 0.158
648 43 18 26 0.156
697 30 21 16 0.156
335 61 25 19 0.152
6 160 58 74 0.152
126 43 12 33 0.149
410 29 14 14 0.148
669 87 24 26 0.146
371 36 17 16 0.145
803 17 27 17 0.145
451 77 37 31 0.144
944 54 22 24 0.141
454 29 12 14 0.141
224 30 10 12 0.141
76 44 14 15 0.140
661 4 10 11 0.139
561 49 31 20 0.138
179 24 8 10 0.138
474 0 9 9 0.137
841 6 11 12 0.136
126 38 17 20 0.135
582 18 10 12 0.134
681 23 11 12 0.134
711 80 57 29 0.132
457 91 26 31 0.132
378 90 25 30 0.132
291 45 16 16 0.129
20 76 44 53 0.128
820 48 19 19 0.128
476 36 27 15 0.126
600 87 32 27 0.126
411 32 13 19 0.125
492 53 23 67 0.123
253 75 42 43 0.118
572 76 18 22 0.118
364 20 11 22 0.117
475 26 14 34 0.116
555 64 20 27 0.116
248 41 31 16 0.115
279 41 26 14 0.115
660 23 12 15 0.115
147 20 9 12 0.114
146 80 47 34 0.113
466 61 17 20 0.113
212 51 18 22 0.112
309 25 11 13 0.111
178 24 11 18 0.110
763 24 15 15 0.110
1011 89 13 41 0.108
4 21 10 15 0.107
428 49 18 17 0.106
329 47 24 31 0.106
366 23 17 21 0.106
453 105 26 33 0.103
467 48 21 29 0.102
119 34 15 19 0.102
787 72 21 28 0.101
560 27 25 22 0.098
588 77 47 39 0.098
200 79 24 21 0.098
590 0 8 7 0.097
2 27 10 25 0.097
756 69 18 21 0.096
841 69 23 28 0.096
757 42 23 25 0.095
493 260 39 51 0.093
255 32 18 12 0.093
483 16 11 12 0.093
50 19 10 15 0.091
541 29 32 15 0.091
5 22 13 18 0.091
191 26 11 24 0.091
377 59 17 20 0.091
622 43 16 19 0.090
409 24 12 14 0.090
383 32 29 39 0.088
244 27 15 22 0.088
352 81 21 26 0.088
0 74 8 29 0.088
221 32 11 19 0.087
170 40 25 24 0.087
770 48 18 19 0.086
429 21 10 11 0.086
32 42 17 22 0.085
282 44 17 17 0.084
467 35 46 14 0.084
869 171 39 44 0.084
817 26 17 20 0.083
286 23 10 31 0.083
885 59 21 26 0.083
721 117 34 41 0.083
59 30 15 16 0.081
723 45 15 19 0.081
307 152 33 43 0.081
139 25 11 26 0.079
607 0 9 9 0.079
590 106 28 35 0.079
539 61 34 38 0.078
169 71 23 26 0.078
868 31 11 15 0.078
1006 128 18 38 0.077
474 76 18 19 0.077
678 86 19 23 0.076
1013 80 11 31 0.076
262 30 24 12 0.075
474 29 15 15 0.074
20 9 8 10 0.073
760 4 14 20 0.073
101 86 24 23 0.072
201 28 13 22 0.072
676 3 8 8 0.072
523 48 22 32 0.071
414 94 25 30 0.071
478 27 24 22 0.068
704 0 9 9 0.067
666 2 10 9 0.067
936 65 25 28 0.066
333 36 54 24 0.065
691 22 16 17 0.064
129 25 13 22 0.064
699 19 17 51 0.064
309 42 16 18 0.064
513 29 30 31 0.063
486 12 11 18 0.063
345 25 12 30 0.062
231 33 11 32 0.062
77 26 13 26 0.062
838 13 36 16 0.061
300 61 19 26 0.061
595 41 26 16 0.060
661 3 24 9 0.060
93 24 10 29 0.060
798 58 20 20 0.059
642 24 13 18 0.059
296 18 12 15 0.059
929 55 29 35 0.057
196 14 9 29 0.057
604 17 13 13 0.057
99 30 24 13 0.057
786 6 11 12 0.057
578 10 12 27 0.056
20 46 45 44 0.056
415 26 27 20 0.055
290 21 14 34 0.055
310 112 21 29 0.055
111 27 20 18 0.055
613 24 19 23 0.054
31 23 8 31 0.054
906 63 22 29 0.053
50 23 23 22 0.053
441 31 20 15 0.052
902 14 26 24 0.052
146 18 15 16 0.052
67 12 8 9 0.052
173 48 43 59 0.052
520 38 58 19 0.051
322 12 8 9 0.051
192 56 59 32 0.051
583 29 14 19 0.050
418 103 23 30 0.049
940 17 11 13 0.048
812 58 31 25 0.048
690 39 38 64 0.048
64 37 52 22 0.048
773 0 10 9 0.047
694 43 15 19 0.047
758 60 20 26 0.047
453 21 10 14 0.047
1004 87 20 50 0.047
658 2 9 10 0.046
774 85 26 28 0.046
701 91 25 30 0.045
568 0 9 9 0.045
896 49 20 24 0.044
604 29 13 19 0.044
146 40 37 45 0.044
501 53 48 35 0.044
459 0 9 8 0.044
381 18 16 15 0.044
507 163 33 40 0.043
851 20 20 22 0.043
824 38 15 20 0.041
180 108 29 29 0.041
655 12 18 27 0.040
232 9 13 24 0.040
899 11 12 25 0.040
1001 263 23 70 0.039
717 2 9 9 0.039
457 2 9 9 0.039
129 18 12 21 0.039
230 171 44 44 0.038
838 181 42 60 0.038
72 78 17 22 0.038
777 0 9 7 0.037
983 91 24 25 0.037
990 134 33 45 0.037
87 61 26 22 0.036
780 8 13 15 0.036
27 66 18 19 0.036
900 7 11 14 0.036
38 22 21 24 0.035
765 6 13 31 0.035
245 197 50 55 0.034
771 86 19 24 0.033
500 7 19 34 0.033
629 71 17 18 0.033
421 133 27 36 0.032
282 10 14 27 0.032
1005 152 19 57 0.032
66 7 11 29 0.032
378 122 21 25 0.032
802 69 20 31 0.031
695 109 20 27 0.031
85 104 24 27 0.031
423 210 43 49 0.030
565 105 28 27 0.030
639 16 18 21 0.030
116 11 12 26 0.030
696 0 9 8 0.030
619 87 24 27 0.030
523 92 24 28 0.029
457 0 30 9 0.029
245 3 8 8 0.029
850 52 18 23 0.029
192 26 17 15 0.028
745 3 31 17 0.028
190 111 31 35 0.028
1008 9 14 20 0.027
444 73 22 27 0.027
951 42 17 22 0.027
902 7 16 14 0.026
632 2 10 9 0.026
503 3 9 8 0.026
255 13 16 22 0.026
771 24 12 15 0.026
112 33 59 58 0.026
1011 37 12 22 0.026
525 2 9 7 0.026
22 11 20 22 0.025
243 1 12 15 0.025
984 340 40 108 0.025
217 8 16 27 0.024
492 5 28 13 0.024
10 9 20 24 0.024
546 340 64 106 0.024
707 352 68 85 0.024
666 160 40 49 0.023
320 7 10 29 0.023
506 14 41 15 0.023
804 22 14 17 0.023
966 94 23 27 0.023
343 11 15 25 0.023
811 78 30 33 0.022
291 3 18 10 0.022
298 3 8 7 0.022
812 1 13 12 0.022
135 28 21 16 0.022
282 27 17 17 0.022
506 101 23 26 0.022
858 49 15 18 0.022
398 11 12 26 0.022
511 2 9 9 0.021
458 15 16 22 0.021
619 132 30 34 0.021
541 10 37 27 0.021
941 16 16 20 0.021
381 104 26 31 0.021
752 12 11 14 0.020
917 61 24 32 0.020
