2_Demonstration_Demonstrators_2_620
74
871 294 22 28 0.795
263 360 38 41 0.793
664 281 14 18 0.752
44 277 17 20 0.733
859 279 16 18 0.695
947 295 12 16 0.691
750 282 13 17 0.686
585 294 16 20 0.679
9 295 14 18 0.616
674 263 14 16 0.614
347 262 14 19 0.610
157 319 26 26 0.593
612 275 14 20 0.584
719 276 15 17 0.573
802 286 14 18 0.552
256 260 14 16 0.536
491 274 13 17 0.535
221 265 13 14 0.519
455 285 18 21 0.511
285 262 13 13 0.499
576 264 12 15 0.471
176 264 12 15 0.443
423 276 14 18 0.437
0 329 11 24 0.435
405 291 15 19 0.427
97 288 24 25 0.376
816 293 13 17 0.357
804 289 20 18 0.293
520 291 17 25 0.260
420 267 14 18 0.258
418 262 13 14 0.236
208 293 15 20 0.204
720 310 19 23 0.189
719 269 15 41 0.161
331 268 12 16 0.151
420 280 53 20 0.137
528 296 20 26 0.135
462 282 17 21 0.123
350 347 26 30 0.120
552 285 15 20 0.116
669 265 16 22 0.113
173 283 13 15 0.099
519 286 15 19 0.099
686 294 14 19 0.091
411 294 14 18 0.090
313 275 12 14 0.089
324 270 18 15 0.083
117 280 18 20 0.079
214 288 16 19 0.069
402 287 14 18 0.067
670 261 13 16 0.066
576 279 13 17 0.066
259 264 13 15 0.055
689 297 15 18 0.055
536 299 17 24 0.050
515 297 17 24 0.045
541 299 20 24 0.038
777 298 11 15 0.038
652 286 11 14 0.037
124 279 12 13 0.034
553 287 19 26 0.031
96 278 24 29 0.030
184 280 13 15 0.029
310 278 16 19 0.029
108 282 24 27 0.028
821 296 12 15 0.026
680 261 12 15 0.025
615 275 18 20 0.025
381 253 13 17 0.024
255 267 12 13 0.023
343 336 24 30 0.023
781 291 13 14 0.022
721 292 12 16 0.021
969 401 30 45 0.020
