2_Demonstration_Demonstrators_2_297
228
942 244 15 18 0.694
112 679 16 22 0.648
823 721 30 37 0.608
990 704 25 32 0.602
18 687 20 27 0.492
166 680 15 20 0.489
545 714 21 33 0.485
631 714 20 31 0.466
160 717 25 27 0.409
153 660 12 15 0.394
954 549 10 13 0.372
949 735 19 30 0.358
892 568 9 9 0.288
910 568 8 8 0.286
137 662 11 13 0.249
459 625 11 14 0.247
949 660 13 17 0.241
984 618 13 15 0.238
771 440 15 18 0.233
178 741 28 27 0.224
887 666 13 18 0.204
864 550 9 9 0.199
1008 237 14 20 0.191
20 702 21 24 0.186
818 573 8 9 0.182
677 636 9 10 0.177
96 684 32 19 0.176
399 753 38 15 0.175
101 657 11 13 0.170
95 684 16 20 0.170
906 670 18 19 0.164
189 672 13 15 0.161
285 627 8 12 0.157
72 683 16 21 0.156
531 655 11 14 0.154
67 684 18 21 0.148
812 481 12 13 0.148
573 645 10 14 0.147
78 664 12 14 0.145
507 654 10 12 0.133
136 661 27 13 0.130
522 665 13 17 0.129
360 653 11 14 0.118
923 639 13 17 0.117
444 618 9 9 0.115
273 713 25 33 0.114
599 645 10 13 0.111
391 625 9 12 0.109
311 615 8 9 0.108
572 692 13 22 0.103
312 651 10 13 0.101
823 687 13 21 0.100
134 674 11 16 0.100
118 625 10 11 0.098
888 672 20 21 0.096
60 689 13 18 0.092
204 643 10 11 0.091
44 747 27 21 0.089
1 717 13 28 0.088
875 699 14 18 0.088
891 564 11 18 0.087
913 671 18 18 0.087
727 629 9 11 0.086
630 634 10 11 0.085
267 661 12 14 0.083
333 643 11 14 0.082
847 553 8 10 0.082
912 567 9 10 0.079
172 640 11 13 0.076
105 639 11 14 0.075
142 637 11 11 0.075
853 580 8 9 0.075
48 662 12 14 0.074
419 730 26 24 0.071
471 645 18 21 0.071
846 661 14 19 0.069
818 618 8 10 0.069
991 674 20 20 0.068
693 634 10 9 0.066
529 660 12 16 0.066
569 644 15 12 0.066
790 616 8 9 0.066
183 669 14 17 0.065
118 680 22 20 0.064
886 669 41 20 0.064
13 643 10 10 0.064
992 620 14 14 0.062
319 722 24 33 0.062
572 627 8 10 0.062
714 648 11 12 0.062
427 612 9 10 0.062
952 551 10 11 0.061
197 630 9 10 0.060
613 646 15 14 0.059
615 675 15 22 0.059
225 628 10 12 0.059
120 624 11 17 0.059
306 660 18 14 0.058
74 675 21 33 0.058
518 668 11 15 0.057
477 648 19 19 0.056
355 648 17 24 0.056
900 578 11 14 0.055
349 668 16 21 0.055
438 618 17 10 0.054
361 635 12 13 0.053
330 641 11 13 0.052
199 627 10 16 0.052
764 579 9 9 0.051
146 636 12 12 0.051
463 646 15 19 0.051
303 660 12 15 0.051
898 653 12 14 0.050
435 663 16 21 0.050
28 647 9 11 0.049
201 635 11 20 0.049
758 631 10 10 0.049
312 616 10 11 0.049
731 702 16 25 0.048
543 634 10 12 0.047
315 660 11 13 0.046
102 715 15 23 0.046
788 621 9 14 0.046
597 649 18 9 0.046
311 627 9 18 0.045
299 735 21 24 0.045
792 614 7 9 0.045
162 683 15 19 0.045
309 654 14 16 0.045
472 633 14 15 0.044
499 656 12 15 0.044
548 694 15 25 0.043
461 633 29 33 0.043
374 633 12 12 0.043
674 606 8 9 0.043
336 642 13 15 0.041
113 651 13 15 0.041
812 729 30 34 0.041
306 727 34 31 0.040
275 719 31 32 0.039
688 645 11 13 0.039
691 633 10 19 0.039
815 604 9 12 0.038
517 627 9 19 0.038
735 582 8 9 0.038
908 566 11 13 0.038
718 629 20 11 0.038
734 646 10 11 0.037
784 622 10 13 0.037
219 627 17 13 0.037
857 632 10 14 0.037
820 654 11 14 0.037
55 619 9 9 0.037
90 654 23 14 0.036
627 633 10 25 0.035
777 725 15 27 0.035
848 614 9 12 0.035
248 637 8 9 0.035
996 748 16 20 0.035
737 642 11 14 0.035
130 647 15 20 0.034
876 686 16 35 0.033
867 550 7 9 0.033
717 622 9 10 0.033
446 691 17 20 0.033
800 555 8 9 0.033
1015 680 9 24 0.032
3 708 22 27 0.032
312 630 8 34 0.032
624 645 12 14 0.032
103 623 10 12 0.031
559 665 11 13 0.031
393 654 10 13 0.030
394 625 8 9 0.030
176 645 11 13 0.030
277 704 19 29 0.030
824 558 7 9 0.030
774 680 14 18 0.030
26 676 15 24 0.030
236 645 10 13 0.030
606 673 14 22 0.029
1 636 7 9 0.029
568 626 9 9 0.028
462 627 12 39 0.028
29 639 9 9 0.028
137 684 13 18 0.027
997 671 17 18 0.027
49 636 11 10 0.027
990 672 13 17 0.027
989 541 10 13 0.027
28 639 10 22 0.026
888 660 12 15 0.026
216 624 14 12 0.026
382 636 14 13 0.026
803 576 8 12 0.026
685 648 10 10 0.025
1010 673 13 27 0.025
1018 533 6 11 0.025
258 655 13 16 0.025
194 671 15 18 0.024
833 594 9 9 0.024
285 724 28 31 0.024
782 614 15 20 0.024
886 677 14 22 0.024
731 628 10 30 0.024
433 656 13 17 0.024
823 653 12 13 0.023
768 595 10 11 0.023
776 589 10 10 0.023
25 688 16 23 0.023
643 644 10 11 0.023
441 668 18 21 0.023
152 635 12 12 0.023
438 619 11 25 0.022
817 598 9 23 0.022
192 643 11 12 0.022
108 635 24 22 0.022
780 546 7 9 0.022
992 542 17 12 0.021
798 483 12 13 0.021
66 638 16 11 0.021
42 628 9 20 0.021
90 689 15 24 0.021
364 636 26 12 0.020
310 628 24 17 0.020
29 649 13 13 0.020
501 633 10 21 0.020
4 643 19 11 0.020
