2_Demonstration_Demonstration_Or_Protest_2_603
965
353 511 12 16 0.806
49 580 15 19 0.766
298 531 14 17 0.765
871 553 14 18 0.758
252 496 15 19 0.757
477 516 14 18 0.756
718 516 13 16 0.752
813 559 15 19 0.749
978 522 14 18 0.749
658 480 12 14 0.748
186 328 11 14 0.747
215 433 14 18 0.747
1013 600 11 19 0.746
438 506 12 16 0.745
226 490 14 17 0.743
238 570 13 18 0.741
322 520 13 16 0.740
25 544 15 17 0.736
191 413 12 15 0.736
290 597 15 20 0.735
319 503 14 17 0.735
172 383 12 14 0.734
721 486 13 16 0.733
477 491 13 16 0.732
977 456 12 16 0.725
896 499 12 16 0.724
271 372 13 17 0.722
154 534 14 16 0.722
537 502 19 23 0.721
113 587 15 20 0.719
137 512 14 17 0.717
165 560 15 18 0.710
38 475 13 16 0.709
115 533 14 17 0.704
38 367 11 13 0.703
81 537 17 21 0.702
873 526 14 15 0.699
914 448 13 16 0.691
22 486 14 19 0.690
15 438 13 16 0.685
377 550 14 16 0.683
183 516 14 17 0.683
12 335 11 14 0.680
255 344 9 11 0.672
791 423 12 15 0.669
996 565 16 19 0.665
957 577 13 18 0.664
95 439 12 15 0.664
380 592 13 15 0.663
355 554 13 17 0.662
166 590 13 16 0.661
443 527 13 15 0.659
56 518 13 16 0.656
788 500 13 17 0.654
36 610 16 20 0.649
81 400 12 16 0.649
905 560 13 18 0.647
850 513 13 16 0.646
781 541 13 17 0.644
760 533 13 16 0.643
202 380 12 15 0.643
759 435 12 15 0.642
428 597 13 16 0.642
286 511 14 16 0.636
308 559 13 16 0.632
352 267 9 10 0.631
561 538 14 16 0.631
610 532 15 17 0.631
229 527 13 16 0.626
414 282 8 11 0.621
347 478 14 16 0.621
374 267 9 10 0.621
762 489 11 14 0.616
681 314 11 13 0.616
578 483 13 16 0.613
330 342 9 12 0.610
45 248 9 11 0.603
76 289 9 11 0.601
234 511 12 14 0.601
48 395 12 14 0.599
20 251 9 11 0.598
592 449 12 14 0.597
69 365 11 13 0.591
524 529 13 15 0.588
259 270 10 13 0.588
287 272 10 11 0.586
91 303 10 12 0.580
69 610 18 19 0.576
302 469 13 17 0.573
512 489 14 17 0.573
119 407 12 14 0.568
715 434 12 14 0.553
531 449 12 15 0.548
218 557 13 16 0.542
810 525 14 16 0.539
820 491 13 15 0.539
91 330 10 11 0.531
512 419 12 14 0.528
353 323 8 10 0.521
270 548 14 16 0.521
344 228 9 9 0.520
104 567 16 19 0.520
131 357 12 15 0.518
133 619 14 17 0.515
73 493 13 16 0.505
19 233 9 10 0.504
295 188 8 9 0.501
129 454 14 16 0.496
482 465 12 16 0.495
128 309 10 12 0.492
50 357 9 12 0.491
600 434 11 14 0.490
625 265 9 10 0.483
211 526 13 16 0.482
139 336 10 12 0.480
133 455 14 16 0.478
247 259 9 10 0.478
248 276 10 12 0.471
959 323 11 13 0.471
387 462 11 14 0.465
644 487 12 14 0.463
1012 389 11 15 0.463
674 413 12 14 0.458
486 548 12 16 0.457
241 554 12 15 0.446
58 323 10 12 0.446
284 569 12 15 0.444
718 247 9 11 0.443
259 184 8 9 0.437
1004 325 10 11 0.432
173 328 10 12 0.430
771 385 11 13 0.427
661 395 12 14 0.420
611 223 9 10 0.419
331 163 8 9 0.417
331 185 6 7 0.411
309 353 9 11 0.406
616 424 11 13 0.406
6 221 8 10 0.402
177 490 14 16 0.398
222 321 9 11 0.396
329 624 14 13 0.394
527 394 13 14 0.392
280 414 13 16 0.390
37 303 9 11 0.388
322 219 9 10 0.384
409 131 6 8 0.382
171 224 8 10 0.381
661 219 8 10 0.381
119 485 13 16 0.378
939 437 11 13 0.377
377 620 13 15 0.375
544 479 12 14 0.374
178 308 9 10 0.370
651 482 17 16 0.363
654 588 15 17 0.361
501 475 12 14 0.359
773 462 10 13 0.357
595 236 9 11 0.356
99 222 9 10 0.347
549 377 10 12 0.346
28 316 10 12 0.345
844 407 10 13 0.341
392 188 8 9 0.338
881 426 10 13 0.332
338 205 8 8 0.321
179 173 8 9 0.315
852 423 10 13 0.313
652 319 10 11 0.313
311 191 7 8 0.304
872 201 9 11 0.303
52 163 7 9 0.303
899 189 7 9 0.301
302 585 13 16 0.299
647 223 8 10 0.295
85 481 11 16 0.282
108 316 9 11 0.280
422 188 8 9 0.280
721 211 9 10 0.279
33 419 11 15 0.279
910 330 11 12 0.279
353 133 7 8 0.274
647 334 10 12 0.273
500 490 14 16 0.273
954 260 10 13 0.271
776 513 12 14 0.269
663 264 9 10 0.268
631 227 8 9 0.268
484 173 8 10 0.266
815 260 9 11 0.263
128 322 12 14 0.263
706 369 11 14 0.260
996 266 11 12 0.258
370 202 7 8 0.258
25 195 7 9 0.251
138 194 8 10 0.250
392 145 6 8 0.249
685 491 12 15 0.249
351 468 12 16 0.248
10 519 11 16 0.243
39 223 10 10 0.241
56 292 9 12 0.240
321 505 14 30 0.240
563 178 8 8 0.239
279 424 13 16 0.239
467 456 11 15 0.239
907 269 10 11 0.238
735 392 12 14 0.237
564 134 8 9 0.237
43 180 7 9 0.234
316 415 12 15 0.233
313 145 8 9 0.233
89 215 8 10 0.228
911 211 10 11 0.228
697 227 7 9 0.226
383 132 7 9 0.225
677 192 7 8 0.222
525 162 8 9 0.222
663 202 7 9 0.220
195 598 12 15 0.219
121 181 8 9 0.217
1 170 7 8 0.216
167 170 8 9 0.216
359 191 8 9 0.215
770 224 8 10 0.215
535 184 8 9 0.214
678 236 8 12 0.214
128 309 9 28 0.213
236 555 13 15 0.212
23 177 8 8 0.211
392 184 8 10 0.211
714 190 8 10 0.210
256 163 9 9 0.209
21 159 7 8 0.208
652 304 9 11 0.208
895 191 9 10 0.207
348 470 14 17 0.206
958 209 9 9 0.205
283 351 10 12 0.204
581 387 11 14 0.204
683 354 10 15 0.204
18 241 10 15 0.199
748 414 10 13 0.198
810 200 11 12 0.196
307 244 9 10 0.195
882 237 10 11 0.194
451 441 12 14 0.193
614 477 12 14 0.189
39 396 13 15 0.189
1004 309 10 12 0.189
31 265 9 11 0.188
44 150 7 9 0.188
35 303 10 14 0.187
309 236 9 11 0.186
370 117 7 8 0.186
327 372 9 13 0.185
293 220 9 9 0.185
353 554 26 16 0.185
442 518 13 29 0.184
430 155 7 9 0.183
638 152 7 8 0.182
512 184 8 9 0.182
141 169 8 10 0.181
982 611 12 17 0.177
651 324 10 13 0.176
600 159 8 9 0.175
217 557 29 15 0.175
604 198 8 10 0.174
199 378 12 32 0.174
74 326 8 10 0.174
678 240 9 11 0.173
36 393 12 14 0.172
892 264 9 12 0.170
997 215 10 11 0.167
105 205 8 9 0.167
794 280 10 11 0.166
381 590 12 29 0.166
0 429 7 14 0.164
657 222 9 11 0.163
470 436 11 12 0.161
171 216 10 11 0.161
741 219 9 11 0.161
741 357 10 13 0.160
217 612 13 16 0.160
777 505 20 17 0.160
36 211 10 12 0.160
618 181 7 9 0.159
207 526 41 16 0.158
716 229 8 10 0.153
509 157 10 9 0.153
434 185 9 9 0.153
626 462 13 16 0.152
794 208 10 11 0.152
112 163 9 10 0.151
366 307 8 11 0.151
947 287 9 11 0.150
814 265 10 17 0.150
588 219 8 10 0.149
980 215 9 9 0.149
274 170 7 9 0.148
823 519 13 15 0.147
720 244 11 11 0.147
456 151 8 10 0.147
69 165 8 10 0.146
137 459 12 14 0.146
660 169 9 9 0.145
127 130 8 9 0.145
651 269 9 10 0.145
710 265 9 11 0.145
164 616 14 18 0.143
276 177 8 9 0.143
310 160 8 9 0.142
44 361 12 15 0.142
262 213 7 9 0.142
1017 283 7 10 0.141
507 78 7 8 0.141
943 247 10 11 0.141
302 132 7 9 0.141
712 379 11 15 0.141
770 539 26 19 0.141
413 84 6 9 0.140
791 181 8 10 0.139
368 316 9 11 0.139
127 312 11 15 0.139
164 594 16 21 0.139
1006 372 11 13 0.138
942 330 10 12 0.138
285 466 12 14 0.137
914 209 9 10 0.136
402 172 8 13 0.134
93 137 7 10 0.134
126 554 13 17 0.134
120 320 16 13 0.133
659 266 9 9 0.132
260 139 7 9 0.132
423 120 7 9 0.132
749 229 8 11 0.132
169 213 9 9 0.132
384 216 9 11 0.131
100 310 12 14 0.131
764 163 8 9 0.131
229 621 14 15 0.130
772 226 8 11 0.129
349 146 7 16 0.128
117 403 12 17 0.128
412 158 7 13 0.127
137 311 10 11 0.127
224 482 15 44 0.127
220 139 8 9 0.126
293 349 11 12 0.126
593 206 10 10 0.125
608 222 11 15 0.125
526 111 6 9 0.125
696 468 11 14 0.123
880 166 8 10 0.122
628 248 9 10 0.122
453 164 8 8 0.122
628 299 10 13 0.121
348 500 17 30 0.121
443 116 8 9 0.121
814 176 9 11 0.121
615 447 12 15 0.120
88 161 8 11 0.119
970 310 12 13 0.118
649 220 21 10 0.118
85 195 9 11 0.118
139 583 14 17 0.118
953 259 16 13 0.118
804 156 7 9 0.116
26 193 8 14 0.116
983 130 8 7 0.116
133 354 11 14 0.116
838 254 10 12 0.116
254 164 8 9 0.115
344 429 15 15 0.115
282 146 10 9 0.114
978 146 8 10 0.114
982 188 8 9 0.113
291 446 12 15 0.112
713 518 15 17 0.112
468 460 21 15 0.111
896 207 9 11 0.111
1 194 6 10 0.111
978 214 8 8 0.111
139 196 9 12 0.110
794 187 9 17 0.108
600 201 10 13 0.108
700 202 8 10 0.107
278 412 13 14 0.106
912 376 12 13 0.105
65 324 15 11 0.104
108 561 23 17 0.104
274 162 6 25 0.103
674 174 8 14 0.103
906 240 10 11 0.102
354 463 12 16 0.101
333 541 12 15 0.101
765 428 46 16 0.100
244 318 8 10 0.100
199 166 9 12 0.099
616 354 11 11 0.099
742 378 12 15 0.098
408 514 12 15 0.098
70 226 8 10 0.098
930 181 8 10 0.098
971 257 10 12 0.097
681 411 12 14 0.097
794 178 9 14 0.097
903 249 9 14 0.096
707 368 13 22 0.096
767 220 9 10 0.096
619 450 13 14 0.096
942 249 10 15 0.095
551 143 7 16 0.095
766 527 15 18 0.095
87 199 8 10 0.094
843 310 10 12 0.094
591 209 8 22 0.094
338 21 7 8 0.093
896 421 11 14 0.093
250 257 8 33 0.092
461 533 12 14 0.092
996 442 12 15 0.091
113 519 15 56 0.091
783 201 12 11 0.090
219 615 16 16 0.090
935 230 11 10 0.090
160 152 13 10 0.090
537 137 9 20 0.089
235 173 9 10 0.089
578 183 7 12 0.088
137 169 17 10 0.088
598 427 34 15 0.088
58 297 8 11 0.088
163 171 21 8 0.088
511 176 8 20 0.087
152 530 14 18 0.087
814 270 13 15 0.086
263 188 16 7 0.086
384 111 8 8 0.086
549 164 13 9 0.086
910 486 12 16 0.085
441 112 9 17 0.085
182 492 11 15 0.084
740 162 8 11 0.084
949 233 14 9 0.084
787 196 11 13 0.084
638 208 15 10 0.083
849 414 12 27 0.083
341 430 11 14 0.083
651 358 10 12 0.083
732 233 9 17 0.083
810 174 12 15 0.082
361 134 7 27 0.082
139 313 12 12 0.082
1003 319 12 16 0.081
135 554 33 17 0.081
636 449 13 15 0.079
253 116 7 13 0.079
20 152 8 22 0.079
254 267 13 19 0.079
60 107 7 9 0.079
549 189 10 9 0.079
67 164 17 9 0.078
372 216 17 10 0.078
391 149 9 17 0.078
423 134 8 20 0.078
221 195 8 9 0.077
897 252 10 16 0.077
438 132 7 20 0.077
79 490 13 17 0.077
325 124 8 14 0.077
596 424 33 12 0.077
115 155 8 25 0.077
810 190 10 25 0.076
50 127 8 9 0.076
328 479 13 16 0.075
451 141 10 20 0.075
369 115 16 8 0.075
326 318 9 11 0.075
452 485 11 13 0.074
593 508 11 15 0.074
912 497 12 15 0.074
216 107 7 9 0.073
29 307 12 20 0.073
274 627 14 10 0.073
450 442 20 16 0.073
197 172 12 10 0.072
337 79 6 19 0.072
1013 204 9 12 0.072
492 551 16 17 0.072
980 149 9 10 0.072
196 162 11 19 0.071
793 448 12 14 0.071
201 208 8 10 0.071
174 488 13 17 0.071
618 428 12 14 0.070
1002 252 9 10 0.070
882 167 8 10 0.070
109 233 9 11 0.070
387 308 8 10 0.070
595 428 14 39 0.070
1 497 9 16 0.069
895 152 9 8 0.069
219 101 6 18 0.069
586 448 13 16 0.069
310 191 8 17 0.069
618 152 6 17 0.068
247 372 11 16 0.068
110 394 13 16 0.067
283 418 13 16 0.067
983 185 9 14 0.067
39 398 67 14 0.067
500 114 7 24 0.067
152 187 8 11 0.067
524 395 11 13 0.066
222 194 13 9 0.066
11 271 9 11 0.066
454 143 7 26 0.065
812 392 11 12 0.065
130 151 11 19 0.065
74 330 31 10 0.064
250 181 18 11 0.064
275 112 7 20 0.064
630 453 14 17 0.063
521 185 25 8 0.063
537 176 7 31 0.063
1001 129 8 9 0.063
668 577 16 16 0.063
1016 159 8 12 0.062
743 219 11 19 0.062
112 152 8 18 0.062
930 224 9 14 0.062
990 263 11 13 0.062
233 530 17 18 0.062
654 188 9 15 0.061
234 619 14 16 0.061
855 444 12 17 0.061
536 197 8 10 0.061
110 229 11 12 0.061
982 238 10 10 0.060
1019 463 5 15 0.060
354 598 11 14 0.060
207 606 27 22 0.059
616 450 26 15 0.059
677 164 6 35 0.059
1008 377 12 17 0.059
996 219 9 11 0.059
26 113 7 8 0.058
718 216 33 9 0.058
519 85 6 25 0.058
392 266 8 10 0.058
545 157 10 21 0.058
991 446 12 17 0.058
709 253 10 26 0.057
375 113 25 8 0.057
227 311 8 10 0.057
511 4 8 8 0.057
701 526 11 15 0.057
599 390 11 13 0.057
651 203 24 9 0.057
209 333 8 10 0.057
349 104 7 13 0.056
737 236 13 12 0.056
962 172 9 10 0.056
689 267 16 10 0.056
875 308 9 11 0.056
48 200 9 11 0.056
557 100 7 23 0.056
312 413 12 15 0.056
900 239 14 22 0.055
305 219 27 10 0.055
456 438 18 25 0.055
579 192 7 22 0.054
980 216 30 10 0.054
0 531 6 17 0.054
1018 243 6 12 0.054
707 348 11 13 0.054
304 189 28 7 0.053
119 217 8 22 0.053
918 170 14 9 0.053
37 369 12 21 0.053
991 329 10 11 0.053
660 216 18 23 0.052
361 265 10 11 0.052
127 95 7 20 0.052
748 409 10 14 0.052
881 219 21 11 0.052
161 209 9 10 0.052
499 156 21 11 0.051
955 229 21 10 0.051
866 210 8 20 0.051
147 514 13 17 0.051
693 247 13 11 0.051
912 178 10 15 0.051
90 196 7 30 0.051
229 188 12 16 0.051
859 241 10 16 0.051
503 199 8 16 0.051
104 193 10 21 0.050
699 204 16 10 0.050
473 3 7 14 0.050
623 291 10 14 0.050
738 158 9 19 0.050
537 378 47 12 0.050
137 159 11 22 0.050
77 610 15 18 0.049
806 278 18 13 0.049
249 79 6 23 0.049
686 249 9 21 0.049
144 206 9 10 0.049
806 144 6 33 0.049
532 510 18 19 0.048
897 416 11 13 0.048
895 205 10 28 0.048
371 0 7 6 0.048
838 253 23 13 0.048
855 250 11 18 0.048
201 152 9 17 0.048
86 154 9 14 0.047
673 315 17 13 0.047
121 216 8 10 0.047
594 421 11 14 0.046
519 91 7 13 0.046
717 433 18 13 0.046
659 168 17 11 0.045
702 448 11 15 0.045
273 366 12 40 0.045
501 101 7 41 0.045
255 541 12 14 0.045
676 268 23 10 0.045
888 147 7 8 0.045
128 120 8 36 0.045
965 145 12 8 0.044
793 189 8 33 0.044
578 181 7 29 0.044
377 152 11 26 0.044
226 143 8 23 0.044
89 145 7 32 0.044
377 93 5 41 0.044
237 201 8 11 0.044
1018 459 6 37 0.044
155 553 16 19 0.044
333 82 12 17 0.043
1017 186 7 11 0.043
471 151 25 11 0.043
183 115 6 33 0.043
804 202 16 15 0.043
744 379 18 14 0.043
61 300 9 12 0.043
120 127 18 15 0.043
311 419 36 16 0.042
144 335 10 13 0.042
756 111 7 9 0.042
708 385 11 18 0.042
999 350 11 13 0.042
237 218 15 10 0.042
676 193 8 18 0.042
596 405 11 13 0.042
125 618 54 16 0.041
144 110 8 11 0.041
848 229 14 13 0.041
984 231 9 20 0.041
1 436 8 15 0.041
172 94 6 32 0.041
846 159 10 17 0.040
420 87 19 8 0.040
445 185 10 9 0.040
149 554 15 18 0.040
463 441 27 45 0.040
489 128 6 34 0.040
273 166 9 31 0.040
327 333 9 22 0.040
71 357 11 21 0.040
853 259 11 13 0.040
934 185 8 21 0.040
973 240 17 10 0.040
406 201 10 11 0.040
381 456 11 14 0.040
661 389 12 17 0.040
946 476 11 15 0.040
306 314 9 11 0.040
92 293 9 71 0.039
504 556 11 13 0.039
470 4 8 10 0.039
278 348 14 12 0.039
389 129 8 36 0.039
519 142 28 10 0.039
423 457 12 11 0.039
148 166 26 10 0.039
592 501 11 19 0.038
390 211 10 12 0.038
525 106 8 25 0.038
348 438 13 16 0.038
476 184 9 9 0.038
1004 251 11 12 0.038
739 372 11 60 0.038
784 140 8 15 0.038
835 260 12 14 0.038
516 118 6 32 0.037
591 128 7 28 0.037
350 93 6 31 0.037
577 2 7 10 0.037
406 509 13 20 0.037
310 457 11 15 0.037
504 67 8 22 0.037
225 576 16 18 0.037
962 205 10 32 0.037
937 262 10 23 0.036
616 177 10 30 0.036
402 621 10 13 0.036
715 243 14 20 0.036
77 343 11 13 0.036
94 128 10 32 0.036
121 227 8 10 0.036
292 343 10 11 0.035
848 407 9 13 0.035
638 173 17 11 0.035
487 10 7 8 0.035
593 123 6 29 0.035
393 282 11 11 0.035
704 156 6 31 0.035
766 198 17 11 0.035
522 182 19 15 0.035
147 342 10 13 0.035
895 149 9 21 0.034
935 138 8 8 0.034
1004 291 10 13 0.034
815 187 11 18 0.034
904 166 25 11 0.034
1001 127 7 8 0.034
233 195 10 16 0.034
412 462 13 13 0.034
1014 204 8 20 0.034
64 184 11 11 0.034
169 134 15 19 0.034
145 316 8 10 0.034
299 435 12 14 0.034
648 315 11 33 0.034
975 296 10 12 0.034
174 151 26 10 0.034
43 226 7 10 0.034
422 187 13 12 0.034
1004 130 9 9 0.033
934 163 12 16 0.033
62 94 7 32 0.033
224 311 13 14 0.033
394 171 13 28 0.033
533 398 13 13 0.033
314 135 6 39 0.033
898 187 22 10 0.033
262 207 10 13 0.033
187 188 9 11 0.033
791 430 13 28 0.033
492 184 14 11 0.033
865 214 23 12 0.033
984 204 8 24 0.033
706 269 11 11 0.033
95 84 7 9 0.032
114 392 10 14 0.032
312 587 17 17 0.032
465 100 7 42 0.032
507 135 24 13 0.032
32 426 12 16 0.032
289 506 13 15 0.032
387 201 9 25 0.032
940 280 13 14 0.032
504 428 12 14 0.032
715 409 16 12 0.032
765 178 13 14 0.032
428 0 6 3 0.032
407 465 11 14 0.032
542 433 11 14 0.031
793 120 7 30 0.031
365 216 17 10 0.031
283 575 12 17 0.031
570 540 12 14 0.031
953 563 12 16 0.031
116 97 5 44 0.031
589 175 17 14 0.031
231 169 13 29 0.031
397 467 18 12 0.031
128 296 20 68 0.031
484 114 20 17 0.030
20 194 11 13 0.030
894 162 22 12 0.030
97 175 9 20 0.030
856 227 17 15 0.030
147 207 24 11 0.030
110 203 21 12 0.030
239 616 14 17 0.030
578 406 10 15 0.030
113 148 13 26 0.030
933 140 13 11 0.030
290 435 18 22 0.030
1017 146 6 30 0.030
369 123 17 23 0.030
574 201 8 10 0.029
372 176 19 11 0.029
241 442 12 16 0.029
38 557 48 80 0.029
244 257 9 12 0.029
263 55 7 11 0.029
842 260 19 12 0.029
376 452 11 14 0.029
152 172 8 33 0.029
157 145 8 31 0.029
711 405 11 13 0.028
139 85 7 8 0.028
438 117 6 32 0.028
411 525 12 15 0.028
892 221 15 23 0.028
814 255 12 23 0.028
914 426 10 13 0.028
657 427 11 15 0.028
935 194 9 26 0.028
500 204 8 10 0.028
651 379 20 15 0.028
530 443 11 14 0.028
534 122 22 19 0.028
710 175 8 28 0.028
342 224 11 17 0.028
37 220 12 16 0.028
33 616 18 20 0.028
31 391 11 13 0.027
804 154 15 34 0.027
841 232 10 12 0.027
386 154 8 35 0.027
643 123 6 34 0.027
217 317 9 13 0.027
275 106 5 47 0.027
711 384 13 20 0.027
99 181 14 17 0.027
714 212 9 19 0.027
769 223 12 17 0.026
405 485 12 14 0.026
33 301 10 11 0.026
68 148 7 31 0.026
918 176 21 17 0.026
370 127 12 33 0.026
623 285 9 12 0.026
855 451 14 24 0.026
908 334 12 14 0.026
628 181 11 29 0.026
392 261 8 12 0.026
846 150 12 26 0.026
92 215 11 16 0.026
103 224 13 14 0.026
487 110 8 43 0.026
286 35 8 9 0.026
256 148 11 31 0.025
906 424 17 13 0.025
689 248 15 28 0.025
978 183 14 13 0.025
403 173 23 24 0.025
349 609 13 16 0.025
425 116 10 37 0.025
823 490 17 16 0.025
428 17 8 31 0.025
404 112 23 21 0.025
549 127 25 16 0.025
14 126 10 10 0.025
121 359 17 14 0.025
234 89 7 39 0.025
568 360 10 14 0.025
352 441 11 19 0.025
503 87 7 43 0.025
940 193 9 11 0.025
43 289 12 11 0.025
154 118 8 41 0.025
610 469 47 25 0.025
491 137 29 13 0.025
635 253 9 14 0.024
707 355 26 56 0.024
800 310 10 12 0.024
673 400 14 12 0.024
498 486 12 15 0.024
936 430 12 14 0.024
294 128 16 24 0.024
1015 476 9 18 0.024
779 137 16 17 0.024
337 427 13 14 0.024
521 202 18 10 0.024
751 394 12 14 0.024
769 146 7 36 0.024
138 132 19 31 0.023
936 152 8 24 0.023
752 233 11 12 0.023
410 0 7 5 0.023
218 583 14 17 0.023
676 268 10 18 0.023
250 107 10 28 0.023
293 157 14 13 0.023
842 173 12 11 0.023
373 219 10 10 0.023
186 100 5 45 0.023
711 259 12 15 0.023
330 104 8 28 0.023
961 575 13 18 0.023
51 178 9 31 0.023
701 426 14 16 0.023
716 175 10 28 0.023
466 182 9 9 0.023
393 278 8 11 0.023
505 65 5 41 0.023
479 69 8 30 0.023
1001 266 13 15 0.023
310 240 13 11 0.023
159 73 6 24 0.023
387 0 7 6 0.023
391 273 43 22 0.023
944 390 11 13 0.023
768 180 9 32 0.023
664 189 23 20 0.023
705 137 9 42 0.023
97 82 7 7 0.022
740 185 16 20 0.022
408 123 18 31 0.022
741 203 11 27 0.022
499 152 15 31 0.022
733 184 16 23 0.022
68 136 10 26 0.022
1000 263 10 25 0.022
1016 184 7 24 0.022
362 152 11 23 0.022
635 364 12 15 0.022
132 113 32 8 0.022
476 110 18 25 0.022
125 328 11 15 0.022
854 437 14 33 0.022
327 618 14 16 0.022
901 270 11 15 0.022
482 144 17 28 0.022
364 150 23 20 0.022
613 10 9 7 0.022
114 503 61 63 0.022
942 242 17 28 0.022
916 269 22 11 0.022
656 581 15 19 0.022
618 427 20 68 0.021
905 160 12 16 0.021
669 145 12 32 0.021
985 274 11 14 0.021
304 523 24 19 0.021
829 540 14 16 0.021
509 155 23 25 0.021
592 236 11 14 0.021
640 125 6 45 0.021
199 207 10 15 0.021
391 558 22 17 0.021
177 350 11 13 0.021
796 160 15 28 0.020
217 194 9 10 0.020
639 366 14 23 0.020
657 128 7 35 0.020
503 209 9 10 0.020
43 218 8 12 0.020
439 0 9 5 0.020
870 193 12 29 0.020
454 542 13 16 0.020
549 141 9 38 0.020
587 190 28 14 0.020
206 76 11 25 0.020
119 98 15 20 0.020
59 102 7 30 0.020
