2_Demonstration_Political_Rally_2_418
129
840 188 117 142 0.872
379 265 100 123 0.870
59 271 156 188 0.868
545 208 69 77 0.855
334 147 50 61 0.846
748 119 36 41 0.846
431 134 40 50 0.844
503 138 54 59 0.841
276 541 193 142 0.834
202 157 73 82 0.824
679 149 29 39 0.824
870 133 34 41 0.819
823 170 49 62 0.784
59 141 32 35 0.782
286 181 44 55 0.769
674 108 25 32 0.736
846 107 29 33 0.735
975 103 26 28 0.728
765 231 62 66 0.721
184 236 79 101 0.718
282 116 24 30 0.714
919 113 22 24 0.714
630 127 27 35 0.702
383 125 29 34 0.642
1002 84 22 30 0.581
950 225 58 77 0.567
194 132 35 44 0.555
545 117 19 21 0.521
900 125 22 30 0.486
717 93 24 29 0.484
137 171 36 48 0.480
766 101 20 22 0.452
35 115 19 22 0.442
84 111 16 20 0.420
484 145 24 28 0.409
0 255 34 85 0.398
551 91 14 17 0.356
134 126 18 23 0.351
0 178 15 47 0.345
493 106 14 16 0.336
506 118 15 17 0.297
12 165 33 38 0.295
943 97 21 30 0.241
91 139 23 31 0.230
74 178 30 37 0.193
145 105 18 21 0.192
485 145 33 41 0.180
168 102 14 17 0.166
796 124 29 32 0.156
251 109 16 20 0.156
718 89 19 22 0.141
1 102 14 21 0.139
965 95 24 30 0.121
208 108 18 18 0.098
758 86 19 19 0.094
329 105 20 23 0.090
835 135 28 34 0.087
430 112 20 21 0.080
3 101 19 19 0.080
134 129 25 32 0.076
65 146 37 58 0.074
964 81 19 19 0.074
8 99 19 18 0.072
949 93 30 29 0.065
226 103 16 18 0.065
460 107 16 18 0.064
139 104 44 22 0.060
137 186 43 49 0.057
276 191 44 54 0.056
918 155 25 28 0.055
88 180 23 31 0.054
189 103 16 18 0.054
803 234 41 63 0.054
351 94 17 16 0.053
937 87 22 29 0.052
66 188 33 37 0.051
369 96 14 16 0.050
731 92 67 24 0.049
652 89 18 18 0.047
253 306 52 67 0.044
106 101 14 16 0.044
331 92 19 27 0.043
1 151 13 24 0.042
169 133 17 20 0.042
636 90 30 21 0.041
353 96 23 16 0.041
22 111 24 23 0.040
166 100 28 18 0.040
406 91 17 17 0.039
10 127 18 20 0.038
267 96 14 17 0.038
72 96 16 17 0.037
311 117 16 22 0.037
214 101 18 21 0.035
196 138 24 30 0.034
28 176 28 32 0.034
892 83 21 25 0.034
445 109 23 18 0.033
132 150 28 36 0.033
987 304 36 45 0.032
0 153 20 28 0.032
526 101 14 17 0.032
128 96 14 17 0.031
198 119 23 27 0.031
135 104 16 22 0.030
14 107 37 23 0.029
502 113 21 24 0.029
800 88 22 26 0.029
61 199 27 38 0.028
629 92 27 21 0.027
108 176 26 37 0.026
789 120 28 29 0.026
201 98 24 19 0.026
625 89 18 20 0.025
257 100 21 19 0.025
685 210 38 48 0.024
353 101 14 18 0.023
3 128 19 23 0.023
306 99 15 16 0.023
5 122 23 35 0.023
67 106 17 19 0.022
38 111 22 22 0.022
393 91 25 16 0.022
201 94 12 12 0.022
384 93 15 14 0.022
471 102 16 18 0.021
456 106 54 17 0.021
167 103 52 20 0.020
822 142 39 61 0.020
