2_Demonstration_Protesters_2_791
59
504 428 14 16 0.743
808 315 15 18 0.487
666 208 10 12 0.486
270 326 12 14 0.413
808 236 12 14 0.409
228 380 12 14 0.399
761 328 12 14 0.379
599 219 10 11 0.372
362 251 9 10 0.370
467 220 9 10 0.357
631 341 11 12 0.288
861 240 12 14 0.241
644 169 9 11 0.241
390 252 9 11 0.194
536 246 12 13 0.180
498 304 13 15 0.175
176 261 13 15 0.175
456 272 11 13 0.124
291 228 8 10 0.123
656 134 10 11 0.087
536 170 8 10 0.086
16 141 12 14 0.077
346 193 8 9 0.072
454 179 9 10 0.072
227 384 12 15 0.066
255 206 10 10 0.059
395 258 9 11 0.057
565 151 10 10 0.054
655 130 9 10 0.050
576 161 10 11 0.050
419 245 11 13 0.049
585 312 11 13 0.045
706 200 14 14 0.044
597 318 12 13 0.042
813 118 10 11 0.037
585 312 20 15 0.037
567 154 12 12 0.036
229 376 11 13 0.035
360 253 7 9 0.033
902 208 11 15 0.032
448 291 10 10 0.032
600 74 9 9 0.031
812 115 10 12 0.030
617 168 10 11 0.030
644 163 14 13 0.029
388 247 9 11 0.028
851 90 10 12 0.027
929 100 8 10 0.026
894 100 9 10 0.026
865 113 9 11 0.026
232 379 11 13 0.025
20 137 13 16 0.024
403 193 8 10 0.023
806 315 12 15 0.022
713 183 11 14 0.022
1015 50 9 12 0.021
950 90 10 13 0.020
286 121 8 8 0.020
498 309 11 15 0.020
