2_Demonstration_Political_Rally_2_487
184
453 20 23 28 0.821
759 149 19 24 0.813
916 174 24 31 0.781
266 159 20 24 0.776
568 189 23 26 0.775
395 149 27 31 0.772
660 186 22 25 0.767
852 106 22 24 0.760
898 102 20 25 0.758
789 96 20 25 0.758
824 99 19 24 0.757
950 120 24 31 0.757
246 164 22 24 0.751
623 190 21 24 0.750
699 197 22 18 0.750
835 169 21 26 0.745
279 189 24 25 0.740
802 152 20 24 0.731
794 180 18 24 0.729
729 157 21 22 0.729
635 157 20 22 0.727
308 121 17 20 0.726
240 124 18 20 0.725
208 172 22 26 0.714
769 121 18 21 0.702
678 124 16 19 0.702
741 119 20 23 0.687
166 120 22 30 0.680
728 126 15 19 0.677
761 98 17 19 0.673
972 78 20 28 0.667
92 1 20 24 0.655
281 137 14 16 0.652
871 85 19 24 0.642
211 128 17 20 0.628
934 85 19 24 0.594
597 132 15 18 0.572
351 133 13 15 0.568
929 63 14 18 0.565
615 128 14 18 0.556
934 140 20 24 0.547
775 168 22 27 0.523
645 127 14 17 0.523
230 143 15 17 0.504
496 174 23 24 0.442
701 129 15 16 0.425
254 141 15 16 0.378
1014 98 10 28 0.374
505 130 19 21 0.363
784 154 15 21 0.318
616 132 17 17 0.304
631 135 14 17 0.299
424 132 13 19 0.293
578 140 15 17 0.280
716 141 16 21 0.258
694 147 18 22 0.237
382 125 13 17 0.234
691 140 17 22 0.229
697 152 18 21 0.223
355 112 10 12 0.220
298 148 11 14 0.213
891 148 20 27 0.204
727 153 46 23 0.202
658 143 15 18 0.196
380 109 15 17 0.187
787 175 22 27 0.184
132 117 15 21 0.181
720 105 15 19 0.173
28 202 13 14 0.166
605 154 17 21 0.164
338 131 12 14 0.161
796 154 22 42 0.159
566 124 12 15 0.159
727 138 20 46 0.158
94 200 13 16 0.153
1003 180 14 24 0.145
381 112 15 33 0.143
355 133 12 18 0.139
227 178 16 20 0.135
294 143 15 17 0.133
681 129 38 18 0.132
836 141 17 22 0.130
215 135 22 20 0.126
952 66 13 16 0.123
528 195 18 20 0.120
766 105 22 37 0.119
566 125 16 19 0.117
504 112 19 32 0.115
242 159 19 26 0.114
273 138 18 18 0.112
735 97 15 18 0.110
499 112 21 25 0.108
694 144 30 27 0.104
303 105 12 14 0.103
460 171 17 22 0.097
356 109 10 25 0.093
574 147 18 23 0.090
321 151 19 22 0.090
358 149 14 18 0.087
231 121 27 33 0.086
639 97 11 14 0.086
720 102 26 18 0.085
505 112 17 18 0.085
679 104 15 16 0.085
570 141 15 20 0.085
498 133 18 22 0.084
301 105 26 12 0.083
595 156 28 24 0.078
334 145 20 20 0.076
525 140 15 21 0.076
187 136 16 19 0.076
599 130 48 17 0.073
583 164 19 22 0.072
127 86 14 16 0.072
521 134 19 20 0.072
612 152 16 18 0.070
130 111 15 21 0.069
693 119 24 51 0.068
712 148 22 22 0.067
136 124 15 21 0.065
221 113 9 10 0.064
305 105 14 12 0.064
837 151 19 27 0.064
540 112 13 17 0.063
926 86 18 23 0.061
342 145 16 20 0.060
343 115 20 34 0.056
310 108 22 12 0.053
661 129 29 18 0.051
702 27 8 10 0.049
736 101 16 26 0.049
498 181 23 22 0.046
333 110 16 16 0.046
902 98 19 25 0.046
249 121 25 18 0.044
277 121 11 13 0.043
386 110 13 15 0.043
0 9 12 19 0.042
178 131 21 28 0.042
937 79 18 24 0.041
970 72 17 27 0.040
376 105 10 11 0.039
263 124 25 13 0.039
600 114 13 14 0.038
936 98 23 26 0.038
203 163 21 31 0.038
831 137 19 23 0.038
835 157 18 27 0.036
386 130 13 16 0.036
1006 98 18 26 0.035
571 105 10 12 0.035
642 123 20 25 0.035
527 129 16 20 0.034
305 120 14 20 0.034
250 109 45 80 0.034
1000 90 22 25 0.033
318 162 20 27 0.032
381 105 13 13 0.032
621 119 23 17 0.031
903 84 17 20 0.031
609 158 20 20 0.030
528 154 15 20 0.029
842 89 15 17 0.029
554 116 17 18 0.029
146 124 30 29 0.029
658 150 21 28 0.029
679 181 21 23 0.028
570 153 16 23 0.028
597 192 18 20 0.026
349 99 35 62 0.026
354 109 17 16 0.026
314 175 22 27 0.026
663 162 20 20 0.024
385 118 15 20 0.023
187 107 12 16 0.023
521 119 18 24 0.022
20 180 10 12 0.022
83 188 12 14 0.021
22 200 18 16 0.021
382 134 14 22 0.021
533 114 42 21 0.021
573 135 22 27 0.020
674 103 14 17 0.020
849 92 22 21 0.020
