2_Demonstration_Demonstration_Or_Protest_2_911
56
239 354 28 37 0.841
657 363 26 35 0.812
790 354 31 36 0.800
579 380 22 28 0.795
830 324 25 33 0.791
907 308 29 33 0.783
121 325 27 38 0.782
707 349 21 26 0.769
701 303 18 22 0.714
577 264 13 17 0.704
558 342 23 25 0.675
655 287 15 19 0.659
702 272 14 18 0.624
513 394 20 25 0.605
625 322 18 23 0.500
586 231 12 15 0.476
720 273 13 16 0.443
515 225 11 13 0.414
772 335 20 26 0.388
681 286 13 15 0.379
594 310 16 20 0.274
550 233 10 12 0.262
684 232 13 17 0.256
531 228 12 14 0.189
623 403 25 30 0.160
636 250 16 19 0.150
718 324 16 19 0.143
643 195 12 14 0.142
663 185 10 13 0.128
542 232 18 14 0.079
518 381 20 29 0.073
607 222 11 12 0.066
537 228 13 15 0.058
884 293 15 18 0.057
540 268 12 16 0.054
734 384 19 23 0.053
546 230 12 25 0.050
596 186 11 14 0.050
654 211 12 14 0.048
521 375 19 25 0.046
704 245 14 100 0.046
619 316 21 24 0.044
636 211 11 14 0.044
604 202 13 13 0.044
637 197 19 20 0.038
690 198 12 15 0.037
606 247 14 19 0.033
640 221 12 15 0.028
690 184 14 21 0.028
769 323 23 28 0.027
505 267 13 17 0.024
634 148 12 13 0.024
757 335 19 23 0.024
637 212 18 18 0.024
649 343 20 21 0.022
700 183 19 16 0.021
