2_Demonstration_Protesters_2_709
24
941 268 33 43 0.843
92 142 46 66 0.838
262 167 42 55 0.834
647 250 34 42 0.807
201 159 37 53 0.793
807 372 22 25 0.420
842 448 16 20 0.355
767 374 20 24 0.280
864 428 19 24 0.237
819 447 16 20 0.146
940 456 15 18 0.138
939 483 19 21 0.112
988 462 20 24 0.090
1010 397 14 28 0.061
713 366 24 29 0.060
689 462 29 33 0.047
839 482 19 23 0.044
864 377 21 25 0.042
983 486 18 22 0.034
739 355 24 28 0.027
845 444 19 23 0.027
697 427 23 26 0.026
840 447 20 36 0.022
914 494 18 23 0.021
