2_Demonstration_Demonstrators_2_474
27
737 224 41 50 0.793
463 247 38 49 0.742
836 385 60 89 0.632
351 249 38 44 0.617
105 78 32 40 0.571
12 283 54 51 0.532
397 162 19 22 0.397
555 206 25 27 0.274
421 193 26 31 0.161
950 335 67 78 0.140
693 316 61 62 0.082
832 229 32 31 0.068
406 226 33 40 0.051
7 83 29 42 0.047
879 257 36 44 0.042
926 215 34 38 0.038
948 315 67 68 0.036
1 103 23 33 0.034
358 257 40 45 0.031
0 110 15 30 0.030
113 85 23 29 0.030
130 206 30 31 0.026
200 178 30 37 0.024
425 186 21 25 0.024
354 236 40 47 0.023
0 474 21 85 0.022
370 235 31 39 0.021
