2_Demonstration_Protesters_2_433
214
412 421 36 44 0.833
385 377 26 32 0.792
660 451 44 55 0.784
618 345 22 25 0.774
147 391 24 28 0.741
106 361 22 29 0.705
365 321 15 17 0.653
239 346 22 24 0.594
342 301 11 14 0.586
739 282 10 12 0.579
974 283 11 14 0.579
479 302 12 15 0.574
995 338 15 21 0.569
357 364 14 18 0.565
233 401 18 25 0.559
824 300 13 16 0.540
98 311 12 14 0.492
519 304 11 15 0.491
121 355 21 22 0.453
206 325 16 18 0.434
395 297 10 12 0.383
694 328 11 13 0.361
463 289 10 12 0.355
191 299 10 12 0.337
306 312 14 20 0.317
549 337 14 22 0.308
385 349 16 18 0.301
424 294 13 15 0.284
811 287 11 13 0.272
921 258 9 10 0.265
92 269 7 8 0.252
1015 282 9 12 0.250
455 314 11 15 0.235
965 266 9 11 0.233
783 283 10 11 0.229
812 289 12 16 0.225
289 361 23 31 0.220
346 286 11 11 0.212
462 360 23 29 0.209
71 282 7 9 0.208
506 269 8 9 0.197
833 282 11 13 0.193
520 281 9 11 0.186
116 300 12 13 0.180
775 265 9 9 0.173
235 461 28 36 0.162
435 283 12 14 0.159
239 304 13 15 0.159
767 300 12 14 0.158
383 271 9 11 0.155
308 299 13 19 0.153
543 272 8 9 0.147
584 282 8 9 0.144
329 275 9 10 0.141
438 283 10 11 0.139
709 269 8 9 0.126
898 276 9 11 0.124
829 261 7 10 0.118
62 306 9 12 0.116
756 281 9 11 0.115
574 273 8 10 0.109
592 312 10 12 0.105
725 266 9 11 0.102
344 288 11 31 0.101
793 284 11 11 0.101
206 269 9 11 0.101
621 276 10 11 0.100
754 265 9 10 0.099
494 269 7 8 0.098
552 288 9 11 0.098
808 326 13 16 0.095
461 276 7 8 0.094
945 286 10 14 0.094
579 280 13 12 0.094
342 334 18 22 0.093
420 297 12 13 0.090
282 283 12 13 0.090
787 284 16 11 0.087
473 325 13 21 0.087
998 284 11 12 0.086
349 290 14 14 0.085
804 270 8 10 0.082
857 258 9 10 0.082
559 287 10 9 0.079
313 260 9 10 0.078
0 273 8 17 0.078
849 275 9 12 0.077
635 275 9 10 0.075
257 273 10 13 0.074
293 269 10 12 0.074
723 271 10 11 0.072
228 269 10 11 0.072
377 301 12 12 0.071
315 256 9 11 0.071
360 270 11 10 0.070
673 268 9 10 0.069
676 272 9 12 0.068
843 312 15 19 0.065
958 267 10 12 0.065
127 276 7 8 0.065
224 273 10 13 0.063
156 274 8 9 0.062
117 303 11 14 0.061
241 299 17 19 0.060
672 307 14 18 0.060
54 304 18 12 0.060
223 270 13 10 0.059
968 274 17 19 0.058
621 275 21 9 0.057
461 291 12 21 0.057
277 355 30 29 0.055
219 315 13 21 0.054
459 363 19 27 0.054
452 316 13 17 0.053
256 257 8 11 0.053
227 400 17 25 0.052
124 291 12 14 0.051
49 301 9 11 0.050
285 287 11 12 0.050
231 282 11 12 0.049
456 288 17 11 0.049
369 296 13 14 0.047
31 285 8 9 0.046
474 362 17 26 0.046
336 287 23 12 0.045
532 302 15 13 0.045
651 269 10 8 0.045
627 275 10 10 0.045
391 337 22 21 0.045
276 353 20 25 0.044
178 295 14 17 0.043
571 268 11 23 0.042
0 279 9 18 0.042
539 338 15 21 0.039
622 286 10 11 0.038
707 268 27 10 0.038
672 269 17 11 0.038
458 355 18 21 0.037
1009 281 15 14 0.037
150 274 10 11 0.037
280 305 13 16 0.037
724 263 8 10 0.036
346 258 9 16 0.036
425 273 8 10 0.036
0 310 9 17 0.036
779 264 8 8 0.035
223 304 12 15 0.035
347 245 6 32 0.035
176 300 12 13 0.035
780 275 13 22 0.034
390 296 13 14 0.034
316 251 13 20 0.034
360 259 11 24 0.033
549 268 17 10 0.032
838 309 17 18 0.032
691 327 11 16 0.032
397 328 17 20 0.032
646 249 7 7 0.031
253 296 12 21 0.031
979 256 9 11 0.031
227 267 13 26 0.031
842 285 15 17 0.030
256 259 9 32 0.030
184 266 8 10 0.030
462 334 24 16 0.029
195 299 9 12 0.029
117 283 12 13 0.028
806 331 13 20 0.028
775 271 15 17 0.028
271 359 19 26 0.028
770 301 13 14 0.028
435 280 30 10 0.028
254 285 12 26 0.028
422 275 21 12 0.027
450 338 16 22 0.027
433 332 13 18 0.027
227 284 10 15 0.027
538 305 13 16 0.026
451 346 15 19 0.026
908 237 7 9 0.026
388 263 14 13 0.026
943 280 11 13 0.025
313 288 22 13 0.025
172 274 9 9 0.025
430 339 15 19 0.024
383 269 12 18 0.024
313 253 17 26 0.024
367 268 28 13 0.024
402 332 17 21 0.024
235 406 22 26 0.024
477 324 12 17 0.024
768 303 12 14 0.024
140 321 12 15 0.023
826 278 19 21 0.023
148 273 8 10 0.023
247 345 17 22 0.023
457 320 23 24 0.023
110 294 12 12 0.022
191 272 12 19 0.022
79 358 12 16 0.022
835 274 19 22 0.022
605 289 10 16 0.022
612 283 20 14 0.022
270 287 18 13 0.022
602 254 8 11 0.021
827 256 9 14 0.021
685 260 8 9 0.021
950 243 11 10 0.021
990 342 16 20 0.021
256 308 14 14 0.021
603 340 13 18 0.021
540 325 14 29 0.020
338 304 13 15 0.020
185 265 7 6 0.020
