2_Demonstration_Demonstrators_2_623
152
356 223 37 42 0.841
260 235 41 46 0.837
592 217 26 32 0.805
659 227 27 35 0.798
482 236 33 39 0.797
736 223 28 32 0.768
413 199 18 21 0.767
960 205 24 29 0.749
865 216 24 27 0.739
122 247 35 42 0.729
452 192 22 27 0.719
90 197 20 25 0.662
220 192 16 18 0.617
373 190 14 17 0.573
291 195 12 15 0.548
385 207 14 18 0.534
320 209 16 22 0.528
718 193 16 18 0.515
0 252 9 30 0.502
168 200 12 21 0.490
617 190 11 13 0.457
686 191 16 20 0.428
1013 198 11 21 0.414
773 196 18 20 0.353
925 201 14 18 0.279
688 193 18 25 0.268
840 196 15 18 0.258
432 182 13 15 0.227
531 208 14 17 0.211
526 210 16 20 0.185
46 200 13 14 0.166
333 191 12 14 0.163
796 191 12 15 0.159
696 208 16 22 0.158
308 204 34 26 0.139
39 244 18 21 0.129
0 228 8 25 0.121
21 236 17 22 0.121
895 208 12 13 0.103
889 208 18 22 0.103
987 205 16 21 0.102
520 212 16 21 0.101
97 173 9 11 0.099
359 170 11 12 0.097
103 196 15 19 0.096
389 159 10 13 0.095
191 198 13 17 0.094
692 211 19 28 0.086
917 237 18 21 0.085
791 186 15 17 0.078
598 173 14 12 0.077
986 189 15 29 0.077
747 193 16 17 0.075
317 177 15 15 0.074
591 179 12 13 0.070
625 208 14 23 0.069
222 164 9 12 0.067
524 192 9 11 0.067
750 192 33 20 0.066
628 194 13 22 0.063
624 218 16 22 0.062
393 173 15 14 0.062
72 163 9 11 0.062
555 193 13 16 0.060
833 196 15 16 0.058
128 239 36 42 0.058
806 196 19 12 0.058
791 180 12 14 0.057
323 183 19 20 0.057
661 183 12 16 0.057
22 178 10 11 0.057
306 172 10 12 0.055
306 174 15 15 0.054
227 186 16 21 0.053
564 173 9 9 0.052
845 195 18 21 0.051
272 171 11 13 0.051
56 199 12 14 0.051
401 177 12 14 0.049
394 196 14 24 0.049
379 172 23 12 0.049
817 194 12 13 0.049
313 217 18 22 0.047
544 186 11 13 0.047
307 179 14 16 0.046
290 166 11 12 0.046
819 228 16 20 0.045
589 172 21 16 0.045
983 187 17 18 0.044
387 157 10 22 0.044
368 189 64 33 0.044
49 197 13 14 0.043
620 211 15 19 0.043
43 136 8 8 0.043
372 171 20 13 0.042
527 196 15 25 0.042
743 185 18 18 0.042
810 196 26 13 0.041
548 187 18 18 0.040
830 201 14 20 0.040
822 220 18 24 0.040
993 206 24 20 0.039
740 178 14 14 0.038
376 167 12 14 0.038
784 209 14 19 0.036
696 200 19 20 0.036
345 166 14 14 0.036
346 171 20 16 0.035
997 199 27 22 0.035
582 171 11 13 0.035
80 129 8 10 0.034
1 144 8 11 0.034
889 199 14 17 0.033
67 168 10 11 0.033
901 245 9 10 0.033
281 166 18 12 0.033
0 192 9 20 0.032
824 197 18 50 0.032
69 161 10 17 0.031
582 169 9 11 0.030
634 193 22 19 0.030
784 184 16 18 0.030
95 164 9 22 0.030
150 238 28 39 0.029
470 191 20 21 0.029
338 182 18 16 0.029
308 178 26 16 0.028
647 196 18 16 0.028
635 188 18 19 0.028
73 167 10 11 0.028
44 197 12 13 0.028
901 207 17 14 0.027
472 171 15 15 0.027
212 274 24 27 0.026
825 210 16 21 0.026
781 214 16 20 0.025
634 209 15 18 0.024
343 166 11 11 0.024
491 165 13 14 0.024
603 184 22 15 0.024
556 174 16 13 0.024
291 171 22 14 0.023
473 167 22 19 0.022
399 181 13 24 0.022
653 176 21 17 0.022
455 173 21 34 0.021
587 206 26 32 0.021
336 194 13 15 0.021
925 194 13 16 0.021
34 249 21 26 0.021
515 214 19 27 0.021
836 192 22 26 0.020
