2_Demonstration_Political_Rally_2_654
24
253 506 134 174 0.869
504 530 49 64 0.831
101 564 151 121 0.827
572 504 69 80 0.804
355 500 110 131 0.804
206 453 73 92 0.784
718 592 137 93 0.737
997 386 27 151 0.426
439 524 52 84 0.367
763 490 63 74 0.160
788 3 55 78 0.094
761 482 46 50 0.083
751 485 90 107 0.065
790 479 57 67 0.064
1008 357 16 119 0.054
945 447 55 78 0.043
807 326 96 136 0.041
950 428 74 108 0.038
453 548 40 55 0.035
433 502 47 70 0.034
723 443 13 14 0.033
1005 421 19 143 0.030
777 480 47 59 0.029
0 581 48 101 0.026
