2_Demonstration_Demonstrators_2_646
501
593 1366 26 32 0.732
765 1301 22 29 0.726
800 1190 19 26 0.721
840 1173 18 22 0.650
548 1292 26 31 0.600
689 1063 16 19 0.593
966 953 15 18 0.593
664 1003 16 19 0.587
904 1133 20 24 0.574
800 849 12 14 0.556
912 1023 15 18 0.537
683 980 15 19 0.536
681 936 14 16 0.519
450 1321 21 29 0.485
828 934 14 18 0.480
737 972 14 17 0.477
945 892 12 14 0.455
821 900 12 15 0.454
602 1076 16 20 0.451
883 968 16 19 0.443
823 991 14 18 0.442
687 1492 27 35 0.439
879 1039 15 18 0.437
5 1252 15 18 0.427
719 994 16 18 0.418
814 1041 14 19 0.403
828 1066 18 22 0.388
599 946 13 16 0.384
738 864 11 13 0.382
721 927 12 15 0.375
764 913 14 16 0.363
81 1163 12 13 0.360
449 854 13 15 0.359
973 1037 18 22 0.356
576 1177 18 27 0.349
317 1150 11 13 0.341
892 914 12 15 0.327
532 931 13 16 0.327
777 914 13 15 0.324
595 900 13 14 0.322
952 985 15 18 0.314
646 900 11 14 0.308
750 1112 17 22 0.308
430 1224 17 22 0.297
375 1144 13 15 0.296
800 976 14 17 0.294
62 1244 13 15 0.291
740 931 13 17 0.289
913 1056 16 23 0.285
735 1036 16 24 0.284
326 1195 12 15 0.284
668 899 13 16 0.282
528 868 11 13 0.279
539 883 11 15 0.276
674 1340 22 28 0.272
711 836 11 13 0.268
635 945 13 15 0.268
351 1176 13 15 0.267
136 1236 13 14 0.267
185 1244 14 17 0.267
30 1228 11 13 0.257
339 1391 28 37 0.256
192 1194 11 13 0.246
637 1134 20 25 0.246
483 1205 16 22 0.244
527 844 10 13 0.243
306 856 12 14 0.241
763 937 13 16 0.241
561 1114 15 21 0.235
278 1196 12 17 0.232
579 1172 17 23 0.232
87 1254 13 14 0.231
697 878 12 15 0.230
483 853 12 14 0.222
322 782 10 12 0.221
525 805 11 11 0.217
969 929 13 15 0.215
1010 577 11 14 0.211
319 786 10 11 0.210
39 1196 11 14 0.210
691 1189 19 22 0.204
335 1099 10 12 0.201
633 820 13 15 0.200
775 1007 15 20 0.200
120 1208 13 15 0.198
796 1029 16 20 0.198
581 773 11 13 0.196
921 950 13 15 0.195
923 1097 18 22 0.191
452 1134 13 15 0.191
778 852 11 12 0.189
572 950 13 14 0.187
404 863 13 14 0.186
639 822 13 13 0.186
288 807 9 10 0.185
742 1473 27 34 0.181
611 1022 16 18 0.180
811 1016 16 19 0.179
607 1069 18 23 0.177
379 1175 13 17 0.176
661 848 12 14 0.176
731 974 17 22 0.176
845 922 12 14 0.175
333 819 10 17 0.175
199 811 9 10 0.173
522 1151 16 21 0.173
547 951 13 17 0.172
96 1212 13 16 0.172
404 821 11 13 0.171
986 582 11 13 0.170
834 1026 15 19 0.169
273 1138 12 14 0.169
722 1102 19 22 0.168
129 1256 15 17 0.168
349 1205 16 20 0.167
149 1167 10 14 0.162
462 1161 15 19 0.161
495 1066 12 13 0.161
220 1226 13 15 0.160
94 883 10 11 0.160
39 1134 12 16 0.155
647 878 13 15 0.154
529 928 14 16 0.153
65 1131 11 14 0.152
572 913 13 14 0.152
470 873 14 14 0.152
466 874 12 14 0.152
838 1262 21 25 0.150
433 1229 18 21 0.149
771 872 13 15 0.149
919 1097 19 28 0.147
172 872 11 15 0.147
560 945 21 16 0.140
428 1160 15 18 0.140
890 938 13 15 0.139
371 1147 15 16 0.138
230 1281 13 16 0.138
519 895 12 15 0.137
237 1150 11 13 0.137
552 937 14 16 0.136
335 1249 21 25 0.136
71 1272 15 18 0.136
801 939 15 17 0.135
411 1143 12 15 0.134
5 78 19 25 0.133
614 882 12 14 0.131
594 848 14 15 0.129
139 1381 23 28 0.128
483 832 11 12 0.127
616 842 14 14 0.126
679 832 13 13 0.125
529 802 11 15 0.122
164 796 9 10 0.120
778 961 14 21 0.118
549 939 20 20 0.118
56 1176 13 13 0.115
515 1493 27 35 0.115
978 1003 15 20 0.115
998 955 12 14 0.114
278 1172 11 14 0.114
840 1130 16 20 0.114
230 1181 13 14 0.114
434 1285 19 25 0.113
134 1235 13 25 0.113
426 1162 15 24 0.113
637 1507 27 26 0.112
662 1125 18 25 0.112
593 852 13 15 0.109
881 1037 32 19 0.109
540 1512 31 22 0.108
182 1130 11 13 0.108
927 909 13 15 0.107
738 1034 15 43 0.106
351 1113 11 12 0.106
276 1229 16 21 0.106
838 921 19 18 0.105
646 1128 23 27 0.105
271 1193 16 16 0.102
748 998 15 18 0.102
80 1189 12 18 0.102
203 1169 11 13 0.102
394 863 25 15 0.101
285 804 10 31 0.099
356 826 10 26 0.099
468 808 11 15 0.097
604 1449 26 31 0.097
774 877 12 15 0.095
743 1020 15 29 0.095
933 1225 23 27 0.093
817 992 15 20 0.093
356 1157 12 15 0.093
117 795 9 10 0.092
519 1145 17 21 0.092
169 1300 18 22 0.091
278 1201 13 28 0.091
322 937 12 13 0.090
2 1294 15 19 0.090
202 1216 14 16 0.089
153 1356 25 29 0.089
528 1504 31 30 0.087
717 929 29 20 0.087
479 854 27 13 0.086
643 819 14 14 0.085
777 853 10 35 0.085
282 874 11 13 0.085
569 1187 20 29 0.085
280 1224 17 28 0.084
201 878 12 13 0.084
497 1146 16 20 0.084
533 858 9 42 0.083
3 1202 11 14 0.083
388 827 11 31 0.082
837 886 11 14 0.082
213 1148 12 15 0.082
552 855 13 14 0.081
0 1145 11 14 0.081
710 943 15 17 0.081
925 913 13 17 0.080
904 1123 19 26 0.080
371 1217 18 21 0.080
249 1026 11 13 0.079
417 1152 17 22 0.078
580 771 10 24 0.077
910 1087 15 19 0.077
291 1297 21 23 0.077
499 774 12 12 0.076
118 867 9 23 0.075
702 799 13 15 0.075
413 932 15 16 0.074
711 786 11 13 0.073
558 774 12 12 0.073
616 1066 19 22 0.073
384 793 10 16 0.073
209 1113 10 13 0.072
730 1107 37 24 0.071
21 1281 14 16 0.071
420 1187 16 27 0.070
141 1370 27 36 0.070
567 908 15 15 0.068
283 811 12 15 0.068
720 1107 16 21 0.068
772 960 17 25 0.068
947 1224 26 28 0.067
492 1062 13 14 0.067
717 905 14 16 0.067
675 910 13 32 0.067
175 1098 11 12 0.067
324 1363 21 24 0.066
429 822 17 23 0.065
909 987 15 18 0.065
318 778 11 11 0.064
660 798 13 14 0.063
331 846 24 19 0.063
497 778 26 11 0.063
261 1112 9 12 0.062
630 880 33 14 0.062
114 877 16 11 0.061
633 857 12 15 0.060
821 1034 21 66 0.060
383 1170 14 18 0.060
289 1216 13 16 0.059
867 891 10 13 0.059
482 909 13 15 0.059
916 1048 17 65 0.059
360 895 13 17 0.059
144 882 14 13 0.059
563 830 11 17 0.059
744 1070 16 24 0.059
479 825 15 25 0.058
675 977 18 44 0.058
759 875 23 21 0.057
863 1021 14 17 0.057
503 1502 33 30 0.057
909 1005 26 44 0.055
440 1226 19 23 0.055
44 1171 12 14 0.055
599 841 33 16 0.055
564 1114 19 24 0.055
305 878 12 14 0.054
788 937 26 17 0.054
825 986 15 17 0.054
873 1059 15 19 0.053
131 828 18 21 0.053
608 951 15 23 0.053
753 998 35 19 0.053
384 1090 11 12 0.053
285 1062 10 11 0.052
385 1053 10 12 0.052
311 850 39 13 0.051
490 971 16 19 0.051
623 1063 20 21 0.051
90 1209 43 14 0.051
486 1213 17 21 0.051
250 871 11 15 0.051
819 840 12 13 0.050
382 1479 26 31 0.050
62 1099 10 12 0.050
522 831 10 32 0.050
412 875 14 15 0.049
488 1204 21 25 0.049
88 796 11 10 0.049
812 953 15 19 0.049
697 1193 22 26 0.049
317 1367 23 28 0.048
984 583 40 11 0.048
230 837 11 36 0.048
221 1149 35 12 0.048
320 854 26 16 0.048
982 971 17 19 0.047
969 1219 23 31 0.047
332 1187 28 37 0.047
36 1189 11 46 0.047
319 1222 16 21 0.046
607 823 15 12 0.046
768 1104 15 21 0.045
44 1261 16 19 0.045
487 1510 29 24 0.045
705 781 14 35 0.045
467 934 15 19 0.045
748 1455 36 35 0.045
132 1251 27 18 0.045
397 834 16 45 0.044
577 1163 16 22 0.044
904 989 17 28 0.044
1001 958 13 16 0.043
767 975 17 29 0.043
743 1454 28 44 0.043
388 1076 14 14 0.043
359 774 9 45 0.043
654 583 11 12 0.042
561 774 37 12 0.042
196 1287 19 22 0.042
80 1183 18 38 0.042
252 1186 31 15 0.042
668 1142 17 33 0.042
71 800 9 39 0.041
665 787 13 29 0.041
57 1206 14 21 0.041
755 1464 27 36 0.040
836 907 18 30 0.040
877 972 14 19 0.040
301 1376 19 31 0.040
169 1149 12 14 0.040
463 928 16 17 0.040
585 995 14 18 0.040
319 1190 13 18 0.040
346 854 25 26 0.040
191 1246 13 15 0.039
119 1161 13 17 0.039
283 808 9 45 0.039
519 1250 19 24 0.038
377 576 11 11 0.038
877 965 14 20 0.038
614 964 14 15 0.038
240 814 19 15 0.038
382 834 17 44 0.037
309 880 12 15 0.037
118 1277 17 23 0.037
386 779 12 36 0.037
116 1168 22 15 0.037
746 881 23 25 0.036
277 1066 11 14 0.036
165 782 6 50 0.036
722 924 17 21 0.036
634 913 11 43 0.036
20 1361 18 27 0.036
811 844 20 14 0.035
948 993 15 19 0.035
706 945 19 24 0.035
356 842 28 28 0.035
975 974 22 22 0.035
403 825 44 14 0.035
929 1269 24 31 0.035
526 1136 20 23 0.034
665 1184 19 24 0.034
2 796 14 18 0.034
448 804 38 14 0.034
484 1199 23 23 0.033
32 1100 12 18 0.033
241 1142 12 24 0.033
582 806 11 18 0.033
273 1128 10 45 0.033
400 814 11 48 0.033
274 1241 15 21 0.033
125 1155 12 28 0.032
677 834 25 17 0.032
524 782 10 45 0.032
24 823 10 37 0.032
992 1012 22 20 0.032
119 1269 16 23 0.032
918 1054 17 22 0.031
805 1114 16 27 0.031
332 856 33 22 0.031
197 808 9 11 0.031
607 1021 14 19 0.031
374 852 30 27 0.031
667 1158 19 33 0.031
726 1134 17 23 0.030
611 821 18 44 0.030
499 1069 13 16 0.030
93 860 11 45 0.030
280 843 15 56 0.030
927 1224 54 31 0.030
30 1227 12 41 0.030
633 582 13 14 0.029
432 1171 19 116 0.029
516 1202 15 32 0.029
175 1151 11 17 0.029
471 1212 25 23 0.029
100 1090 10 11 0.029
195 875 20 18 0.029
262 829 16 46 0.029
407 1518 27 17 0.028
184 1445 23 34 0.028
734 1084 26 50 0.028
646 1512 27 23 0.028
746 1031 15 19 0.028
761 796 11 11 0.028
662 950 16 17 0.028
456 1157 38 31 0.028
535 805 32 13 0.027
36 1130 46 15 0.027
8 1192 20 22 0.027
589 769 9 10 0.027
752 1477 25 29 0.027
1 1147 15 18 0.027
670 778 13 13 0.027
492 1122 16 20 0.027
308 1175 12 17 0.027
85 880 20 17 0.026
611 863 14 42 0.026
356 788 12 45 0.026
344 1196 19 35 0.026
648 580 21 13 0.026
55 838 13 40 0.026
922 906 30 29 0.026
118 777 7 55 0.026
556 839 18 32 0.025
727 1293 21 26 0.025
704 985 28 29 0.025
559 1028 14 18 0.025
910 984 16 130 0.025
282 803 33 27 0.025
345 869 14 18 0.025
127 1248 19 37 0.025
471 914 20 34 0.025
220 1231 14 16 0.025
126 1196 14 28 0.025
37 1067 11 14 0.024
403 859 12 49 0.024
275 876 20 17 0.024
928 1080 21 22 0.024
211 1144 12 33 0.024
411 1105 13 17 0.024
155 1210 16 19 0.024
232 806 9 10 0.024
166 1169 16 25 0.024
37 1182 26 41 0.024
491 846 26 40 0.024
599 1067 19 21 0.024
563 1213 17 23 0.024
201 1289 21 26 0.024
8 1248 22 45 0.024
448 1184 16 22 0.024
77 1055 9 10 0.024
836 882 13 14 0.024
352 1195 31 48 0.024
214 1026 11 12 0.023
270 812 22 50 0.023
135 797 45 9 0.023
50 1266 34 18 0.023
41 879 14 19 0.023
571 878 18 33 0.023
226 1175 29 18 0.023
348 1253 26 25 0.023
730 1017 20 35 0.023
480 744 9 11 0.023
562 841 33 30 0.023
913 1073 15 26 0.023
621 1025 21 22 0.022
263 1161 22 45 0.022
212 1013 10 28 0.022
501 752 7 74 0.022
909 1139 25 25 0.022
382 790 47 14 0.022
41 1068 9 21 0.021
332 790 28 53 0.021
640 945 28 19 0.021
278 1059 15 21 0.021
46 1297 16 22 0.021
922 957 14 19 0.021
513 1215 16 19 0.021
373 1514 23 20 0.021
74 929 10 11 0.021
228 804 14 58 0.020
943 889 16 21 0.020
765 1177 18 23 0.020
705 1089 27 33 0.020
591 822 25 41 0.020
309 1135 12 33 0.020
423 1166 18 61 0.020
