2_Demonstration_Demonstration_Or_Protest_2_31
24
339 101 52 63 0.856
249 120 51 68 0.854
878 372 94 106 0.846
178 116 60 70 0.845
421 93 46 59 0.840
654 175 53 60 0.837
573 54 49 66 0.836
731 83 53 68 0.835
58 92 71 89 0.801
103 64 53 67 0.801
832 69 64 85 0.790
334 62 37 44 0.786
500 110 50 61 0.740
1003 18 21 84 0.710
463 112 42 55 0.698
299 118 40 49 0.505
150 110 44 60 0.394
1009 47 15 75 0.110
477 110 61 65 0.071
159 112 60 67 0.047
295 108 37 40 0.038
83 71 55 73 0.024
773 63 54 66 0.021
757 74 54 70 0.020
