2_Demonstration_Protesters_2_48
139
371 358 26 32 0.837
303 365 24 31 0.826
674 304 21 24 0.801
550 524 63 82 0.795
501 397 27 32 0.786
444 356 25 31 0.777
571 368 22 30 0.776
339 335 20 22 0.761
929 221 25 31 0.756
420 306 17 20 0.756
0 341 17 27 0.747
634 329 20 24 0.744
556 298 15 20 0.734
563 329 21 25 0.727
483 339 21 25 0.713
56 306 16 18 0.692
120 322 24 27 0.687
335 312 15 20 0.660
99 314 14 16 0.660
234 316 14 18 0.653
525 283 11 14 0.650
206 288 14 18 0.639
355 361 15 22 0.634
403 328 16 19 0.618
509 310 15 21 0.613
11 316 17 21 0.581
257 311 15 17 0.566
662 281 13 15 0.551
351 281 12 15 0.535
818 214 8 10 0.527
277 338 16 25 0.502
581 300 14 19 0.500
509 267 10 12 0.494
456 308 14 16 0.476
677 372 25 29 0.452
434 276 12 14 0.447
239 361 21 25 0.415
160 326 18 22 0.411
843 216 8 8 0.411
445 333 21 25 0.390
204 330 18 25 0.357
70 333 23 23 0.311
566 345 17 24 0.294
387 324 13 16 0.274
489 311 16 20 0.273
95 329 15 18 0.257
177 291 11 16 0.240
581 287 10 15 0.237
98 318 13 22 0.228
447 236 10 12 0.222
89 330 18 23 0.210
199 325 16 22 0.198
65 329 21 25 0.187
541 281 10 11 0.186
290 311 14 18 0.180
633 279 11 14 0.179
335 334 34 29 0.167
156 329 16 21 0.163
269 329 18 25 0.129
560 305 20 54 0.127
282 341 15 23 0.125
472 344 18 23 0.119
544 370 20 29 0.113
166 325 17 23 0.105
444 255 9 10 0.104
522 261 9 11 0.101
527 281 15 15 0.099
156 308 14 16 0.090
768 241 7 9 0.085
636 285 17 16 0.084
3 302 9 12 0.082
348 314 13 16 0.082
948 204 33 40 0.081
511 313 18 24 0.075
3 324 21 21 0.074
514 323 17 22 0.072
115 319 15 20 0.072
265 272 9 12 0.072
420 285 28 49 0.070
583 285 11 14 0.069
366 266 9 10 0.069
500 310 17 20 0.066
37 298 9 11 0.065
487 316 16 22 0.065
234 355 16 20 0.063
625 305 15 16 0.060
235 307 13 19 0.059
116 329 19 21 0.058
236 370 23 27 0.056
655 280 18 16 0.055
838 218 8 8 0.054
294 316 15 18 0.054
248 359 20 23 0.052
679 246 7 19 0.051
160 308 13 24 0.051
662 255 9 9 0.051
502 381 26 28 0.050
73 321 17 19 0.048
246 365 22 26 0.045
810 215 8 8 0.044
568 356 19 31 0.044
286 308 14 17 0.043
240 298 11 13 0.043
439 278 14 10 0.042
522 256 11 14 0.042
424 302 50 38 0.042
689 235 7 9 0.042
839 215 7 8 0.040
206 339 18 23 0.039
531 250 9 12 0.038
142 309 16 20 0.038
666 256 8 10 0.038
446 256 9 11 0.036
177 351 17 21 0.035
686 217 7 7 0.035
632 295 21 19 0.035
621 306 14 15 0.034
257 317 15 24 0.032
92 326 42 22 0.032
56 334 19 21 0.030
421 290 21 18 0.029
194 323 15 19 0.029
925 212 35 45 0.028
527 251 11 9 0.027
668 220 8 8 0.027
621 235 8 9 0.026
687 236 13 10 0.026
394 323 16 18 0.024
262 332 17 22 0.024
396 288 13 13 0.023
468 349 19 23 0.023
505 267 10 12 0.022
145 331 17 27 0.022
631 277 41 31 0.022
683 250 8 12 0.021
232 365 19 25 0.021
781 247 7 8 0.020
395 277 13 22 0.020
1 272 7 12 0.020
