2_Demonstration_Demonstration_Or_Protest_2_267
358
25 580 64 62 0.872
577 445 36 43 0.849
993 450 31 40 0.840
897 590 45 50 0.839
538 513 39 45 0.838
410 471 42 52 0.836
444 497 44 53 0.836
728 464 32 35 0.833
450 431 36 42 0.832
938 497 41 47 0.828
494 447 34 42 0.827
258 491 47 52 0.827
233 601 66 41 0.827
814 486 36 37 0.826
321 515 42 55 0.825
643 492 44 53 0.825
86 516 46 64 0.824
767 546 48 58 0.823
865 534 40 46 0.821
609 420 31 39 0.820
514 407 29 35 0.818
873 450 37 42 0.816
0 401 24 39 0.811
0 501 38 54 0.810
720 517 40 43 0.808
253 450 39 42 0.808
766 472 40 41 0.806
777 396 25 27 0.804
335 474 42 49 0.801
827 414 27 31 0.793
978 517 41 44 0.790
654 450 31 35 0.784
148 413 24 30 0.784
753 408 26 31 0.782
905 464 29 36 0.780
525 577 42 46 0.778
146 461 40 41 0.775
817 387 24 27 0.774
569 387 24 31 0.773
677 324 17 20 0.769
890 383 22 28 0.766
956 420 26 29 0.765
404 394 22 26 0.764
719 346 18 20 0.764
36 460 44 46 0.761
688 379 24 26 0.751
61 454 40 43 0.751
650 371 18 22 0.737
21 382 29 32 0.735
606 469 25 31 0.732
548 356 23 25 0.729
646 398 26 30 0.729
785 359 22 24 0.723
667 345 17 20 0.720
466 346 20 23 0.712
444 400 21 27 0.707
502 341 19 22 0.702
965 473 34 39 0.700
717 387 24 27 0.697
536 381 23 26 0.694
654 320 16 19 0.686
492 398 25 32 0.679
219 441 28 34 0.676
459 379 21 25 0.676
680 365 22 24 0.661
738 366 19 23 0.660
234 314 17 19 0.660
428 391 20 25 0.658
258 544 48 50 0.657
317 313 18 20 0.657
362 555 47 55 0.655
302 296 14 18 0.649
931 402 30 30 0.645
273 293 13 15 0.641
759 352 19 21 0.637
254 301 14 16 0.635
696 326 15 19 0.634
652 345 17 20 0.627
979 402 29 29 0.622
756 331 15 18 0.615
786 309 13 17 0.609
1007 394 17 26 0.609
645 425 27 30 0.607
922 352 23 23 0.603
981 433 24 29 0.594
628 350 20 20 0.580
363 343 21 24 0.554
596 362 21 27 0.551
226 289 13 17 0.548
454 334 20 23 0.544
511 311 18 20 0.536
462 402 27 29 0.536
775 297 14 16 0.524
426 372 21 26 0.524
391 348 20 23 0.497
700 446 26 28 0.496
797 288 12 13 0.476
763 312 13 15 0.473
760 377 18 22 0.457
738 321 16 21 0.454
617 353 17 19 0.444
915 443 29 35 0.439
843 386 19 25 0.437
627 371 23 24 0.431
679 486 28 33 0.420
496 366 26 29 0.405
117 417 24 29 0.394
328 293 13 14 0.393
550 322 17 18 0.390
437 309 10 13 0.387
648 296 11 15 0.376
751 297 13 15 0.367
517 455 31 38 0.355
274 321 21 24 0.347
744 286 11 13 0.346
646 408 25 39 0.341
717 304 11 13 0.338
595 353 18 21 0.302
503 284 11 12 0.300
574 354 15 19 0.297
629 378 23 27 0.296
723 266 10 12 0.295
461 314 16 15 0.289
326 307 15 19 0.281
647 282 9 10 0.281
889 255 9 10 0.275
324 238 11 12 0.259
516 289 13 14 0.253
789 270 11 13 0.241
693 310 14 18 0.241
706 262 9 11 0.237
626 384 22 26 0.235
420 597 39 39 0.228
17 412 25 28 0.227
548 280 11 11 0.226
265 335 24 29 0.223
730 294 10 11 0.222
0 560 20 53 0.221
538 365 26 41 0.216
453 394 32 34 0.210
435 332 18 22 0.206
750 365 24 27 0.202
758 340 17 22 0.202
345 298 11 14 0.201
780 279 11 16 0.201
749 292 13 17 0.201
814 287 13 14 0.200
608 365 23 25 0.196
759 310 12 37 0.193
503 286 17 14 0.188
866 444 19 29 0.177
738 312 16 18 0.176
494 352 26 29 0.174
371 345 39 25 0.172
236 310 24 18 0.172
750 287 20 13 0.166
677 440 23 26 0.164
906 265 13 14 0.158
331 296 13 15 0.158
812 301 16 18 0.154
599 370 21 27 0.151
731 325 17 17 0.149
699 341 47 24 0.149
397 344 17 23 0.146
682 288 10 12 0.143
373 547 42 47 0.142
807 264 10 11 0.141
735 289 12 13 0.140
656 316 15 46 0.138
345 427 27 31 0.137
767 267 11 11 0.137
823 373 19 20 0.132
469 314 13 14 0.130
145 531 43 51 0.127
439 337 34 23 0.126
1015 281 8 13 0.124
502 348 23 26 0.117
806 462 24 32 0.116
184 343 15 18 0.113
326 293 17 37 0.110
690 303 14 15 0.110
769 253 9 9 0.110
772 371 32 58 0.109
269 304 23 58 0.109
798 288 17 21 0.106
842 363 18 22 0.105
376 597 57 41 0.104
493 357 19 21 0.102
667 321 27 29 0.101
537 399 20 30 0.101
609 363 41 41 0.100
754 251 10 8 0.100
756 284 25 13 0.100
324 276 11 13 0.099
742 343 38 38 0.098
336 365 21 24 0.098
621 298 11 13 0.095
513 368 19 22 0.093
51 54 9 11 0.092
316 283 11 14 0.091
781 270 18 17 0.090
740 279 13 22 0.090
781 298 30 32 0.088
941 407 27 27 0.088
379 242 7 8 0.085
617 404 26 31 0.084
683 441 31 31 0.083
458 349 61 22 0.083
924 267 11 12 0.083
679 303 18 15 0.082
602 379 21 26 0.081
691 303 21 37 0.081
549 272 10 20 0.080
735 322 39 25 0.080
321 277 11 25 0.079
342 322 12 15 0.078
436 320 34 38 0.077
552 290 14 15 0.077
228 445 28 37 0.075
660 337 33 37 0.074
496 314 26 17 0.074
741 273 16 11 0.073
789 231 8 9 0.073
920 248 8 10 0.072
326 273 11 12 0.071
338 355 28 26 0.071
549 278 13 21 0.069
843 396 20 23 0.067
737 251 9 10 0.066
203 341 16 17 0.064
398 603 55 38 0.064
416 443 29 31 0.063
769 391 25 26 0.063
646 300 14 19 0.062
649 432 28 32 0.061
0 454 14 31 0.061
633 343 43 39 0.061
792 247 9 13 0.061
272 231 9 8 0.060
593 351 17 19 0.060
569 238 7 7 0.059
150 381 20 29 0.059
711 416 23 29 0.059
661 242 8 10 0.058
673 306 13 15 0.057
143 367 22 24 0.057
926 360 23 24 0.057
629 314 15 15 0.056
294 296 19 17 0.056
868 445 28 40 0.056
255 231 7 7 0.055
954 469 30 35 0.055
98 611 50 32 0.052
682 371 25 29 0.051
709 365 16 19 0.051
290 474 24 32 0.050
908 265 17 15 0.050
768 249 9 29 0.049
488 316 20 16 0.049
792 332 14 19 0.049
263 344 24 28 0.048
674 323 32 23 0.048
564 282 19 11 0.047
556 325 14 15 0.047
923 257 9 22 0.047
441 224 8 8 0.046
398 236 7 13 0.045
709 422 24 35 0.044
606 384 21 27 0.043
864 429 20 35 0.043
157 345 15 15 0.042
851 418 24 27 0.042
739 252 12 16 0.042
279 316 15 18 0.041
792 267 14 14 0.041
813 267 12 12 0.041
186 337 22 17 0.040
718 306 26 17 0.040
822 380 28 31 0.040
290 246 11 14 0.039
677 251 9 8 0.039
209 343 19 19 0.039
892 251 15 10 0.039
419 226 9 8 0.039
749 270 30 12 0.038
397 337 18 20 0.038
823 360 26 29 0.037
557 250 9 15 0.037
390 257 10 11 0.037
634 321 21 18 0.037
618 300 13 21 0.036
555 253 10 28 0.036
706 243 7 8 0.036
202 439 34 38 0.035
573 358 18 20 0.035
820 243 9 18 0.035
736 252 27 8 0.035
292 251 14 15 0.035
835 337 15 19 0.034
255 267 12 12 0.034
544 266 13 15 0.034
762 286 39 55 0.033
226 369 22 28 0.033
724 257 20 20 0.033
789 447 28 32 0.033
301 258 10 12 0.032
691 242 7 8 0.032
403 337 15 17 0.031
362 334 21 24 0.031
791 249 13 36 0.031
797 454 29 31 0.030
533 262 8 11 0.030
379 239 11 15 0.030
939 358 17 20 0.029
328 400 23 28 0.029
1016 258 7 11 0.029
624 303 13 26 0.029
944 472 26 26 0.028
232 408 27 36 0.028
595 233 12 16 0.028
858 424 19 23 0.027
1008 282 11 13 0.027
837 360 18 21 0.027
813 247 14 13 0.026
1 382 13 20 0.026
18 83 8 9 0.026
845 405 22 28 0.026
568 233 7 28 0.025
792 231 8 9 0.025
887 259 38 16 0.025
232 304 21 34 0.024
672 297 13 17 0.024
779 255 19 23 0.024
567 237 14 9 0.024
673 248 22 10 0.023
662 239 10 14 0.023
289 235 10 10 0.023
757 386 20 20 0.023
0 391 16 44 0.023
753 248 22 24 0.023
660 245 25 11 0.022
573 270 11 25 0.022
213 447 27 32 0.022
120 428 24 31 0.022
611 292 13 13 0.022
1015 284 8 14 0.022
557 255 23 15 0.022
724 319 14 18 0.022
249 266 15 12 0.021
571 347 15 18 0.021
847 326 13 18 0.021
798 333 15 19 0.021
813 216 7 8 0.021
783 343 18 19 0.021
497 393 25 28 0.020
789 340 20 19 0.020
150 346 21 23 0.020
814 218 8 10 0.020
