2_Demonstration_Protesters_2_145
62
146 265 73 105 0.871
285 126 69 97 0.846
363 300 65 95 0.839
588 199 71 99 0.838
131 0 53 41 0.837
671 143 69 92 0.836
596 76 60 70 0.835
71 104 73 89 0.823
662 6 34 40 0.813
840 72 43 60 0.806
1007 93 17 54 0.803
775 96 47 54 0.795
923 149 51 61 0.782
272 42 43 59 0.776
832 13 34 42 0.773
773 27 44 51 0.768
530 140 58 74 0.766
478 22 60 66 0.752
604 22 51 57 0.751
455 94 57 73 0.660
0 116 52 81 0.576
754 0 34 23 0.330
271 0 34 22 0.302
609 0 30 22 0.188
574 44 38 43 0.140
26 3 31 36 0.134
86 5 43 47 0.134
212 0 55 26 0.122
364 23 44 67 0.108
416 36 36 50 0.106
580 35 53 55 0.092
300 0 33 26 0.091
565 0 38 16 0.087
250 101 45 57 0.079
0 34 13 42 0.076
893 138 31 40 0.073
48 1 26 30 0.072
584 0 58 24 0.071
563 1 35 27 0.070
175 6 27 42 0.065
207 0 72 49 0.055
0 22 21 50 0.051
765 3 43 27 0.050
1010 103 14 73 0.045
602 13 42 43 0.040
228 0 62 66 0.040
412 27 32 44 0.038
779 4 38 36 0.032
860 113 32 49 0.032
196 2 60 40 0.029
742 3 33 45 0.028
1006 249 18 81 0.027
795 181 40 57 0.026
437 6 24 30 0.026
14 0 36 42 0.026
784 16 34 38 0.026
208 0 36 24 0.025
553 4 34 39 0.025
220 15 58 68 0.023
309 0 37 27 0.022
295 56 38 52 0.021
422 9 35 66 0.020
