2_Demonstration_Political_Rally_2_174
30
96 591 76 108 0.856
599 627 107 129 0.850
947 618 42 57 0.840
918 603 30 33 0.813
941 552 21 27 0.792
968 675 56 93 0.786
519 562 41 68 0.780
718 706 74 62 0.771
286 479 16 21 0.761
736 535 23 27 0.760
836 591 24 30 0.739
1006 580 18 40 0.674
0 712 36 56 0.670
461 706 74 61 0.670
831 563 21 27 0.498
658 556 25 27 0.465
417 625 28 45 0.404
314 593 38 83 0.313
508 675 49 66 0.274
31 674 38 52 0.234
691 679 44 83 0.210
708 681 50 68 0.058
83 678 37 57 0.046
688 709 43 58 0.039
322 620 33 72 0.038
311 597 25 54 0.033
422 633 33 48 0.032
668 618 34 42 0.026
34 689 44 58 0.024
486 676 63 77 0.023
