2_Demonstration_Demonstration_Or_Protest_2_316
349
335 474 29 35 0.842
655 462 25 30 0.810
304 511 40 45 0.809
244 592 57 67 0.802
740 476 25 29 0.801
176 505 25 30 0.795
596 462 32 36 0.794
541 448 27 30 0.791
428 459 24 30 0.788
916 404 38 38 0.788
453 504 31 42 0.763
56 580 43 50 0.752
227 460 20 23 0.750
665 413 16 21 0.741
383 440 21 25 0.733
35 522 33 42 0.717
646 409 16 18 0.711
453 414 17 21 0.702
751 374 17 19 0.700
605 423 22 24 0.696
514 408 16 20 0.681
465 535 34 46 0.679
946 341 20 21 0.673
859 378 18 22 0.669
488 433 19 23 0.665
926 351 14 16 0.646
855 343 12 15 0.615
649 376 12 14 0.612
301 444 20 25 0.611
626 372 12 14 0.606
684 379 15 17 0.594
636 390 13 16 0.590
219 509 28 39 0.587
190 458 20 25 0.568
772 361 11 14 0.566
780 391 19 20 0.557
600 387 11 13 0.554
67 475 21 24 0.549
883 353 15 17 0.549
417 406 12 15 0.540
268 446 16 22 0.512
828 368 16 20 0.503
305 407 11 13 0.502
992 326 11 14 0.502
32 497 24 27 0.481
383 412 13 13 0.473
674 401 18 20 0.465
759 409 17 20 0.463
954 377 19 22 0.460
800 379 14 16 0.454
1016 337 8 17 0.441
800 360 12 13 0.431
663 368 10 12 0.425
580 377 10 11 0.424
20 430 11 13 0.424
285 413 11 12 0.423
811 404 22 23 0.403
443 392 10 12 0.402
892 336 11 13 0.401
758 350 11 12 0.393
311 445 23 26 0.392
997 343 13 15 0.386
492 389 10 11 0.373
433 383 10 12 0.368
530 399 13 14 0.368
729 379 16 17 0.364
370 409 12 15 0.356
396 398 11 13 0.356
466 384 11 13 0.352
217 419 12 13 0.351
123 435 13 15 0.334
565 396 12 16 0.318
137 459 18 23 0.316
508 390 9 9 0.314
116 444 12 14 0.299
421 376 8 10 0.289
97 427 12 14 0.281
150 423 10 12 0.277
787 355 10 13 0.277
50 429 10 12 0.271
118 440 14 16 0.271
384 385 10 11 0.267
1 440 13 17 0.267
745 342 9 11 0.265
502 405 13 16 0.265
926 335 11 13 0.264
419 389 11 12 0.260
83 425 12 13 0.258
177 423 11 14 0.255
908 329 11 13 0.247
722 350 13 15 0.243
375 410 21 15 0.243
912 346 12 14 0.242
878 334 10 12 0.228
198 436 16 16 0.227
414 442 15 18 0.227
721 379 15 17 0.219
32 495 29 45 0.215
956 325 12 14 0.211
345 395 9 11 0.209
548 379 9 11 0.208
776 338 9 11 0.207
982 310 9 10 0.206
705 398 14 16 0.200
171 410 9 11 0.192
320 446 21 24 0.191
467 445 22 24 0.190
453 376 9 10 0.186
62 529 31 37 0.185
836 345 11 13 0.181
762 460 17 20 0.181
925 349 26 17 0.179
754 357 14 21 0.173
920 320 10 11 0.171
1017 314 7 12 0.171
684 364 11 12 0.170
576 379 12 14 0.169
262 421 11 16 0.168
321 409 11 13 0.167
62 450 17 22 0.166
221 418 11 13 0.164
846 328 9 11 0.157
819 341 11 13 0.157
958 312 11 14 0.157
639 409 43 20 0.157
642 364 10 12 0.153
855 338 13 29 0.150
559 398 13 14 0.148
567 377 8 9 0.145
296 439 16 22 0.144
90 403 8 8 0.144
653 353 10 11 0.140
670 354 10 14 0.140
941 316 9 10 0.139
481 404 13 15 0.139
86 426 14 14 0.139
829 377 19 22 0.139
433 388 22 13 0.138
723 370 19 28 0.134
763 356 22 18 0.134
813 343 16 19 0.134
4 436 14 17 0.133
679 376 18 15 0.133
806 349 14 19 0.132
924 321 10 26 0.130
342 392 10 11 0.129
1004 340 20 17 0.128
834 339 13 17 0.127
91 431 13 14 0.123
534 393 17 18 0.121
677 363 20 11 0.120
395 390 14 23 0.120
488 388 26 10 0.118
284 407 16 28 0.117
459 376 18 19 0.115
422 367 7 31 0.114
263 403 10 11 0.113
774 336 9 11 0.113
787 379 29 27 0.112
844 342 27 13 0.111
800 352 13 44 0.110
397 386 12 12 0.108
200 415 10 13 0.107
528 382 10 27 0.107
547 380 11 21 0.107
834 385 16 19 0.105
714 345 16 14 0.104
51 410 7 9 0.104
465 423 48 35 0.102
368 398 11 16 0.102
89 426 18 21 0.102
260 412 11 21 0.100
597 363 9 17 0.098
211 402 10 12 0.098
886 336 33 14 0.098
936 317 12 13 0.094
61 444 16 19 0.094
202 426 13 24 0.092
89 451 15 17 0.091
799 334 12 16 0.091
674 365 26 46 0.090
535 361 10 8 0.089
542 377 15 15 0.088
720 351 13 28 0.088
892 331 24 16 0.087
1017 312 6 43 0.087
262 402 22 12 0.087
804 407 25 25 0.086
741 359 10 13 0.086
473 412 15 21 0.085
787 351 24 21 0.084
598 365 17 13 0.083
464 382 14 21 0.083
688 410 18 27 0.083
27 462 18 23 0.082
63 446 18 42 0.082
121 428 15 20 0.081
604 373 13 65 0.078
2 412 7 12 0.078
154 440 13 16 0.077
515 364 9 8 0.077
808 338 16 25 0.075
0 460 11 19 0.075
759 337 9 10 0.075
682 346 10 11 0.074
296 431 13 21 0.073
0 433 33 17 0.072
434 432 15 18 0.071
326 439 21 28 0.071
502 367 8 29 0.070
530 360 9 9 0.070
327 417 14 16 0.070
976 309 11 11 0.070
200 416 27 13 0.069
941 314 29 11 0.069
753 348 18 15 0.068
135 420 21 11 0.067
98 431 19 16 0.065
87 420 15 19 0.065
478 436 21 26 0.063
941 312 8 8 0.062
187 452 15 23 0.060
686 345 9 20 0.060
195 404 12 12 0.059
370 403 48 27 0.059
854 326 22 12 0.058
195 454 22 26 0.058
63 450 25 17 0.058
381 416 16 17 0.057
323 420 14 14 0.056
744 337 9 10 0.056
549 361 7 25 0.055
520 394 46 24 0.055
1000 307 10 11 0.055
520 374 20 17 0.054
926 367 21 21 0.054
33 418 20 13 0.054
753 336 16 29 0.053
244 415 12 12 0.052
460 522 33 48 0.052
621 354 23 59 0.051
819 423 21 25 0.051
490 364 8 7 0.051
328 420 15 17 0.050
114 467 17 25 0.050
841 345 25 13 0.049
699 408 17 21 0.049
650 359 19 31 0.049
358 389 17 18 0.049
420 375 12 13 0.049
150 422 15 14 0.048
989 324 35 34 0.048
619 348 8 8 0.048
591 357 14 10 0.047
487 387 22 30 0.046
787 333 25 9 0.046
635 360 27 50 0.046
1014 309 10 13 0.046
512 394 34 31 0.045
30 413 12 21 0.045
812 345 37 15 0.045
549 358 7 8 0.044
602 364 35 11 0.044
127 451 22 22 0.044
502 359 11 28 0.043
200 404 23 12 0.043
21 468 22 27 0.043
1009 618 15 36 0.043
1000 305 9 30 0.042
696 422 17 24 0.042
129 413 9 8 0.042
112 419 19 12 0.041
814 328 25 11 0.041
190 425 20 26 0.041
91 398 7 15 0.041
50 405 9 33 0.040
368 388 28 18 0.040
742 367 63 38 0.039
121 418 29 11 0.039
774 325 7 8 0.039
285 510 26 34 0.039
247 384 8 26 0.039
677 346 16 29 0.039
146 401 7 8 0.038
828 326 23 17 0.038
465 451 23 27 0.036
751 464 25 30 0.035
533 360 19 21 0.034
365 393 22 28 0.034
624 349 16 25 0.033
835 373 25 22 0.033
697 344 28 9 0.033
595 354 21 16 0.033
825 383 18 19 0.033
279 440 19 22 0.032
871 354 13 15 0.032
822 390 22 23 0.032
996 438 27 39 0.032
262 407 24 28 0.032
293 385 14 25 0.031
799 332 26 11 0.031
29 401 8 8 0.031
28 457 15 20 0.030
341 448 20 25 0.030
507 370 22 29 0.030
438 357 10 30 0.029
873 328 14 15 0.029
135 467 23 30 0.029
150 402 14 18 0.028
709 343 17 22 0.028
0 467 11 21 0.028
501 362 11 8 0.027
731 342 24 14 0.027
356 377 14 22 0.027
519 359 27 20 0.026
181 396 8 16 0.026
29 395 8 28 0.026
11 469 29 29 0.026
641 345 11 14 0.025
55 424 19 19 0.025
120 469 24 28 0.025
173 402 20 16 0.024
34 505 23 28 0.024
638 349 23 26 0.024
218 438 19 18 0.024
98 410 17 32 0.024
664 346 18 10 0.023
841 364 20 16 0.023
244 381 9 21 0.023
461 460 20 25 0.022
510 355 18 35 0.022
920 324 17 14 0.022
909 317 22 17 0.022
247 390 8 34 0.022
215 500 23 39 0.022
59 416 19 18 0.022
402 419 14 17 0.022
25 485 22 30 0.022
596 367 19 19 0.022
419 379 55 31 0.022
277 390 22 18 0.021
487 355 14 36 0.021
800 409 19 24 0.021
318 385 17 23 0.021
374 382 23 13 0.021
756 327 7 7 0.021
455 397 20 15 0.020
883 312 8 7 0.020
633 393 12 15 0.020
