2_Demonstration_Demonstrators_2_79
56
183 129 49 62 0.849
858 208 28 33 0.712
458 276 21 23 0.679
20 264 12 14 0.592
641 264 36 41 0.569
704 243 11 12 0.463
479 251 12 14 0.421
656 266 27 33 0.397
756 256 24 23 0.375
516 257 10 12 0.315
597 256 10 13 0.288
739 254 13 17 0.190
983 257 7 8 0.174
369 260 10 13 0.165
395 257 18 18 0.153
684 255 9 12 0.146
89 198 25 40 0.141
634 261 31 40 0.128
967 271 8 10 0.121
670 261 16 19 0.121
985 257 8 9 0.112
502 270 11 13 0.109
735 257 14 13 0.107
722 245 9 12 0.103
646 288 32 35 0.101
822 240 12 17 0.098
703 244 21 12 0.096
549 246 10 10 0.096
512 259 14 16 0.089
851 237 11 14 0.083
401 256 22 21 0.082
343 254 15 18 0.062
412 250 25 23 0.055
649 238 11 12 0.055
661 261 26 26 0.050
545 246 11 10 0.049
850 243 10 11 0.045
481 255 12 13 0.044
815 240 21 18 0.041
774 249 21 25 0.041
501 261 19 22 0.040
966 266 14 14 0.039
317 319 11 14 0.036
336 254 15 18 0.036
467 229 8 10 0.035
991 257 6 9 0.034
611 259 11 13 0.030
768 254 22 25 0.028
516 276 16 15 0.026
851 223 19 21 0.026
96 208 24 35 0.025
353 252 20 17 0.024
686 259 10 13 0.024
383 256 26 13 0.023
784 242 15 21 0.022
463 233 10 21 0.022
