2_Demonstration_Demonstration_Or_Protest_2_97
486
510 603 15 20 0.730
477 591 14 18 0.712
81 592 19 23 0.705
474 560 12 16 0.699
289 541 11 16 0.690
433 603 15 20 0.688
226 513 12 14 0.684
24 560 18 20 0.680
76 522 12 15 0.648
326 564 12 16 0.646
690 593 11 15 0.642
629 546 10 11 0.612
107 543 15 17 0.609
866 580 11 13 0.598
360 592 15 21 0.597
196 514 14 16 0.594
205 474 9 10 0.583
489 549 12 15 0.575
443 564 10 14 0.573
833 600 10 14 0.569
713 567 11 13 0.563
553 590 10 14 0.555
411 509 10 13 0.552
861 618 13 15 0.549
179 495 12 14 0.541
379 511 10 12 0.535
361 542 12 15 0.535
676 613 10 13 0.535
92 506 11 13 0.529
4 618 21 22 0.529
307 595 13 18 0.526
199 489 9 11 0.521
395 561 10 14 0.515
427 546 10 13 0.514
578 618 11 15 0.512
390 615 15 20 0.511
163 480 10 12 0.498
815 564 11 12 0.498
598 553 10 12 0.497
314 530 11 13 0.495
210 574 16 19 0.483
982 577 11 13 0.475
629 515 8 9 0.471
318 476 10 10 0.466
760 563 9 11 0.463
549 607 12 15 0.449
829 526 8 10 0.448
725 597 11 13 0.433
711 506 8 10 0.426
844 519 8 10 0.401
613 600 11 14 0.393
577 533 10 12 0.387
1 523 11 15 0.386
14 601 15 17 0.380
419 567 11 13 0.376
473 519 8 10 0.373
721 537 10 12 0.372
443 505 10 11 0.367
673 513 9 10 0.367
274 473 8 10 0.366
386 543 11 12 0.362
656 590 11 14 0.356
779 495 8 8 0.353
977 606 13 16 0.351
304 520 10 12 0.345
519 541 10 12 0.344
295 473 8 10 0.332
876 493 8 9 0.329
339 473 9 10 0.323
500 523 10 11 0.320
709 486 7 8 0.316
338 499 10 11 0.314
626 629 11 12 0.314
279 503 10 13 0.311
733 628 12 14 0.301
10 604 18 28 0.299
938 518 9 11 0.293
652 511 9 10 0.290
578 519 8 11 0.284
119 432 7 8 0.282
229 491 10 11 0.276
658 529 9 11 0.270
324 542 11 15 0.265
368 591 19 22 0.263
373 484 9 10 0.260
790 552 9 11 0.254
855 493 8 9 0.252
611 519 9 11 0.245
961 535 10 11 0.242
752 610 11 14 0.240
187 423 8 8 0.236
475 487 8 8 0.232
251 466 9 11 0.232
770 472 8 8 0.229
249 514 10 12 0.225
936 554 11 12 0.225
707 582 11 13 0.225
883 542 9 11 0.224
550 587 11 25 0.222
375 590 14 19 0.221
371 541 11 13 0.216
807 547 10 12 0.216
491 500 9 10 0.212
686 596 13 17 0.208
466 528 10 12 0.203
13 483 12 12 0.202
913 486 8 9 0.202
318 536 13 17 0.199
129 448 8 10 0.189
876 523 9 12 0.186
186 445 7 9 0.185
590 606 13 14 0.183
550 597 12 22 0.179
157 527 11 14 0.177
576 529 10 13 0.171
816 502 9 9 0.171
865 549 11 12 0.169
994 572 14 13 0.169
184 423 8 8 0.168
59 540 14 15 0.168
385 499 9 11 0.167
143 466 9 11 0.163
377 595 17 19 0.160
653 474 8 10 0.159
648 506 11 10 0.159
217 447 7 10 0.158
356 473 11 14 0.158
999 570 12 13 0.155
598 478 8 11 0.152
964 536 10 11 0.151
18 444 10 11 0.150
870 530 9 11 0.147
342 467 10 11 0.146
615 488 8 8 0.145
230 471 10 11 0.144
38 465 9 10 0.142
741 480 8 10 0.142
512 546 11 13 0.140
874 526 9 12 0.140
810 545 9 23 0.139
792 504 8 9 0.137
755 496 8 10 0.137
579 528 10 12 0.137
577 522 10 27 0.136
76 441 8 9 0.136
41 446 8 10 0.136
94 442 8 8 0.133
220 502 12 17 0.131
210 426 7 8 0.130
151 438 8 8 0.129
431 493 9 12 0.128
411 553 11 15 0.127
800 612 10 14 0.124
816 474 9 9 0.124
651 505 9 17 0.124
581 486 9 8 0.122
608 521 9 11 0.121
300 521 10 15 0.117
902 536 9 11 0.115
808 527 10 12 0.111
490 469 8 11 0.109
785 598 11 13 0.108
412 501 15 12 0.108
739 499 10 12 0.108
388 526 8 11 0.108
1015 615 9 16 0.107
260 480 8 10 0.107
232 473 9 22 0.106
683 488 11 8 0.105
365 501 9 11 0.104
943 580 14 14 0.103
574 450 8 8 0.103
771 520 9 9 0.103
682 488 7 17 0.102
147 466 8 11 0.102
517 470 8 9 0.100
191 424 5 7 0.100
910 502 9 12 0.099
621 581 12 14 0.098
226 611 15 24 0.098
245 466 15 11 0.097
98 484 11 12 0.096
722 530 9 12 0.096
947 583 12 14 0.095
546 587 16 15 0.093
707 569 10 29 0.092
267 517 11 17 0.092
685 517 9 10 0.090
197 486 12 26 0.089
229 469 8 10 0.089
338 473 23 10 0.089
955 537 13 12 0.089
854 503 8 11 0.088
721 581 13 35 0.088
740 499 15 9 0.086
980 572 11 15 0.085
502 489 9 14 0.085
501 544 12 15 0.083
354 595 16 19 0.083
439 488 27 9 0.083
876 490 13 12 0.083
890 628 12 12 0.083
44 422 8 9 0.083
740 521 9 10 0.079
23 551 17 21 0.079
435 486 17 16 0.079
763 555 10 12 0.078
101 529 12 13 0.077
674 553 12 14 0.077
424 480 18 11 0.077
310 436 7 7 0.076
757 519 9 11 0.076
141 508 11 13 0.075
376 587 12 15 0.075
1003 567 13 14 0.074
407 544 11 13 0.074
26 422 7 8 0.072
68 421 8 10 0.072
628 468 7 24 0.072
811 543 10 13 0.071
632 630 13 13 0.071
826 522 9 14 0.071
792 555 9 13 0.070
855 471 7 16 0.069
685 629 11 11 0.069
959 589 15 13 0.068
391 610 14 19 0.068
235 487 8 11 0.068
368 483 13 16 0.068
307 521 21 36 0.067
188 515 57 14 0.067
222 475 21 10 0.066
738 477 10 16 0.066
969 513 8 10 0.065
790 548 9 12 0.064
923 538 9 12 0.064
135 490 10 12 0.064
326 516 10 12 0.063
536 588 12 14 0.062
468 520 11 16 0.062
999 521 11 12 0.062
408 636 16 9 0.061
353 542 14 14 0.061
161 517 11 14 0.061
601 547 12 16 0.061
948 469 8 14 0.061
385 621 17 19 0.061
583 609 14 16 0.061
629 517 9 11 0.060
348 477 11 16 0.060
888 591 10 13 0.059
997 528 9 12 0.059
618 600 13 16 0.059
828 521 25 12 0.059
489 493 13 18 0.059
891 550 9 13 0.058
454 499 11 18 0.057
757 494 7 24 0.057
964 514 12 11 0.057
937 515 10 9 0.057
79 524 14 16 0.057
891 491 15 11 0.056
374 449 10 20 0.056
757 510 13 20 0.056
773 517 17 12 0.056
782 520 8 9 0.055
610 516 31 9 0.055
992 508 9 11 0.054
921 507 14 10 0.054
871 536 19 22 0.054
795 514 16 16 0.053
152 451 7 16 0.053
11 484 11 14 0.053
504 491 11 13 0.052
462 467 7 29 0.052
513 538 17 18 0.051
19 479 14 15 0.051
205 512 31 16 0.051
227 601 19 21 0.051
140 466 10 11 0.051
328 561 13 18 0.051
979 611 14 15 0.051
762 519 25 9 0.051
17 443 19 10 0.051
793 538 12 22 0.050
928 553 17 11 0.050
738 517 17 13 0.050
249 444 8 26 0.050
985 554 14 15 0.049
581 474 8 27 0.049
179 423 8 8 0.049
281 499 12 19 0.049
719 553 9 15 0.049
589 497 13 15 0.049
357 462 11 27 0.048
778 622 13 14 0.048
999 523 10 20 0.047
515 459 11 26 0.047
911 453 8 24 0.047
799 515 9 23 0.047
932 448 9 16 0.047
971 506 9 15 0.046
298 423 6 6 0.046
385 518 12 52 0.046
175 537 12 17 0.046
1012 451 8 14 0.046
12 614 17 22 0.046
404 631 17 14 0.045
886 502 8 21 0.045
406 472 15 18 0.045
55 412 7 20 0.045
922 531 12 18 0.045
678 517 11 12 0.045
149 517 22 15 0.044
87 470 8 10 0.044
110 432 19 8 0.044
802 611 12 15 0.044
399 471 15 18 0.044
800 513 19 19 0.044
678 492 7 32 0.044
105 447 9 10 0.043
629 454 5 44 0.043
763 588 13 14 0.043
748 607 27 17 0.043
453 489 31 10 0.042
645 440 5 39 0.042
1005 572 12 13 0.042
856 458 7 30 0.042
965 585 13 22 0.041
91 478 14 17 0.041
411 479 10 27 0.041
648 590 15 15 0.040
995 550 12 18 0.040
179 535 11 16 0.040
761 585 12 19 0.040
785 470 9 27 0.040
938 555 12 18 0.040
262 424 6 6 0.040
435 468 15 31 0.040
489 456 10 32 0.040
29 514 13 13 0.040
846 571 11 12 0.040
788 600 20 24 0.040
387 501 24 11 0.039
348 447 11 22 0.039
509 519 15 10 0.039
250 437 7 17 0.039
791 482 12 24 0.039
194 616 16 18 0.039
509 593 15 23 0.039
584 541 13 16 0.039
267 449 13 21 0.038
881 470 15 27 0.038
580 568 10 19 0.037
132 497 12 19 0.037
67 425 18 9 0.037
925 508 11 20 0.037
52 418 12 20 0.037
909 526 12 15 0.037
793 605 15 21 0.037
991 499 9 21 0.036
899 444 11 28 0.036
1013 550 10 26 0.036
742 477 7 35 0.035
654 461 7 31 0.035
828 484 8 16 0.035
545 448 10 10 0.035
734 515 16 17 0.034
174 545 12 19 0.034
397 485 16 19 0.034
233 600 15 19 0.034
703 580 11 13 0.034
643 450 6 30 0.033
706 541 13 12 0.033
656 487 14 28 0.033
624 580 10 22 0.033
511 521 14 29 0.033
1010 447 9 19 0.033
912 500 8 27 0.032
589 554 14 15 0.032
379 585 11 14 0.032
1011 619 12 15 0.032
772 614 14 15 0.032
179 486 13 11 0.032
229 477 11 36 0.032
758 566 10 25 0.031
853 459 9 20 0.031
324 510 19 19 0.031
664 495 19 30 0.031
715 450 11 30 0.030
713 547 10 15 0.030
632 480 15 24 0.030
110 565 14 15 0.030
766 585 12 14 0.030
854 564 11 24 0.030
945 490 9 10 0.030
593 610 11 16 0.030
269 500 21 31 0.030
846 566 16 16 0.029
332 445 11 28 0.029
453 530 26 17 0.029
127 485 17 22 0.029
42 446 13 12 0.028
632 548 9 14 0.028
202 495 19 23 0.028
1002 623 12 14 0.028
864 618 15 15 0.028
406 458 21 20 0.028
1004 523 18 15 0.028
961 450 6 36 0.028
502 443 11 31 0.027
630 480 11 30 0.027
855 507 11 26 0.027
117 483 12 12 0.027
941 582 28 18 0.027
382 537 26 82 0.027
421 502 12 82 0.027
714 506 12 30 0.027
435 609 15 18 0.026
612 549 24 13 0.026
665 482 13 26 0.026
874 444 10 29 0.026
954 528 14 17 0.026
526 502 8 13 0.026
475 491 9 21 0.026
886 620 12 18 0.026
435 458 16 27 0.025
319 575 12 17 0.025
636 565 10 15 0.025
260 423 9 11 0.025
366 526 10 22 0.025
45 438 25 10 0.025
599 496 15 21 0.025
145 451 16 14 0.025
67 563 12 15 0.024
847 553 15 11 0.024
986 470 11 23 0.024
92 436 22 19 0.024
94 511 11 14 0.024
7 479 16 14 0.024
876 453 8 34 0.024
879 510 15 24 0.024
503 564 10 19 0.024
947 486 11 17 0.024
308 444 13 24 0.024
598 476 18 28 0.024
304 462 20 26 0.024
169 536 20 21 0.024
658 537 13 17 0.024
855 468 18 27 0.024
584 493 12 26 0.023
384 445 16 26 0.023
717 473 14 25 0.023
966 595 14 17 0.023
263 496 10 17 0.023
202 447 9 82 0.023
249 435 8 9 0.023
905 451 16 22 0.023
1008 540 14 18 0.022
749 439 6 35 0.022
140 421 7 28 0.022
0 526 8 16 0.022
993 500 11 17 0.022
881 624 22 15 0.022
72 513 14 18 0.022
780 595 18 16 0.022
996 535 13 21 0.022
188 517 13 15 0.022
152 524 12 15 0.022
418 452 17 29 0.022
763 465 17 25 0.022
311 423 5 41 0.022
420 440 14 36 0.022
993 535 11 23 0.022
276 447 14 25 0.021
981 553 13 19 0.021
588 613 14 17 0.021
44 622 11 14 0.021
444 467 23 34 0.021
260 423 14 14 0.021
613 495 12 25 0.021
961 442 8 32 0.021
221 619 16 17 0.021
503 564 20 17 0.020
947 461 16 24 0.020
509 422 9 30 0.020
