2_Demonstration_Political_Rally_2_483
329
718 51 141 194 0.862
499 289 30 37 0.816
340 292 30 34 0.798
309 364 33 38 0.785
531 307 33 36 0.782
234 322 31 35 0.776
270 264 24 29 0.770
571 291 26 31 0.757
614 284 32 35 0.756
0 280 20 38 0.751
453 315 34 39 0.750
1013 222 11 31 0.743
275 289 30 34 0.742
315 255 24 32 0.738
241 217 19 20 0.735
248 242 21 25 0.721
284 328 28 34 0.713
934 193 16 18 0.705
559 344 29 39 0.700
1003 382 21 47 0.698
169 230 23 25 0.694
304 210 18 22 0.689
589 259 24 28 0.681
249 357 24 35 0.665
98 223 16 19 0.652
187 314 32 35 0.652
983 195 13 18 0.650
569 214 18 23 0.650
478 225 19 23 0.649
526 201 17 21 0.648
409 374 34 44 0.648
218 225 18 21 0.643
456 237 18 20 0.640
897 186 13 17 0.639
78 252 18 22 0.635
991 226 18 22 0.624
58 241 18 23 0.620
226 202 16 18 0.617
521 372 35 36 0.606
1002 200 16 19 0.606
207 198 13 17 0.605
972 217 18 21 0.601
7 218 14 16 0.599
104 248 19 23 0.592
78 196 15 19 0.574
126 228 19 21 0.572
21 202 15 17 0.571
129 188 13 16 0.567
515 182 16 18 0.567
336 197 14 17 0.550
295 261 22 28 0.549
582 376 40 48 0.541
259 186 12 15 0.534
418 180 18 20 0.534
41 260 19 23 0.528
953 205 16 20 0.527
275 197 14 18 0.511
617 173 14 16 0.495
512 234 22 24 0.490
316 189 14 15 0.490
444 190 16 16 0.484
184 180 12 15 0.474
450 201 16 19 0.469
217 182 12 15 0.469
528 283 27 29 0.447
715 185 17 21 0.447
370 320 27 34 0.444
125 251 19 23 0.440
41 228 16 19 0.419
1006 183 12 14 0.417
331 230 20 24 0.415
268 231 20 23 0.411
437 176 14 16 0.409
44 207 14 17 0.409
150 201 16 18 0.406
349 183 14 16 0.402
107 202 13 17 0.402
923 172 12 14 0.391
1002 317 19 25 0.390
989 177 12 15 0.388
443 273 26 29 0.387
544 252 22 24 0.387
78 239 15 19 0.364
912 181 16 19 0.358
981 282 20 26 0.353
69 178 10 12 0.352
970 173 13 15 0.344
396 278 28 35 0.338
960 174 13 14 0.336
945 174 12 14 0.331
660 171 14 16 0.309
28 180 11 12 0.308
481 276 22 26 0.306
919 178 15 19 0.296
1001 223 23 27 0.290
171 178 11 13 0.288
190 206 15 18 0.287
350 219 18 21 0.284
143 213 14 17 0.277
1003 153 12 11 0.274
143 204 19 20 0.262
501 160 13 16 0.255
953 237 18 22 0.251
382 186 14 18 0.246
125 238 20 27 0.241
155 173 11 12 0.237
437 216 16 17 0.233
493 177 13 16 0.231
455 170 14 16 0.230
346 176 17 19 0.228
446 195 19 22 0.224
936 158 11 12 0.218
208 164 11 12 0.217
280 177 13 13 0.216
43 178 10 13 0.214
196 166 11 13 0.213
405 165 17 15 0.208
464 228 34 22 0.205
55 194 11 14 0.204
27 303 30 32 0.196
64 295 21 27 0.194
12 238 17 23 0.193
242 189 12 15 0.185
174 198 12 15 0.185
278 221 17 20 0.181
942 176 15 18 0.179
322 168 11 14 0.179
297 177 13 14 0.178
302 254 31 28 0.177
41 213 15 23 0.177
38 245 17 24 0.173
950 176 21 15 0.173
547 185 15 16 0.172
336 407 33 42 0.171
637 171 13 16 0.169
98 472 44 44 0.168
179 162 10 12 0.166
84 181 12 13 0.165
392 300 27 32 0.164
57 207 13 16 0.163
234 166 11 14 0.163
349 166 13 15 0.161
347 169 14 19 0.159
2 171 10 13 0.159
901 183 24 17 0.158
412 165 13 15 0.158
6 190 13 16 0.156
969 220 38 23 0.155
140 165 9 10 0.154
401 166 12 14 0.153
660 176 14 19 0.151
145 180 12 15 0.146
100 164 10 12 0.146
1005 187 15 29 0.146
380 167 12 15 0.144
308 207 19 21 0.144
177 191 15 21 0.144
52 179 11 12 0.144
238 223 29 42 0.140
471 216 20 24 0.139
651 200 14 18 0.135
498 160 15 24 0.134
334 159 10 12 0.133
923 183 20 22 0.132
240 171 16 15 0.130
9 206 26 20 0.130
457 171 15 18 0.127
107 302 24 28 0.127
256 290 29 32 0.126
173 202 20 16 0.124
999 202 22 48 0.124
687 183 21 21 0.124
201 166 20 12 0.122
259 188 30 24 0.121
110 172 19 13 0.117
35 253 24 58 0.116
467 217 17 19 0.116
984 290 29 29 0.114
47 246 49 29 0.112
180 163 11 34 0.111
24 263 20 25 0.109
332 186 22 27 0.108
143 169 11 17 0.107
162 201 22 15 0.106
244 172 11 32 0.103
113 192 17 15 0.103
471 235 21 22 0.101
649 170 27 16 0.101
107 270 24 32 0.100
685 182 14 19 0.100
27 180 30 12 0.098
207 184 28 21 0.092
15 248 20 32 0.092
103 170 17 15 0.092
37 192 12 25 0.092
44 180 24 15 0.092
100 179 14 14 0.091
21 251 24 26 0.090
971 177 32 14 0.088
974 195 21 52 0.087
471 176 14 26 0.086
282 177 25 15 0.085
335 176 12 16 0.083
13 243 20 23 0.083
107 478 53 36 0.082
473 169 13 17 0.082
299 192 12 15 0.081
114 170 11 28 0.081
611 328 36 45 0.080
482 190 20 17 0.079
469 209 17 21 0.078
379 187 14 37 0.077
494 180 47 23 0.076
105 215 22 54 0.073
470 187 21 18 0.073
109 283 26 31 0.073
531 184 38 19 0.072
158 321 25 28 0.072
294 252 22 22 0.072
313 178 20 44 0.070
320 166 17 18 0.069
696 185 37 21 0.069
374 217 15 19 0.068
430 210 20 23 0.068
59 212 13 17 0.066
380 163 13 17 0.065
554 185 14 18 0.063
8 184 19 15 0.063
400 180 18 20 0.063
388 164 34 19 0.062
690 190 18 19 0.062
947 206 17 19 0.062
977 163 10 11 0.062
27 301 61 30 0.061
253 289 22 27 0.061
564 354 36 44 0.061
337 184 18 77 0.060
457 185 22 21 0.059
107 263 24 27 0.058
124 167 24 14 0.055
431 284 27 30 0.055
227 162 18 72 0.054
519 360 32 34 0.053
530 272 24 25 0.052
274 169 11 21 0.051
476 156 12 15 0.051
129 172 14 98 0.051
269 291 24 28 0.051
570 260 19 25 0.050
411 217 15 18 0.050
921 163 33 21 0.050
515 246 21 25 0.049
126 166 11 12 0.049
427 172 39 44 0.048
536 185 19 23 0.048
261 162 11 11 0.048
81 211 14 24 0.048
76 177 14 15 0.047
205 183 31 66 0.047
218 230 20 25 0.046
35 212 24 73 0.045
227 309 28 36 0.045
24 294 29 33 0.045
649 194 13 16 0.045
537 169 12 13 0.044
104 268 21 26 0.044
137 200 14 19 0.044
419 246 18 24 0.041
324 163 26 24 0.041
93 152 10 10 0.040
391 273 27 29 0.039
445 286 25 29 0.039
356 239 18 24 0.039
110 291 21 27 0.039
486 171 22 18 0.039
225 304 23 31 0.039
695 181 22 25 0.039
309 163 11 11 0.038
341 418 37 43 0.037
248 168 17 19 0.037
205 208 16 18 0.037
573 368 39 47 0.036
690 166 12 12 0.036
83 173 22 21 0.036
2 202 12 25 0.036
403 184 20 21 0.035
504 155 17 24 0.035
154 146 13 98 0.035
487 187 23 18 0.035
395 185 21 22 0.035
16 187 41 57 0.034
689 196 15 17 0.034
280 164 12 11 0.034
319 163 22 14 0.034
419 366 35 45 0.033
418 286 29 33 0.033
593 378 43 53 0.033
34 311 31 29 0.031
710 164 14 19 0.031
564 259 20 24 0.031
386 374 41 47 0.030
36 193 55 45 0.030
262 162 19 12 0.030
367 147 11 11 0.030
305 166 15 24 0.029
353 163 15 14 0.029
116 221 19 21 0.028
194 326 33 33 0.028
1006 366 17 41 0.028
936 213 16 19 0.028
437 221 17 19 0.027
251 232 28 31 0.027
180 151 23 88 0.026
456 164 15 16 0.026
406 340 31 35 0.025
93 152 10 22 0.025
643 155 32 66 0.024
1008 154 11 11 0.023
537 285 28 27 0.023
895 183 21 24 0.023
149 164 37 31 0.023
637 260 26 29 0.022
725 167 29 45 0.022
63 287 19 24 0.022
115 275 26 29 0.021
409 203 16 26 0.021
240 284 21 25 0.021
513 168 20 15 0.021
5 215 20 24 0.020
