2_Demonstration_Protesters_2_512
89
386 321 16 21 0.641
538 315 19 23 0.591
954 284 21 27 0.566
88 279 17 23 0.541
112 305 19 22 0.523
828 291 20 25 0.479
0 287 10 23 0.412
481 324 24 33 0.386
499 285 14 20 0.376
212 300 16 20 0.358
109 273 20 23 0.342
714 310 26 28 0.336
158 300 19 26 0.314
16 292 17 21 0.296
52 399 20 25 0.285
59 296 17 22 0.276
322 309 17 20 0.252
262 312 18 23 0.239
1 288 22 22 0.235
294 313 20 23 0.208
92 276 21 22 0.208
443 312 17 21 0.181
0 372 8 34 0.175
231 314 18 25 0.167
158 309 19 25 0.131
562 333 19 24 0.126
115 310 19 27 0.124
155 289 18 29 0.115
76 376 21 25 0.107
555 314 25 26 0.097
825 297 21 25 0.093
945 273 29 33 0.092
559 318 24 36 0.089
622 240 19 20 0.087
289 314 51 20 0.081
656 332 27 27 0.079
12 299 17 23 0.077
433 317 19 24 0.071
224 298 22 34 0.068
944 297 20 27 0.067
632 408 37 44 0.067
646 292 22 27 0.067
488 315 18 24 0.066
664 340 24 26 0.066
902 286 12 13 0.064
152 283 18 22 0.059
279 317 26 21 0.057
539 316 28 28 0.055
769 311 25 30 0.050
789 290 17 21 0.047
547 311 22 25 0.046
609 299 22 25 0.045
691 312 19 25 0.045
567 315 17 26 0.045
833 296 18 23 0.044
906 287 13 14 0.044
695 311 31 27 0.044
257 394 24 27 0.039
319 318 16 21 0.038
647 326 26 28 0.038
219 284 17 27 0.034
229 286 21 25 0.034
642 312 32 47 0.034
223 291 25 26 0.034
450 314 22 23 0.032
722 317 25 27 0.029
339 334 17 22 0.029
111 292 18 24 0.029
300 313 18 18 0.029
225 277 18 21 0.027
749 302 25 27 0.027
2 292 15 24 0.027
433 326 20 26 0.026
837 289 20 25 0.025
744 303 22 26 0.025
728 307 26 28 0.024
758 300 25 31 0.024
960 279 19 25 0.023
219 303 20 28 0.023
632 326 31 28 0.022
63 278 17 29 0.022
616 243 17 20 0.022
940 268 23 31 0.022
65 302 15 18 0.022
660 354 25 32 0.022
604 274 17 19 0.022
232 297 26 29 0.021
733 263 17 21 0.021
159 320 17 20 0.020
