2_Demonstration_Demonstrators_2_429
24
814 219 24 27 0.737
884 207 23 29 0.557
878 210 19 27 0.232
1011 209 12 25 0.182
1006 243 15 23 0.178
946 217 29 27 0.112
745 234 22 27 0.109
747 196 26 33 0.097
749 228 21 27 0.095
747 208 24 49 0.083
958 218 21 25 0.083
941 217 21 28 0.059
773 265 16 20 0.046
964 220 19 28 0.046
945 227 19 30 0.043
939 212 18 23 0.042
744 243 20 27 0.042
970 234 21 26 0.035
968 233 36 32 0.032
971 243 19 27 0.028
893 207 21 25 0.028
90 438 8 10 0.026
1010 279 13 25 0.022
1007 219 14 24 0.022
