2_Demonstration_Demonstration_Or_Protest_2_843
54
3 393 60 68 0.832
559 336 51 74 0.820
139 466 76 92 0.751
756 451 69 84 0.722
794 85 16 19 0.583
843 63 18 21 0.571
637 86 14 15 0.338
938 299 28 39 0.331
772 84 14 16 0.304
963 194 22 25 0.188
487 430 26 47 0.186
1001 12 22 45 0.176
133 237 20 29 0.175
1010 246 14 31 0.173
967 237 23 28 0.134
583 144 15 19 0.131
578 79 15 17 0.125
202 305 24 31 0.101
265 250 22 27 0.088
50 186 11 14 0.087
66 231 13 15 0.079
832 94 17 22 0.074
1008 354 16 40 0.073
945 217 19 24 0.063
0 302 13 29 0.057
19 221 14 19 0.050
961 181 17 21 0.045
1010 405 14 70 0.044
1013 215 11 28 0.043
134 208 12 14 0.041
28 197 14 18 0.040
1009 294 15 40 0.040
942 0 25 14 0.039
493 440 29 49 0.037
215 246 16 21 0.037
83 303 26 37 0.037
628 72 18 22 0.034
447 504 46 69 0.033
359 452 29 46 0.033
0 342 20 55 0.033
21 207 16 36 0.031
850 63 18 21 0.030
960 171 16 26 0.029
879 75 14 16 0.027
441 322 34 46 0.026
987 180 19 23 0.026
634 80 20 24 0.025
1014 223 10 40 0.023
775 86 24 16 0.023
1004 215 19 29 0.022
13 219 17 22 0.021
239 271 22 33 0.021
969 247 20 25 0.020
609 102 15 20 0.020
