2_Demonstration_Protesters_2_301
32
573 510 60 73 0.853
666 148 28 37 0.851
460 126 40 48 0.824
124 168 84 99 0.818
899 96 41 58 0.796
808 146 20 25 0.761
833 304 49 70 0.747
620 148 21 24 0.742
791 150 16 24 0.611
845 125 20 29 0.506
943 278 43 70 0.412
672 117 16 20 0.316
687 371 32 40 0.303
781 151 20 24 0.298
839 128 17 23 0.278
705 390 40 38 0.181
774 152 18 24 0.173
709 133 22 41 0.161
670 120 20 24 0.152
257 193 13 17 0.107
326 216 11 12 0.083
696 378 46 39 0.070
760 140 17 32 0.062
835 136 14 19 0.032
643 130 14 17 0.030
708 131 19 27 0.028
331 189 9 13 0.028
852 116 22 29 0.027
709 151 19 27 0.025
852 130 17 27 0.024
329 219 9 10 0.024
794 146 12 17 0.021
