2_Demonstration_Demonstration_Or_Protest_2_348
81
74 146 36 48 0.817
433 181 17 20 0.785
336 175 24 29 0.763
910 198 18 23 0.733
235 183 21 26 0.692
503 192 22 24 0.684
659 196 16 20 0.676
620 195 15 18 0.675
4 186 14 17 0.659
857 213 11 12 0.646
824 213 11 13 0.624
993 213 13 16 0.612
154 197 16 19 0.599
781 195 16 20 0.566
123 186 16 19 0.522
691 196 13 16 0.503
172 169 11 14 0.475
840 213 11 13 0.474
650 198 18 21 0.466
531 197 18 18 0.466
278 193 12 14 0.465
697 212 15 14 0.316
409 202 12 16 0.311
435 152 15 17 0.307
693 204 16 18 0.304
1005 212 15 16 0.210
406 204 16 18 0.185
211 196 12 14 0.178
900 207 15 19 0.171
220 168 13 13 0.156
381 204 16 18 0.154
825 213 28 14 0.153
587 205 13 16 0.146
1010 183 13 16 0.134
738 199 9 11 0.134
842 212 30 14 0.125
539 199 13 16 0.117
271 191 15 16 0.117
261 191 33 18 0.113
714 213 9 11 0.097
96 167 32 34 0.091
116 192 57 18 0.089
126 183 12 14 0.088
191 180 10 11 0.087
566 202 11 13 0.082
172 192 15 19 0.081
209 194 24 18 0.072
42 191 14 15 0.065
1012 239 12 23 0.064
524 181 15 21 0.061
264 193 13 17 0.060
456 183 14 19 0.057
162 197 20 19 0.056
0 221 7 24 0.050
841 210 9 10 0.048
296 186 12 14 0.047
883 221 9 10 0.046
735 217 10 14 0.044
641 191 13 16 0.044
172 181 14 24 0.043
901 214 17 21 0.036
1010 186 12 32 0.036
568 201 15 15 0.036
209 191 13 18 0.036
173 170 14 15 0.034
826 210 10 10 0.033
736 201 9 22 0.033
523 174 14 18 0.032
308 199 15 16 0.032
173 185 22 18 0.031
0 187 39 14 0.030
213 191 14 18 0.030
322 202 15 16 0.030
645 200 15 18 0.028
587 198 14 17 0.026
212 157 24 67 0.024
457 188 14 25 0.023
247 184 23 23 0.023
787 196 14 18 0.023
591 205 13 15 0.022
129 186 17 15 0.021
