2_Demonstration_Demonstration_Or_Protest_2_422
31
545 327 73 78 0.828
840 370 45 47 0.821
110 406 16 20 0.772
143 381 23 29 0.767
80 396 19 24 0.648
638 386 25 31 0.568
679 416 23 30 0.473
774 397 19 29 0.454
165 407 18 22 0.389
204 423 14 17 0.369
433 385 37 45 0.340
175 418 18 25 0.264
65 408 15 21 0.231
998 409 26 39 0.218
73 403 20 24 0.199
777 389 20 30 0.145
166 414 36 25 0.123
1007 359 17 41 0.089
672 407 27 37 0.068
423 380 32 45 0.053
43 388 17 22 0.046
82 406 18 22 0.044
707 403 20 25 0.031
419 381 24 38 0.030
781 383 19 30 0.029
477 344 29 33 0.028
101 405 13 18 0.024
688 417 32 28 0.023
713 405 16 19 0.022
1013 433 10 25 0.021
173 407 17 21 0.021
