2_Demonstration_Demonstration_Or_Protest_2_776
277
251 498 20 26 0.733
186 307 11 13 0.602
47 337 17 23 0.572
142 287 10 11 0.565
409 496 20 30 0.562
289 370 13 15 0.532
49 299 12 14 0.466
219 311 11 15 0.462
88 468 19 27 0.447
231 371 13 16 0.395
870 480 14 16 0.393
12 314 16 20 0.371
293 297 8 10 0.370
0 520 18 34 0.369
901 410 8 11 0.360
251 313 11 13 0.343
884 510 13 15 0.334
162 309 11 14 0.329
328 305 9 10 0.315
70 457 16 27 0.303
173 461 15 23 0.286
649 379 10 14 0.281
175 569 21 32 0.275
365 301 9 11 0.266
45 329 16 22 0.252
523 386 10 13 0.245
73 455 17 23 0.233
361 349 10 14 0.227
245 289 11 13 0.227
433 382 11 15 0.226
249 338 12 14 0.213
586 357 10 13 0.209
166 279 9 10 0.209
116 337 15 21 0.208
858 420 11 12 0.207
961 503 13 15 0.202
701 391 12 15 0.200
210 346 12 15 0.189
335 423 12 19 0.188
863 419 11 12 0.185
204 265 7 8 0.181
431 300 8 9 0.178
179 287 10 11 0.168
390 314 11 12 0.166
411 335 10 12 0.163
344 305 7 9 0.157
936 501 12 15 0.151
213 452 13 18 0.145
73 466 20 27 0.142
246 336 11 14 0.140
472 339 10 11 0.138
338 278 8 11 0.132
486 338 10 13 0.131
352 323 9 10 0.130
928 426 8 9 0.130
113 296 11 14 0.129
474 289 7 8 0.128
211 293 11 10 0.127
434 282 8 8 0.125
254 304 9 22 0.122
543 314 9 9 0.121
299 279 8 9 0.121
997 458 9 12 0.121
969 456 8 10 0.117
952 449 9 10 0.117
551 432 14 14 0.113
619 384 13 15 0.111
694 337 8 10 0.108
330 337 9 12 0.105
473 334 10 18 0.103
340 277 10 10 0.098
316 383 10 14 0.097
422 312 9 12 0.096
109 342 19 23 0.094
430 298 7 13 0.093
1002 386 8 8 0.092
639 333 8 10 0.091
452 276 7 12 0.090
252 318 11 15 0.088
246 292 22 12 0.087
340 291 8 11 0.085
928 388 10 13 0.084
535 400 11 13 0.084
872 388 10 10 0.083
335 319 9 19 0.082
296 330 10 12 0.082
4 512 17 31 0.081
78 452 17 25 0.081
288 314 9 11 0.081
259 544 20 22 0.081
946 410 9 10 0.079
842 443 10 12 0.078
717 373 9 11 0.078
15 292 12 17 0.078
109 416 20 20 0.075
437 321 9 10 0.075
544 275 7 8 0.075
250 272 8 9 0.074
213 343 18 14 0.074
423 351 11 12 0.073
123 482 19 26 0.073
378 380 13 16 0.070
578 333 10 11 0.070
418 330 12 14 0.070
444 329 8 10 0.069
0 597 16 39 0.069
283 281 8 16 0.069
420 370 12 13 0.068
107 533 20 30 0.068
188 291 18 11 0.068
411 391 12 14 0.067
475 318 9 9 0.067
305 345 10 12 0.066
427 300 13 14 0.066
240 337 22 18 0.066
378 313 9 11 0.065
67 465 17 25 0.064
536 430 18 16 0.064
376 335 9 11 0.064
228 374 13 15 0.064
358 274 10 8 0.062
167 466 17 25 0.062
181 386 15 16 0.062
695 355 9 11 0.059
159 504 16 22 0.059
637 330 9 10 0.058
70 542 30 43 0.058
394 357 9 12 0.058
269 294 9 20 0.057
528 297 7 19 0.057
1007 162 8 9 0.057
326 304 9 17 0.056
474 284 8 16 0.056
801 369 12 13 0.055
528 389 14 23 0.054
1007 472 10 11 0.054
370 273 8 9 0.054
285 286 11 20 0.053
335 275 11 10 0.052
1011 446 10 11 0.049
898 437 9 10 0.049
313 279 7 22 0.049
652 314 8 9 0.049
399 337 24 10 0.049
270 274 7 8 0.048
233 374 14 18 0.048
876 419 10 12 0.047
267 275 10 19 0.047
798 370 10 12 0.047
105 293 15 14 0.047
876 378 10 10 0.047
54 300 12 13 0.047
620 386 20 14 0.047
580 331 10 11 0.046
562 399 11 16 0.046
937 504 23 14 0.046
155 329 13 16 0.045
370 424 9 15 0.045
340 281 8 29 0.045
169 280 16 29 0.045
237 465 16 21 0.045
942 426 8 10 0.044
870 389 9 10 0.044
467 312 7 9 0.044
45 427 22 26 0.043
250 272 13 8 0.043
962 508 13 15 0.043
300 280 24 10 0.042
193 290 8 9 0.042
950 378 7 14 0.042
104 345 18 23 0.042
956 369 8 9 0.041
550 384 12 12 0.041
524 327 10 9 0.041
1015 429 8 12 0.040
1004 385 13 9 0.040
343 313 17 19 0.039
247 297 9 31 0.038
868 417 12 12 0.038
129 317 13 18 0.038
928 427 23 8 0.038
401 376 11 14 0.038
490 339 10 12 0.037
473 369 12 14 0.037
229 341 16 12 0.037
97 287 10 13 0.037
297 264 8 8 0.036
284 338 10 14 0.036
293 330 16 17 0.036
854 377 9 10 0.036
431 352 18 12 0.035
178 391 16 22 0.035
440 352 11 13 0.034
698 352 9 11 0.034
266 285 19 20 0.034
435 276 6 40 0.034
741 400 11 14 0.034
420 522 18 26 0.033
940 500 16 16 0.033
497 370 11 14 0.033
166 277 8 9 0.033
269 425 16 20 0.033
210 455 15 25 0.033
535 416 31 30 0.033
140 440 19 31 0.033
418 328 14 33 0.032
987 500 12 12 0.032
702 387 13 16 0.032
507 286 5 28 0.031
38 422 25 28 0.031
249 280 10 45 0.031
1009 473 10 12 0.031
870 420 13 13 0.031
696 340 19 11 0.031
271 312 11 11 0.031
280 400 16 21 0.030
452 272 14 19 0.030
354 272 21 13 0.030
486 303 10 18 0.030
401 425 12 15 0.030
708 344 8 10 0.030
580 289 8 8 0.029
272 468 16 19 0.029
531 430 15 16 0.029
799 407 11 13 0.028
543 298 8 35 0.028
604 382 11 12 0.028
370 269 9 19 0.028
902 555 12 15 0.028
873 390 15 9 0.028
677 358 8 12 0.028
984 381 8 9 0.027
200 265 7 8 0.027
433 325 23 14 0.027
488 276 9 7 0.027
138 296 13 14 0.027
373 337 23 11 0.027
991 469 9 11 0.027
290 294 11 18 0.027
637 385 11 14 0.027
559 422 13 14 0.027
397 363 10 20 0.026
953 367 10 13 0.026
272 417 16 30 0.026
897 407 14 16 0.026
165 281 12 14 0.026
573 311 15 16 0.025
412 331 14 19 0.025
3 314 15 20 0.025
504 292 11 27 0.025
903 357 8 8 0.025
458 392 14 16 0.025
511 311 11 20 0.024
450 367 10 14 0.024
918 342 9 8 0.024
901 413 10 11 0.023
681 370 9 11 0.023
927 378 10 26 0.023
927 376 8 11 0.023
357 306 15 23 0.023
402 374 17 18 0.023
136 315 41 17 0.023
679 362 9 18 0.023
232 468 17 22 0.022
310 277 28 12 0.022
604 308 8 23 0.022
446 298 8 26 0.022
246 389 12 15 0.022
996 459 17 20 0.022
877 429 10 12 0.022
473 338 20 15 0.022
177 400 17 21 0.022
721 397 10 16 0.021
554 319 9 9 0.021
990 472 9 11 0.021
308 298 9 15 0.020
208 264 9 19 0.020
