2_Demonstration_Demonstrators_2_682
42
793 394 97 123 0.874
728 325 60 70 0.873
921 295 52 65 0.868
975 290 49 80 0.866
409 389 81 104 0.864
197 441 65 89 0.860
549 382 63 76 0.855
489 366 59 67 0.845
664 295 35 44 0.820
353 411 63 82 0.798
62 441 58 72 0.788
872 291 43 48 0.782
959 224 33 42 0.770
318 342 15 19 0.697
49 416 42 57 0.665
604 318 56 63 0.525
987 253 37 47 0.504
592 294 14 16 0.413
1 432 24 35 0.184
631 279 19 23 0.165
470 104 14 16 0.164
13 437 23 28 0.086
598 318 36 44 0.076
622 317 42 51 0.069
558 80 8 10 0.060
402 120 12 12 0.059
378 362 18 25 0.055
551 306 19 24 0.049
527 94 9 10 0.047
360 361 12 13 0.045
15 439 29 36 0.041
350 363 13 13 0.041
626 293 21 25 0.039
55 431 45 68 0.039
606 286 12 14 0.036
600 320 18 25 0.034
506 98 12 13 0.034
41 428 36 54 0.030
14 418 26 32 0.030
488 96 12 14 0.030
440 113 10 11 0.028
359 361 20 17 0.021
