2_Demonstration_Demonstration_Or_Protest_2_497
151
441 241 63 77 0.827
913 377 48 56 0.807
79 224 83 111 0.798
379 448 66 82 0.788
927 331 45 50 0.780
253 216 56 67 0.780
496 245 42 51 0.746
876 285 37 40 0.737
660 280 39 44 0.658
753 221 16 19 0.604
683 248 24 27 0.590
229 14 11 13 0.518
306 208 36 45 0.512
191 12 11 12 0.490
272 394 49 77 0.486
630 266 30 37 0.482
962 283 21 24 0.435
778 251 19 21 0.434
869 238 13 15 0.432
730 216 15 17 0.427
987 297 27 31 0.418
729 241 21 23 0.402
674 383 57 86 0.380
812 299 33 37 0.375
604 347 58 67 0.373
580 259 32 43 0.319
675 228 18 18 0.288
15 121 41 48 0.262
707 276 29 37 0.249
209 14 11 13 0.240
129 196 49 58 0.222
956 159 10 12 0.198
628 240 21 26 0.196
667 226 18 19 0.187
316 244 52 63 0.177
928 285 19 24 0.172
839 234 14 17 0.158
1006 307 18 35 0.155
780 217 16 20 0.148
631 232 20 25 0.148
147 4 10 12 0.144
918 291 18 21 0.124
896 245 14 16 0.120
653 219 13 16 0.119
631 226 19 22 0.114
805 215 13 16 0.114
240 289 52 60 0.108
824 249 18 22 0.096
311 313 58 74 0.096
519 486 39 50 0.077
1011 262 13 27 0.077
373 225 49 59 0.074
147 6 14 11 0.073
896 239 16 17 0.072
714 279 36 38 0.070
815 234 16 17 0.069
166 7 12 15 0.068
359 116 10 12 0.068
626 250 24 30 0.068
593 220 13 16 0.067
134 200 54 85 0.063
168 242 33 50 0.063
917 231 13 12 0.061
724 214 18 19 0.061
804 236 23 17 0.060
801 236 15 17 0.057
823 236 23 38 0.056
712 201 14 17 0.055
825 294 31 33 0.055
580 252 28 33 0.054
219 16 22 12 0.050
335 115 12 13 0.050
777 219 34 19 0.050
292 331 53 66 0.050
766 285 23 27 0.048
588 270 33 42 0.047
616 209 14 17 0.046
899 248 13 14 0.045
913 294 21 27 0.044
155 143 28 32 0.043
979 283 30 37 0.043
302 32 11 14 0.043
1007 253 16 31 0.043
514 263 47 57 0.041
157 172 39 43 0.041
780 193 13 18 0.041
670 366 96 105 0.041
631 185 11 13 0.041
1008 318 16 41 0.040
674 251 29 31 0.039
869 239 30 14 0.039
211 14 15 13 0.039
741 169 9 11 0.039
233 14 10 13 0.038
923 331 29 36 0.036
516 361 56 52 0.035
656 287 30 40 0.035
667 254 20 22 0.035
1012 241 11 34 0.034
153 235 48 71 0.034
1005 264 16 20 0.033
154 138 32 64 0.033
602 281 37 41 0.033
301 261 57 67 0.032
896 232 16 17 0.032
759 256 27 28 0.031
797 196 11 13 0.031
190 8 11 13 0.031
780 202 15 28 0.031
403 242 37 50 0.030
173 12 82 13 0.030
673 183 11 13 0.030
920 228 19 19 0.030
855 207 12 14 0.030
612 270 43 43 0.030
645 218 17 17 0.029
1008 377 16 51 0.029
527 261 45 46 0.029
615 198 16 29 0.028
887 234 12 13 0.027
617 190 14 17 0.027
999 298 21 36 0.027
834 307 26 29 0.027
709 206 14 16 0.026
727 281 27 34 0.026
938 284 18 22 0.026
130 68 14 15 0.026
139 22 10 13 0.025
697 373 109 106 0.025
724 238 18 22 0.025
784 175 11 12 0.025
992 274 22 25 0.024
850 195 11 14 0.024
234 19 11 13 0.024
239 307 60 66 0.024
777 215 14 17 0.024
928 229 14 16 0.023
585 606 60 79 0.023
708 291 40 40 0.023
851 198 11 16 0.023
167 12 12 14 0.023
331 116 27 12 0.023
758 248 19 23 0.022
332 229 82 55 0.022
868 147 13 15 0.022
391 232 43 56 0.021
822 309 30 34 0.021
244 409 65 83 0.021
893 247 14 16 0.021
912 166 10 13 0.021
488 218 31 39 0.020
