2_Demonstration_Protesters_2_866
81
0 86 26 53 0.815
34 199 59 71 0.791
775 72 31 45 0.761
881 4 32 35 0.730
527 41 23 32 0.638
609 7 22 30 0.633
731 29 25 33 0.594
427 0 22 28 0.578
196 222 46 70 0.559
351 90 31 40 0.553
160 67 30 56 0.544
407 5 19 21 0.475
780 19 21 23 0.453
667 33 26 31 0.414
488 110 34 47 0.411
377 93 32 54 0.388
917 0 20 25 0.339
829 25 19 25 0.241
346 0 21 12 0.215
1007 42 16 24 0.211
786 25 23 28 0.198
1005 125 19 41 0.183
963 15 14 17 0.175
981 22 21 27 0.146
473 14 17 21 0.145
615 5 26 32 0.132
284 0 18 17 0.123
1016 9 8 21 0.101
970 14 31 34 0.101
1012 23 12 39 0.100
293 26 20 31 0.094
1016 12 8 32 0.083
675 35 33 34 0.082
545 0 23 22 0.081
769 467 44 42 0.081
773 15 21 25 0.079
0 127 14 63 0.074
608 71 25 30 0.073
973 26 26 28 0.073
735 41 25 31 0.072
365 32 24 33 0.068
617 65 33 32 0.061
15 199 51 75 0.061
857 0 16 12 0.060
984 13 26 29 0.056
830 33 22 34 0.054
961 19 18 23 0.052
953 15 16 19 0.048
662 42 22 29 0.044
496 9 19 21 0.044
353 0 19 16 0.043
368 38 31 35 0.041
360 21 26 33 0.040
848 0 32 30 0.039
291 21 24 24 0.038
418 5 23 24 0.038
968 8 21 22 0.036
553 0 24 24 0.035
976 2 14 16 0.034
328 31 21 27 0.034
582 43 18 22 0.034
12 27 17 25 0.033
860 3 18 25 0.032
1003 48 16 22 0.032
823 11 17 28 0.031
83 0 18 23 0.031
974 4 19 21 0.030
977 4 28 24 0.030
824 5 18 25 0.029
669 42 32 33 0.028
766 10 17 22 0.027
609 4 15 19 0.026
1015 5 8 14 0.026
738 28 26 32 0.026
364 30 18 24 0.025
985 26 23 27 0.024
544 0 19 16 0.023
1002 31 22 40 0.023
973 33 19 23 0.022
64 0 20 19 0.021
777 54 29 42 0.020
