2_Demonstration_Demonstration_Or_Protest_2_642
69
563 1021 34 45 0.808
337 1018 30 33 0.689
745 1020 31 45 0.642
899 1002 19 24 0.624
954 1026 20 25 0.619
230 1029 26 29 0.580
824 1016 18 23 0.537
793 1021 20 25 0.514
139 1019 20 24 0.513
765 981 16 19 0.498
104 1029 17 20 0.473
990 994 15 18 0.391
979 1020 21 23 0.387
293 1026 24 36 0.357
790 1019 19 22 0.341
32 1040 16 17 0.338
25 1037 18 18 0.298
194 1035 18 22 0.285
987 1020 20 22 0.276
420 988 14 17 0.269
845 1034 20 23 0.245
939 985 15 17 0.215
627 1001 11 14 0.211
21 1031 14 17 0.180
177 1012 16 19 0.176
854 996 16 19 0.169
648 1003 11 13 0.154
40 1039 17 19 0.140
958 875 20 30 0.137
879 997 18 22 0.136
300 1024 22 32 0.133
986 1000 19 35 0.130
855 990 16 18 0.129
873 1006 19 22 0.115
755 1023 65 27 0.108
287 1032 24 32 0.084
857 1005 22 35 0.082
1008 994 16 20 0.075
320 1022 42 30 0.073
943 992 14 18 0.066
251 1028 28 27 0.066
736 1022 27 38 0.064
1000 1010 19 28 0.060
238 1028 25 27 0.059
991 1024 19 24 0.056
78 1038 17 21 0.055
260 1014 18 28 0.055
880 993 15 15 0.053
199 1037 21 22 0.042
998 1026 17 21 0.041
183 1012 17 17 0.038
444 1017 14 14 0.037
867 1021 20 23 0.033
964 869 28 33 0.033
52 1025 17 19 0.032
924 931 11 14 0.030
48 1040 16 17 0.030
679 1045 11 14 0.029
169 1016 20 31 0.029
858 1045 18 26 0.028
682 1045 13 14 0.028
933 1008 20 32 0.027
652 1003 11 13 0.026
261 1011 15 18 0.026
930 983 20 18 0.025
1015 993 9 22 0.025
864 1059 14 18 0.024
444 1023 13 16 0.024
630 1036 15 18 0.023
