2_Demonstration_Political_Rally_2_367
51
120 411 21 27 0.599
76 438 16 21 0.496
463 352 16 21 0.451
403 368 18 22 0.428
38 542 18 22 0.415
725 419 36 47 0.396
831 428 36 45 0.358
114 569 20 24 0.316
429 359 19 22 0.285
355 343 54 72 0.212
154 355 21 24 0.180
571 391 41 61 0.153
388 357 35 39 0.144
917 432 27 36 0.122
4 443 16 21 0.113
843 432 36 40 0.107
35 546 17 21 0.105
145 546 18 23 0.101
445 344 16 19 0.100
100 595 22 27 0.082
42 605 25 29 0.075
422 387 22 27 0.074
417 348 16 18 0.072
430 348 28 30 0.064
426 369 22 43 0.064
527 173 14 16 0.064
444 365 19 19 0.062
0 652 10 35 0.062
444 351 17 26 0.056
12 448 19 20 0.048
166 578 17 24 0.047
406 360 20 26 0.042
0 459 15 24 0.041
460 251 15 19 0.040
20 451 17 20 0.040
411 195 30 41 0.039
115 663 20 31 0.038
0 467 14 21 0.033
442 393 23 27 0.032
600 195 14 17 0.032
463 397 33 46 0.030
155 361 22 33 0.029
580 402 52 76 0.028
719 369 44 50 0.028
467 335 14 16 0.026
573 384 32 50 0.024
462 375 18 21 0.024
822 419 34 49 0.023
448 384 32 42 0.022
997 378 27 51 0.021
466 358 17 27 0.020
