2_Demonstration_Political_Rally_2_205
54
471 480 21 26 0.813
411 488 20 25 0.800
381 473 20 24 0.800
448 472 20 24 0.786
783 465 22 29 0.780
526 485 20 23 0.772
652 486 20 25 0.770
851 484 18 22 0.753
304 409 27 32 0.752
878 494 16 22 0.710
733 446 20 27 0.705
117 451 27 32 0.670
644 551 21 24 0.663
187 489 17 22 0.655
57 476 18 22 0.596
957 463 17 24 0.587
0 528 15 30 0.445
562 92 63 78 0.378
1017 441 7 27 0.359
833 497 17 21 0.343
594 496 17 20 0.246
966 488 18 22 0.222
198 491 15 20 0.185
0 449 7 30 0.175
603 515 18 23 0.149
1011 471 12 23 0.146
346 489 13 17 0.141
242 472 14 17 0.139
711 449 28 25 0.092
568 505 21 24 0.091
594 506 27 31 0.086
752 456 16 21 0.084
703 450 20 23 0.067
299 465 19 25 0.064
568 502 37 23 0.061
918 471 20 23 0.056
941 485 16 21 0.056
682 596 17 23 0.053
246 471 15 20 0.045
759 480 16 21 0.045
613 513 16 19 0.041
252 478 18 20 0.040
113 446 24 31 0.039
240 477 17 19 0.039
965 458 20 26 0.037
918 473 34 28 0.031
866 485 16 20 0.031
1016 481 8 31 0.030
87 511 18 20 0.029
726 442 21 25 0.026
954 459 16 22 0.025
55 469 18 21 0.023
126 458 21 25 0.023
2 451 12 28 0.023
