2_Demonstration_Demonstrators_2_343
239
53 420 38 50 0.831
427 380 34 49 0.829
180 409 30 35 0.826
925 494 85 89 0.824
289 385 35 43 0.805
98 622 105 61 0.801
580 412 33 45 0.795
253 400 28 36 0.791
157 350 20 24 0.783
738 483 58 58 0.781
574 328 21 28 0.773
700 339 20 30 0.733
387 322 15 18 0.719
348 312 12 16 0.697
304 512 40 59 0.687
310 348 19 22 0.670
9 320 16 19 0.652
626 329 19 24 0.635
678 305 14 17 0.626
427 276 25 32 0.623
297 293 11 15 0.607
528 286 10 13 0.605
547 500 47 42 0.604
217 317 14 17 0.600
325 294 9 12 0.561
170 318 13 14 0.544
335 362 21 30 0.543
689 278 13 16 0.539
411 293 11 14 0.529
617 282 11 15 0.529
265 310 12 16 0.491
296 326 15 19 0.474
270 327 15 19 0.466
507 310 16 20 0.434
60 379 21 27 0.431
545 319 15 17 0.417
387 299 10 12 0.410
352 291 10 12 0.402
558 283 12 14 0.395
398 304 13 14 0.377
89 321 15 19 0.368
580 301 13 17 0.361
492 286 12 15 0.344
276 287 10 11 0.338
94 295 10 11 0.322
220 353 24 33 0.307
550 299 13 14 0.301
241 297 10 14 0.291
505 278 10 10 0.282
581 281 12 12 0.271
152 328 14 17 0.270
616 267 9 11 0.262
408 289 19 19 0.258
662 275 10 12 0.256
293 644 95 39 0.254
223 292 10 11 0.254
561 268 10 11 0.246
380 287 10 11 0.245
653 273 11 12 0.226
238 301 11 15 0.210
550 281 14 14 0.205
399 282 8 11 0.203
203 300 12 17 0.202
509 297 12 36 0.200
549 377 22 28 0.200
623 286 15 14 0.200
509 292 11 14 0.197
131 302 11 14 0.187
13 373 19 30 0.186
463 293 14 18 0.183
199 298 11 13 0.180
356 296 12 12 0.178
638 274 10 11 0.177
129 290 8 9 0.175
201 314 11 14 0.173
377 274 7 9 0.172
586 282 9 11 0.172
108 294 8 11 0.160
560 274 11 25 0.152
135 303 18 13 0.152
599 275 14 12 0.147
630 288 9 12 0.145
140 306 12 15 0.144
580 264 10 13 0.142
650 275 21 12 0.140
551 279 12 32 0.139
138 340 16 21 0.129
362 318 50 18 0.128
402 283 11 29 0.128
330 270 6 7 0.127
263 324 39 21 0.124
222 347 23 27 0.117
269 334 17 22 0.115
587 305 15 17 0.115
467 290 14 17 0.114
680 258 9 17 0.113
196 297 11 13 0.111
505 316 17 20 0.111
491 287 28 15 0.111
684 352 15 19 0.110
581 289 15 39 0.108
553 255 11 13 0.108
557 254 9 12 0.107
606 280 28 15 0.103
419 272 26 30 0.101
438 309 19 22 0.099
411 317 13 16 0.098
43 303 10 12 0.094
391 295 32 18 0.093
90 295 29 10 0.093
490 261 8 9 0.092
90 331 15 21 0.089
335 350 18 24 0.088
636 276 24 10 0.087
14 321 14 19 0.086
665 288 11 18 0.086
475 273 11 19 0.085
359 275 9 9 0.081
256 274 7 8 0.080
142 303 17 13 0.078
223 365 23 30 0.077
438 340 20 27 0.077
231 277 7 8 0.075
240 313 12 15 0.074
529 267 16 13 0.073
375 296 24 19 0.071
532 266 20 13 0.070
397 283 60 25 0.070
0 349 11 27 0.069
179 288 10 10 0.067
549 280 41 16 0.066
552 254 18 28 0.066
612 277 30 21 0.066
693 278 13 16 0.064
171 287 10 13 0.063
459 290 44 17 0.063
215 364 21 28 0.062
376 269 8 27 0.062
172 289 23 11 0.061
444 305 16 22 0.061
174 319 14 16 0.059
567 403 35 48 0.059
487 259 9 23 0.059
211 299 14 21 0.058
695 398 28 36 0.057
232 346 25 28 0.057
628 256 11 13 0.056
167 289 16 13 0.056
64 289 7 8 0.055
321 272 18 8 0.055
447 269 22 29 0.054
31 195 15 17 0.053
158 293 13 14 0.050
143 300 18 69 0.050
421 270 13 18 0.049
680 249 10 24 0.049
323 271 9 24 0.049
552 399 32 28 0.049
106 294 29 10 0.047
547 400 25 30 0.047
562 251 7 8 0.046
226 319 12 16 0.046
532 483 48 52 0.045
164 295 11 18 0.045
614 257 12 19 0.045
61 328 11 15 0.044
505 258 7 36 0.043
621 261 20 21 0.043
696 262 9 11 0.043
506 303 14 22 0.043
255 274 9 14 0.043
41 307 12 15 0.043
661 287 12 13 0.043
289 281 10 11 0.042
491 292 12 16 0.042
680 250 9 9 0.042
125 300 13 11 0.042
645 329 18 25 0.041
306 292 12 14 0.041
458 276 24 13 0.040
445 300 21 23 0.040
186 296 11 17 0.040
642 250 9 9 0.040
16 316 21 20 0.039
310 272 9 9 0.038
96 397 30 43 0.037
242 279 13 14 0.037
179 339 14 20 0.037
635 339 17 22 0.037
580 262 27 22 0.036
692 251 10 9 0.036
697 251 9 11 0.036
91 316 15 19 0.035
177 258 9 17 0.034
273 277 9 9 0.033
356 274 17 24 0.033
241 318 13 14 0.033
303 322 14 19 0.032
511 258 16 24 0.031
266 327 14 18 0.031
608 282 15 13 0.031
499 320 16 21 0.030
598 265 26 25 0.030
378 272 23 32 0.030
397 278 28 11 0.030
265 337 17 25 0.029
409 378 21 29 0.029
432 285 19 39 0.029
624 294 12 21 0.028
539 247 11 8 0.028
197 317 12 16 0.027
8 349 20 19 0.027
92 289 13 32 0.027
471 265 22 22 0.027
87 317 13 17 0.027
267 320 19 34 0.026
689 247 17 29 0.026
206 373 16 24 0.026
315 350 25 29 0.025
237 293 14 15 0.024
662 244 9 9 0.024
530 260 37 77 0.024
227 273 17 19 0.024
426 263 25 32 0.024
278 315 16 18 0.023
61 373 18 23 0.023
133 296 22 19 0.022
684 347 21 28 0.022
328 268 12 19 0.022
217 278 9 7 0.022
16 370 22 25 0.022
103 293 12 13 0.021
229 355 29 30 0.021
380 290 33 14 0.021
218 272 16 34 0.021
499 255 16 16 0.021
175 257 9 10 0.021
349 274 15 10 0.020
392 381 19 26 0.020
