2_Demonstration_Protesters_2_652
438
346 672 19 23 0.782
331 757 20 23 0.770
263 703 19 23 0.758
308 638 15 19 0.749
289 743 19 24 0.749
480 686 18 21 0.749
108 559 15 19 0.737
601 635 16 19 0.737
944 862 20 26 0.734
56 632 16 20 0.731
305 594 13 19 0.729
739 718 19 22 0.722
187 650 16 19 0.716
331 587 16 20 0.715
129 730 17 21 0.713
484 645 15 20 0.711
728 894 24 29 0.710
624 722 17 20 0.706
114 599 15 18 0.704
390 597 14 17 0.699
668 710 18 21 0.698
156 593 15 18 0.696
269 572 13 16 0.696
582 672 16 21 0.695
527 682 17 20 0.694
202 687 17 20 0.694
833 727 18 20 0.693
920 741 19 22 0.692
197 613 14 17 0.692
55 712 17 22 0.689
529 721 18 22 0.688
240 760 19 23 0.686
939 670 16 20 0.685
100 745 18 22 0.681
439 602 15 19 0.676
914 567 16 19 0.676
69 522 14 17 0.674
228 582 13 17 0.673
136 680 18 20 0.670
532 639 15 18 0.667
181 730 17 21 0.659
503 554 15 17 0.650
354 576 14 17 0.647
556 621 15 18 0.646
414 623 16 20 0.642
616 575 14 18 0.640
622 831 20 23 0.637
412 678 18 23 0.634
466 873 20 24 0.629
380 554 14 16 0.621
24 599 17 20 0.620
356 738 16 19 0.620
411 876 23 27 0.617
678 641 15 18 0.616
329 529 14 18 0.613
866 742 18 20 0.612
142 509 13 15 0.611
733 635 15 19 0.608
918 595 14 18 0.607
10 525 13 17 0.594
579 736 16 19 0.590
579 543 13 16 0.582
815 497 12 15 0.581
87 682 16 19 0.569
794 655 16 20 0.569
777 743 20 22 0.564
626 613 15 18 0.560
732 502 13 16 0.549
606 531 12 14 0.543
54 478 11 13 0.538
540 878 24 26 0.536
392 731 17 18 0.532
430 730 19 22 0.528
8 409 11 14 0.515
639 582 14 17 0.504
773 524 12 14 0.489
239 630 14 18 0.478
93 438 11 13 0.475
249 528 12 14 0.470
366 611 15 18 0.461
980 622 14 18 0.458
407 594 14 16 0.456
45 752 19 22 0.452
155 467 12 13 0.449
23 490 11 13 0.446
294 485 12 13 0.445
486 385 11 12 0.442
612 393 10 13 0.437
702 737 18 23 0.434
453 580 14 17 0.428
233 473 11 14 0.425
830 567 15 18 0.425
793 741 16 21 0.423
322 704 17 21 0.401
194 407 10 12 0.396
523 397 11 13 0.373
181 913 23 27 0.367
1 455 11 14 0.361
798 402 11 13 0.358
260 451 11 13 0.354
677 526 12 14 0.351
243 672 18 21 0.349
523 543 11 14 0.347
556 388 11 13 0.344
688 379 10 12 0.343
641 530 13 16 0.337
779 583 15 17 0.335
984 694 16 21 0.325
552 1043 26 29 0.322
684 499 13 17 0.319
26 342 11 13 0.315
172 570 16 20 0.309
567 498 12 14 0.304
957 803 20 26 0.303
220 451 11 13 0.301
435 460 12 13 0.295
258 592 13 16 0.287
23 431 11 13 0.283
1004 847 18 22 0.276
308 952 23 30 0.275
327 456 12 14 0.267
570 1008 30 33 0.254
262 389 9 11 0.253
411 497 12 14 0.252
95 472 11 14 0.252
464 393 10 13 0.249
49 671 18 24 0.245
582 595 15 18 0.243
514 517 12 15 0.242
721 614 16 19 0.238
98 452 10 12 0.236
1008 753 16 25 0.236
3 373 10 13 0.234
464 460 13 15 0.231
721 689 19 22 0.227
306 529 13 17 0.226
561 481 12 14 0.223
194 804 17 22 0.219
60 773 20 25 0.217
364 444 10 12 0.215
203 471 12 15 0.213
624 429 11 13 0.213
7 536 15 18 0.210
883 569 15 16 0.209
623 679 14 18 0.196
718 430 10 12 0.195
150 372 10 12 0.190
544 849 26 27 0.189
642 396 11 12 0.185
157 585 22 23 0.179
494 480 14 17 0.171
162 351 10 11 0.170
214 517 12 14 0.170
802 369 10 11 0.169
362 551 15 19 0.166
35 806 19 24 0.160
735 468 12 15 0.158
311 364 10 11 0.156
224 764 16 20 0.155
619 488 13 16 0.152
845 654 16 19 0.149
576 385 9 12 0.149
710 472 12 14 0.147
565 492 13 17 0.143
57 374 9 11 0.143
667 665 16 19 0.139
668 671 18 27 0.134
144 484 14 15 0.132
911 637 17 19 0.132
165 526 14 18 0.131
316 530 24 18 0.130
807 369 8 10 0.129
809 862 21 25 0.127
330 909 23 28 0.116
366 446 12 14 0.116
993 589 15 17 0.116
967 761 18 21 0.116
39 275 10 12 0.114
262 581 14 19 0.113
800 873 24 33 0.110
736 1038 35 42 0.110
540 855 25 29 0.107
341 711 28 54 0.106
832 561 18 21 0.105
214 568 12 14 0.104
671 685 17 21 0.104
524 555 14 16 0.103
682 495 13 37 0.103
116 337 11 15 0.102
3 805 14 20 0.102
621 500 15 17 0.102
892 804 19 21 0.102
998 339 12 14 0.100
686 492 12 18 0.100
407 798 22 22 0.099
192 597 14 74 0.099
532 610 16 23 0.098
705 514 12 13 0.097
797 883 23 28 0.097
554 412 13 14 0.097
186 610 23 23 0.095
281 417 11 14 0.095
230 762 20 23 0.095
917 587 14 50 0.093
957 442 10 10 0.093
375 574 16 18 0.090
450 579 14 16 0.090
378 426 10 11 0.090
123 775 18 20 0.089
745 451 12 14 0.089
444 738 19 21 0.088
401 401 12 15 0.088
699 570 14 17 0.085
333 394 11 12 0.084
371 455 12 14 0.084
323 430 11 12 0.083
156 387 11 13 0.082
107 360 11 13 0.081
688 474 15 13 0.079
91 472 13 16 0.078
458 460 14 16 0.077
850 619 17 21 0.075
527 400 13 16 0.075
124 263 9 11 0.074
777 412 10 16 0.072
651 366 8 10 0.072
31 572 13 17 0.072
991 479 21 26 0.072
686 503 18 19 0.071
208 464 13 16 0.070
659 889 21 29 0.070
664 468 15 16 0.070
822 569 19 19 0.068
166 483 12 15 0.068
19 286 10 12 0.067
482 383 17 16 0.067
790 444 11 14 0.066
106 307 11 13 0.066
714 474 12 13 0.065
179 903 24 28 0.065
160 447 11 13 0.065
60 374 10 11 0.065
482 737 18 21 0.064
996 756 28 23 0.063
45 337 10 12 0.063
879 460 10 12 0.063
706 468 13 15 0.063
401 796 17 21 0.063
668 471 23 15 0.061
363 384 11 13 0.061
328 431 10 12 0.060
388 1149 32 28 0.060
775 427 10 12 0.060
563 484 14 22 0.059
626 677 18 21 0.059
699 796 20 24 0.058
297 447 11 13 0.058
494 848 22 23 0.057
733 711 22 26 0.057
235 753 18 27 0.056
798 372 9 11 0.055
676 388 11 12 0.054
60 784 22 29 0.054
124 388 10 13 0.054
5 736 19 26 0.053
518 518 14 59 0.053
325 446 11 24 0.052
513 499 14 38 0.052
983 733 19 20 0.052
987 726 17 21 0.051
414 801 19 22 0.051
575 381 10 12 0.051
588 443 13 14 0.051
276 396 10 16 0.050
361 1010 28 37 0.050
635 529 50 15 0.049
955 810 21 26 0.049
51 384 10 12 0.049
331 461 12 14 0.048
167 446 12 14 0.048
181 923 23 26 0.047
693 381 9 11 0.046
789 636 14 17 0.046
509 367 11 12 0.046
166 520 14 18 0.045
431 458 45 17 0.044
870 796 17 21 0.044
975 739 17 18 0.044
17 719 17 20 0.043
222 458 24 17 0.042
85 834 18 21 0.042
38 756 24 25 0.042
537 411 30 12 0.041
547 879 23 26 0.041
37 814 20 26 0.041
28 278 24 11 0.041
914 768 18 24 0.041
592 446 11 13 0.041
626 428 11 19 0.041
794 634 19 25 0.040
98 293 11 13 0.040
586 780 16 20 0.040
958 757 20 22 0.040
383 538 15 20 0.040
776 421 13 22 0.039
110 805 20 25 0.039
465 860 39 29 0.039
412 367 11 14 0.039
264 466 12 16 0.039
246 451 14 14 0.038
719 828 24 25 0.038
10 724 19 27 0.038
696 792 19 24 0.038
54 477 14 22 0.038
128 389 13 14 0.038
60 283 11 13 0.038
831 887 22 26 0.037
856 349 8 11 0.037
553 381 15 34 0.037
805 372 10 11 0.037
209 378 11 14 0.037
992 601 14 21 0.036
1013 713 11 18 0.036
611 775 17 20 0.036
656 468 14 16 0.036
155 241 10 10 0.036
823 560 18 21 0.036
110 349 13 25 0.036
34 352 8 10 0.036
387 534 15 16 0.035
743 435 14 12 0.035
722 1032 37 39 0.035
802 422 10 12 0.035
632 395 12 11 0.035
744 439 12 16 0.034
267 390 14 10 0.034
984 699 17 22 0.034
769 322 9 11 0.034
584 439 11 13 0.034
950 749 17 22 0.034
451 405 12 15 0.034
620 430 15 15 0.034
515 362 10 24 0.034
773 1067 30 32 0.034
513 364 12 11 0.033
798 623 18 20 0.033
172 902 23 28 0.033
399 375 11 14 0.033
669 1024 22 27 0.033
696 780 20 22 0.033
304 639 16 21 0.033
399 572 14 17 0.033
235 345 11 10 0.032
371 336 14 16 0.032
807 619 15 19 0.032
644 611 19 19 0.032
800 369 9 10 0.031
999 873 19 23 0.031
119 777 19 42 0.031
642 493 13 15 0.031
816 564 14 17 0.031
812 571 18 18 0.031
644 673 16 22 0.031
672 686 68 23 0.031
881 431 9 11 0.030
209 383 11 14 0.030
218 813 16 19 0.030
64 283 12 13 0.030
734 639 15 19 0.030
157 451 13 22 0.030
389 572 23 18 0.029
334 436 10 13 0.029
700 425 11 13 0.029
354 756 21 22 0.029
805 459 10 15 0.029
288 434 11 15 0.029
953 440 10 11 0.029
445 627 14 19 0.029
196 807 19 23 0.029
518 373 11 18 0.029
199 364 10 12 0.028
919 622 15 16 0.028
986 611 16 22 0.028
41 820 19 25 0.027
699 772 18 50 0.027
365 379 12 15 0.027
621 610 17 21 0.027
838 558 15 20 0.027
102 292 12 29 0.027
980 626 14 24 0.027
325 347 12 12 0.027
204 367 12 16 0.027
386 871 34 28 0.026
240 367 11 15 0.026
208 450 17 39 0.026
409 371 12 14 0.026
798 407 11 16 0.026
228 563 60 51 0.026
518 371 15 13 0.026
481 603 16 20 0.026
259 394 10 12 0.026
795 399 15 23 0.025
324 426 10 11 0.025
761 821 20 24 0.025
404 371 12 14 0.025
644 405 13 14 0.025
325 476 13 17 0.025
602 831 23 26 0.025
988 733 36 49 0.025
655 618 16 21 0.024
1014 709 10 35 0.024
1 808 14 25 0.024
235 736 17 21 0.024
169 525 18 18 0.023
1001 796 15 19 0.023
410 589 18 20 0.023
29 423 12 13 0.023
61 802 20 23 0.023
2 736 61 35 0.022
438 554 15 20 0.022
268 455 12 15 0.022
65 250 11 13 0.022
421 737 23 22 0.022
785 577 20 23 0.022
364 438 14 21 0.022
891 813 19 26 0.022
330 347 11 11 0.022
459 391 13 17 0.021
703 518 13 15 0.021
989 720 25 22 0.021
21 432 11 16 0.021
783 435 17 21 0.021
390 736 21 24 0.021
596 551 18 17 0.021
928 1031 40 41 0.021
219 445 14 17 0.020
1000 795 14 31 0.020
848 627 16 21 0.020
