2_Demonstration_Demonstrators_2_584
70
361 324 33 39 0.856
907 413 42 49 0.852
310 332 37 44 0.846
845 414 37 43 0.844
971 377 39 44 0.828
162 287 49 58 0.827
486 368 31 39 0.826
415 390 30 37 0.819
60 295 41 49 0.803
897 368 25 30 0.780
2 305 26 37 0.739
81 351 34 43 0.714
939 371 21 25 0.668
433 338 25 28 0.658
435 368 28 33 0.656
518 362 26 35 0.622
216 363 25 35 0.598
788 385 25 33 0.527
737 378 27 33 0.387
415 345 20 27 0.377
709 368 24 30 0.286
242 343 35 35 0.274
845 381 19 23 0.255
460 356 17 21 0.233
661 401 25 32 0.148
706 409 30 35 0.142
630 395 28 35 0.129
234 353 31 40 0.104
699 395 25 43 0.100
482 340 27 30 0.097
617 385 38 39 0.093
786 343 20 25 0.092
616 366 31 43 0.089
125 322 15 17 0.084
239 364 31 39 0.083
717 408 27 33 0.082
449 350 42 27 0.077
659 378 25 33 0.077
342 337 18 28 0.074
708 400 31 33 0.068
570 417 22 29 0.064
255 334 31 36 0.062
706 373 59 50 0.060
720 370 27 34 0.055
719 397 26 32 0.051
406 349 25 30 0.051
878 375 15 20 0.050
395 348 23 28 0.049
609 385 25 32 0.049
1017 403 7 39 0.047
793 376 23 31 0.043
859 377 25 24 0.043
650 401 32 39 0.041
842 377 15 20 0.041
756 381 30 41 0.040
734 386 29 37 0.040
121 320 23 25 0.037
624 404 26 33 0.033
746 387 34 40 0.032
700 392 21 28 0.032
1014 395 10 36 0.032
946 371 19 23 0.029
707 378 28 34 0.028
478 353 27 34 0.027
769 365 41 47 0.026
235 288 25 32 0.026
431 377 27 31 0.024
882 373 14 19 0.024
1 319 23 45 0.023
760 395 27 34 0.021
