2_Demonstration_Political_Rally_2_29
605
924 673 30 36 0.821
35 482 23 26 0.797
650 532 23 27 0.796
172 628 29 29 0.781
932 507 22 24 0.779
715 468 20 23 0.777
851 592 26 30 0.770
785 698 28 32 0.768
529 625 26 30 0.765
485 574 23 24 0.765
866 444 18 21 0.756
957 549 24 27 0.755
818 541 22 25 0.755
683 526 24 27 0.752
55 425 20 24 0.748
539 524 23 26 0.746
438 507 21 24 0.737
803 426 17 21 0.736
669 447 18 21 0.735
577 573 22 25 0.728
85 420 18 21 0.727
742 402 16 20 0.726
188 411 18 21 0.724
605 420 17 19 0.715
822 487 20 22 0.715
856 359 14 16 0.713
300 455 20 23 0.713
636 682 26 29 0.705
436 589 24 27 0.704
892 415 19 20 0.699
191 350 14 16 0.677
20 420 17 21 0.675
873 537 23 27 0.666
659 348 15 17 0.663
116 333 15 17 0.657
499 415 18 22 0.657
547 371 17 19 0.655
968 316 12 15 0.653
805 331 13 15 0.652
9 294 13 14 0.650
658 417 15 20 0.649
402 411 19 21 0.645
818 383 16 18 0.643
600 448 17 22 0.643
45 324 15 17 0.643
271 300 12 14 0.642
902 349 13 15 0.639
235 301 12 15 0.634
0 361 11 18 0.633
354 502 23 25 0.630
98 241 11 15 0.622
85 268 12 15 0.620
732 336 13 14 0.610
448 311 12 13 0.607
209 404 18 19 0.599
595 347 14 16 0.598
843 336 11 14 0.597
976 346 12 15 0.593
819 405 16 19 0.589
438 243 9 11 0.586
206 435 19 23 0.585
400 357 16 17 0.578
954 442 19 23 0.576
87 291 12 14 0.576
351 278 12 13 0.572
165 364 16 18 0.569
240 230 11 13 0.569
787 354 16 17 0.569
130 281 12 13 0.567
882 358 14 15 0.566
627 311 13 13 0.565
19 215 12 13 0.549
495 358 15 18 0.546
867 380 15 16 0.545
0 285 8 14 0.543
157 258 11 14 0.540
406 264 11 14 0.539
859 338 11 13 0.532
998 291 12 12 0.531
442 407 17 19 0.526
180 310 13 15 0.524
690 306 13 14 0.520
988 432 18 21 0.519
401 321 12 15 0.518
489 259 11 12 0.517
598 278 11 13 0.515
867 280 11 12 0.514
467 237 9 11 0.511
405 380 16 18 0.501
134 303 13 14 0.496
219 241 11 12 0.496
208 239 11 13 0.490
727 432 17 19 0.487
117 232 10 12 0.486
329 378 17 21 0.485
149 332 15 16 0.484
829 302 11 13 0.474
70 371 17 19 0.474
790 652 27 30 0.473
558 271 11 12 0.473
822 282 10 12 0.466
462 337 13 15 0.450
791 283 10 12 0.447
298 266 13 13 0.446
461 312 12 12 0.440
752 282 11 12 0.426
445 287 12 13 0.423
335 327 14 18 0.414
855 266 9 10 0.412
236 624 20 24 0.411
661 274 10 12 0.408
668 309 12 15 0.402
309 303 11 14 0.402
43 279 13 15 0.399
387 329 14 16 0.397
657 253 10 12 0.391
984 306 11 14 0.386
412 248 10 10 0.383
765 301 10 12 0.380
164 223 11 12 0.372
268 258 10 12 0.369
924 297 10 11 0.369
393 565 26 30 0.369
551 329 14 16 0.366
1008 256 9 9 0.364
41 232 10 12 0.357
191 240 11 12 0.356
505 279 12 14 0.354
196 278 12 13 0.354
385 282 11 14 0.353
638 283 10 12 0.347
483 282 10 14 0.346
266 342 16 18 0.346
395 224 9 10 0.346
817 256 9 12 0.346
848 296 10 13 0.345
33 302 13 16 0.341
911 250 9 9 0.341
421 311 11 13 0.328
181 287 12 13 0.328
539 302 13 16 0.324
75 248 11 13 0.324
599 345 18 18 0.322
74 299 11 13 0.318
147 520 23 24 0.313
713 278 11 13 0.311
609 342 14 17 0.290
628 245 11 13 0.285
747 327 12 14 0.281
767 250 9 12 0.277
289 252 12 14 0.276
521 231 9 11 0.273
517 312 13 17 0.273
337 320 14 16 0.272
159 269 11 13 0.270
170 447 20 24 0.269
846 335 16 16 0.269
166 300 12 14 0.266
781 423 16 18 0.265
617 260 10 10 0.265
754 265 10 12 0.261
176 243 10 14 0.257
643 264 9 11 0.257
665 426 17 23 0.256
420 223 8 9 0.248
393 324 15 17 0.247
818 377 16 42 0.237
684 249 10 11 0.236
351 229 9 9 0.226
410 468 19 21 0.226
14 231 12 14 0.216
111 251 11 13 0.213
973 379 16 20 0.207
147 220 10 12 0.206
895 537 19 24 0.203
17 269 12 13 0.201
212 315 11 14 0.199
420 630 26 31 0.199
649 239 9 10 0.197
706 224 10 10 0.195
821 275 11 16 0.194
435 465 20 22 0.192
383 280 11 12 0.187
57 254 13 13 0.186
404 391 17 45 0.185
995 293 13 13 0.185
370 333 15 18 0.182
619 278 11 13 0.181
801 247 10 9 0.173
783 356 16 16 0.173
201 210 10 12 0.169
608 236 9 10 0.169
758 212 8 10 0.167
499 409 18 20 0.164
17 218 12 16 0.164
1004 321 10 14 0.163
373 330 27 17 0.162
32 298 13 15 0.161
627 391 15 17 0.160
955 358 15 18 0.159
484 664 22 27 0.159
334 263 12 13 0.157
931 256 10 9 0.157
681 306 18 15 0.157
1 282 14 15 0.156
646 216 9 9 0.155
9 186 10 14 0.155
722 261 11 14 0.153
797 248 9 10 0.148
927 255 12 11 0.146
1015 407 9 20 0.143
891 240 10 12 0.142
952 602 21 22 0.142
132 198 10 11 0.141
645 240 14 11 0.140
132 276 12 39 0.138
86 267 12 39 0.138
326 345 14 17 0.137
366 333 14 17 0.136
843 257 9 10 0.136
315 228 10 11 0.135
712 247 9 12 0.133
72 169 9 10 0.132
212 172 10 12 0.131
408 249 10 35 0.131
748 234 9 11 0.131
109 248 12 13 0.129
74 201 11 14 0.128
182 239 20 13 0.127
30 178 10 11 0.120
906 498 19 21 0.120
560 297 11 14 0.119
986 267 12 14 0.118
821 282 11 20 0.117
54 252 11 14 0.116
278 222 9 11 0.115
886 221 9 10 0.115
701 270 10 14 0.115
329 336 15 20 0.115
760 292 12 15 0.114
366 435 18 24 0.114
960 230 11 13 0.113
991 271 9 9 0.110
1011 339 12 17 0.110
182 314 13 16 0.110
896 323 12 13 0.108
559 268 11 24 0.107
859 353 18 37 0.107
874 228 11 12 0.107
592 527 20 23 0.105
447 291 11 42 0.104
186 286 13 15 0.103
984 266 10 13 0.103
429 283 11 12 0.103
513 309 34 17 0.102
1000 626 19 27 0.101
659 263 12 25 0.100
221 219 10 11 0.098
349 206 9 10 0.097
201 240 31 14 0.096
827 289 13 30 0.095
9 182 12 15 0.095
935 274 10 12 0.094
954 452 19 19 0.094
1001 227 10 13 0.093
86 246 13 47 0.093
906 268 10 12 0.092
501 703 32 36 0.090
324 374 17 23 0.090
857 226 11 12 0.089
366 260 11 13 0.089
881 285 10 11 0.088
194 267 13 35 0.087
987 643 23 27 0.086
159 171 8 10 0.085
461 199 8 12 0.085
718 262 10 27 0.085
985 203 9 10 0.085
663 309 42 14 0.084
511 216 8 9 0.083
463 219 9 11 0.083
629 315 13 15 0.083
344 455 17 23 0.083
480 372 15 18 0.082
814 408 19 21 0.082
716 214 8 9 0.082
262 241 9 12 0.081
286 251 11 13 0.081
1015 681 9 45 0.081
948 436 24 22 0.080
855 218 9 10 0.080
982 201 10 11 0.080
912 249 12 15 0.080
933 249 9 17 0.079
714 243 10 21 0.078
266 301 14 15 0.077
534 290 11 16 0.077
747 581 21 27 0.076
145 222 31 11 0.076
559 183 9 10 0.076
1008 327 15 27 0.075
970 383 16 20 0.075
304 303 12 17 0.072
688 232 11 12 0.072
583 241 9 9 0.072
576 387 14 17 0.071
875 241 10 18 0.071
239 201 10 11 0.070
391 225 11 14 0.070
164 191 9 10 0.070
174 223 15 12 0.070
270 277 12 12 0.069
702 272 16 13 0.069
792 264 9 15 0.069
144 529 23 25 0.069
13 174 11 14 0.068
485 323 14 19 0.068
210 480 23 24 0.068
763 247 13 12 0.068
13 231 25 14 0.067
397 199 9 9 0.067
875 249 10 23 0.067
439 348 14 17 0.066
55 252 27 17 0.066
310 315 14 17 0.065
92 285 61 15 0.065
936 226 9 12 0.065
422 196 8 9 0.065
909 298 10 12 0.064
792 267 12 38 0.064
277 426 22 23 0.063
704 219 15 17 0.063
620 242 19 13 0.063
199 211 10 18 0.063
13 283 12 27 0.063
460 347 14 16 0.062
264 237 11 12 0.062
977 196 9 9 0.061
462 340 14 18 0.061
449 307 33 30 0.061
864 421 15 17 0.061
711 328 12 15 0.061
10 231 12 15 0.060
424 660 19 22 0.059
945 269 14 13 0.059
450 344 19 16 0.059
352 268 14 18 0.058
181 237 33 18 0.057
609 336 16 18 0.057
597 282 12 14 0.057
485 508 20 23 0.057
979 223 10 12 0.057
406 184 8 10 0.056
812 219 11 12 0.056
617 392 21 16 0.056
69 171 10 12 0.055
199 273 10 14 0.055
783 287 11 13 0.055
833 216 9 14 0.055
602 220 9 9 0.055
721 265 21 12 0.054
545 291 18 68 0.054
648 631 22 24 0.053
517 234 11 11 0.053
898 296 15 13 0.053
273 190 9 12 0.053
44 381 15 20 0.053
686 249 10 14 0.052
240 200 13 16 0.052
511 214 9 15 0.051
477 410 16 19 0.051
403 393 16 21 0.051
713 215 11 19 0.051
942 204 11 12 0.051
123 264 9 12 0.051
399 570 25 31 0.051
690 231 14 11 0.051
269 412 19 24 0.051
885 322 16 12 0.050
484 320 13 16 0.050
365 208 10 9 0.050
736 208 9 12 0.050
907 297 26 11 0.049
470 259 17 12 0.049
838 233 18 10 0.049
923 258 10 17 0.049
34 249 16 14 0.049
279 220 10 18 0.049
636 485 18 20 0.049
428 264 10 14 0.048
715 331 22 15 0.048
173 319 15 15 0.048
345 261 13 14 0.048
157 169 10 17 0.047
911 227 11 13 0.046
774 268 14 15 0.046
285 267 12 14 0.046
494 217 9 12 0.046
431 454 18 23 0.045
994 628 23 36 0.045
959 347 14 16 0.045
905 228 22 11 0.044
23 246 18 21 0.044
773 345 12 15 0.044
372 235 11 12 0.044
388 305 11 13 0.044
952 268 11 12 0.043
857 217 9 21 0.043
425 285 13 14 0.043
153 255 11 15 0.043
175 223 14 27 0.043
636 266 12 13 0.043
803 308 10 13 0.043
882 286 12 12 0.043
218 196 10 9 0.043
881 263 15 13 0.042
260 350 17 22 0.042
718 227 13 22 0.042
549 332 15 16 0.042
382 333 15 15 0.042
887 254 17 13 0.042
265 237 14 24 0.041
810 223 9 9 0.041
137 409 14 17 0.041
611 345 14 17 0.041
969 172 7 9 0.041
615 259 8 9 0.040
611 196 8 9 0.040
933 271 18 15 0.039
331 330 14 18 0.039
877 255 21 17 0.039
419 504 20 24 0.039
848 399 13 17 0.039
522 323 14 16 0.039
236 195 10 14 0.039
609 307 11 15 0.038
152 329 16 16 0.038
805 284 27 10 0.038
882 221 17 31 0.038
787 662 31 35 0.038
122 188 10 13 0.038
529 285 13 14 0.038
869 308 10 13 0.038
995 417 23 37 0.037
724 226 14 18 0.037
636 523 20 22 0.037
776 216 9 14 0.036
14 252 21 21 0.036
744 391 15 19 0.036
342 188 9 10 0.036
896 311 14 34 0.036
585 236 10 13 0.036
973 333 12 27 0.035
777 269 21 13 0.035
836 230 13 16 0.035
981 246 17 11 0.035
777 351 13 17 0.035
773 275 12 13 0.035
260 382 17 19 0.034
252 260 15 16 0.034
97 206 10 13 0.034
62 258 11 14 0.034
583 266 10 13 0.034
464 260 12 13 0.034
370 230 15 16 0.034
502 281 13 16 0.034
844 288 14 17 0.034
860 412 18 30 0.034
961 232 12 27 0.034
475 375 19 22 0.034
668 243 12 17 0.034
533 285 19 14 0.033
373 184 9 11 0.033
662 304 13 18 0.033
1016 666 8 45 0.033
243 279 14 14 0.033
809 292 13 15 0.032
192 408 22 23 0.032
947 234 11 23 0.032
935 224 9 28 0.032
423 440 18 20 0.032
259 180 12 17 0.032
716 284 12 13 0.032
319 255 17 14 0.032
242 194 19 13 0.032
160 274 21 51 0.031
311 225 11 14 0.031
685 210 10 23 0.031
483 339 14 17 0.031
44 271 15 21 0.031
271 223 12 24 0.031
202 194 16 10 0.031
835 207 8 20 0.030
409 234 11 32 0.030
884 204 9 14 0.030
550 238 10 12 0.030
390 297 22 98 0.030
161 325 16 15 0.030
940 433 16 19 0.030
190 174 8 9 0.030
451 291 11 11 0.030
497 214 10 9 0.030
318 252 13 14 0.030
583 270 14 14 0.029
691 281 16 16 0.029
360 213 11 23 0.029
289 207 10 11 0.029
716 240 11 74 0.029
747 379 14 26 0.029
357 305 14 16 0.029
731 213 9 27 0.029
299 311 12 16 0.028
787 243 17 14 0.028
884 322 10 12 0.028
825 241 15 21 0.028
982 649 24 27 0.028
1000 232 9 27 0.028
585 303 13 14 0.028
178 321 14 14 0.028
142 184 14 9 0.028
471 467 26 23 0.028
349 501 20 24 0.028
475 194 10 13 0.028
165 371 15 16 0.028
487 300 14 17 0.028
341 182 10 13 0.028
353 307 15 18 0.027
385 235 10 15 0.027
746 369 14 17 0.027
325 384 18 21 0.027
757 209 17 13 0.027
124 255 13 20 0.027
349 174 11 12 0.027
552 379 17 20 0.026
853 259 26 54 0.026
426 638 26 29 0.026
613 222 19 11 0.026
42 235 43 39 0.026
946 295 12 15 0.026
433 244 10 21 0.026
478 351 15 20 0.026
255 186 15 20 0.025
993 422 19 24 0.025
607 195 13 11 0.025
469 474 19 21 0.025
670 416 19 17 0.025
194 192 20 11 0.025
631 203 9 19 0.025
346 205 8 12 0.025
538 308 14 16 0.025
1016 397 8 29 0.024
1016 437 8 20 0.024
441 353 19 19 0.024
420 252 19 17 0.024
1015 491 9 24 0.024
145 334 14 15 0.024
635 691 26 29 0.024
737 261 28 15 0.024
747 572 21 27 0.024
969 392 15 17 0.024
259 321 15 17 0.024
134 189 15 20 0.024
1004 200 9 19 0.023
2 208 9 18 0.023
914 229 28 12 0.023
73 196 13 24 0.023
388 294 11 15 0.023
54 174 9 18 0.023
875 315 16 14 0.023
97 151 9 11 0.023
973 224 17 22 0.023
611 390 16 18 0.023
937 744 32 24 0.023
838 207 10 14 0.023
703 197 14 28 0.023
968 244 27 12 0.022
542 194 8 10 0.022
364 503 23 26 0.022
281 547 27 29 0.022
984 485 21 26 0.022
688 283 12 15 0.022
291 414 18 24 0.022
505 355 16 18 0.022
999 250 23 24 0.021
587 203 9 22 0.021
589 487 18 20 0.021
346 175 11 20 0.021
812 220 31 9 0.021
157 217 39 24 0.021
399 357 19 29 0.021
351 203 23 16 0.021
122 148 8 12 0.021
137 203 16 19 0.021
573 408 15 18 0.021
942 251 18 22 0.021
628 322 13 15 0.021
264 383 20 33 0.021
483 227 16 13 0.020
988 178 7 6 0.020
678 415 15 16 0.020
190 173 9 22 0.020
665 228 13 23 0.020
302 255 21 18 0.020
304 271 14 18 0.020
219 194 11 25 0.020
