2_Demonstration_Political_Rally_2_675
38
81 202 75 100 0.870
991 239 32 80 0.841
677 248 37 43 0.834
406 238 46 54 0.823
319 271 32 35 0.794
157 248 28 31 0.772
371 253 28 37 0.770
725 243 33 38 0.762
780 260 29 35 0.728
508 203 122 137 0.698
194 263 20 25 0.687
844 225 44 56 0.613
961 275 31 42 0.610
0 254 14 74 0.524
226 264 18 29 0.438
967 262 40 58 0.318
352 267 16 19 0.268
745 279 36 41 0.140
466 232 11 15 0.139
389 251 25 38 0.105
352 266 23 30 0.102
911 276 24 32 0.102
231 295 29 41 0.074
754 265 52 40 0.073
834 241 35 46 0.061
369 289 21 25 0.051
750 263 31 38 0.046
0 196 15 96 0.044
0 208 12 49 0.040
690 192 19 24 0.038
461 257 24 34 0.036
231 262 33 37 0.036
371 265 27 44 0.032
822 243 26 33 0.032
396 260 29 37 0.031
346 277 23 29 0.030
228 275 29 39 0.027
386 294 23 27 0.025
