2_Demonstration_Demonstrators_2_427
175
401 338 31 37 0.822
860 340 29 40 0.822
587 367 27 35 0.820
101 344 32 38 0.811
233 339 26 33 0.793
557 351 24 32 0.788
811 325 25 31 0.783
786 358 34 43 0.776
524 325 19 25 0.775
679 337 27 37 0.771
25 355 28 36 0.767
44 325 23 29 0.740
494 351 27 28 0.737
584 330 20 25 0.734
307 339 29 31 0.734
0 333 17 32 0.732
149 334 19 24 0.717
740 356 23 28 0.715
655 321 25 29 0.707
1003 279 13 15 0.698
181 257 18 20 0.671
723 336 21 26 0.671
475 280 13 15 0.667
593 286 11 14 0.665
941 313 33 43 0.650
190 360 22 29 0.646
126 331 22 27 0.642
678 276 12 14 0.625
80 286 10 12 0.602
971 270 11 13 0.584
48 297 12 13 0.582
922 286 15 19 0.576
372 347 20 25 0.570
348 289 12 13 0.568
628 279 14 17 0.556
8 281 12 14 0.546
898 275 12 14 0.543
837 280 13 16 0.541
407 276 11 14 0.539
772 293 12 14 0.532
61 288 10 11 0.526
558 281 13 15 0.524
545 275 13 15 0.506
28 332 20 25 0.494
452 360 21 24 0.472
270 339 19 21 0.469
100 284 9 12 0.467
751 279 12 14 0.458
623 266 12 14 0.432
289 282 10 11 0.421
306 284 10 11 0.410
452 282 10 13 0.394
661 281 11 13 0.375
807 281 13 15 0.346
472 355 21 25 0.343
628 290 14 18 0.293
524 281 12 16 0.292
384 339 19 27 0.292
334 288 11 13 0.289
369 286 9 12 0.280
118 283 9 10 0.273
682 296 14 15 0.272
518 291 14 16 0.260
545 276 20 16 0.244
617 347 17 24 0.222
521 284 14 18 0.212
37 295 22 15 0.205
161 288 11 12 0.195
101 335 48 40 0.191
257 354 18 24 0.185
772 349 18 23 0.184
59 289 12 13 0.183
647 345 21 24 0.182
294 344 17 22 0.177
455 331 16 19 0.177
659 283 10 12 0.171
146 292 11 13 0.166
507 287 10 12 0.164
716 291 12 16 0.154
680 281 14 25 0.149
662 279 29 14 0.147
900 340 17 20 0.145
261 342 23 27 0.143
449 350 20 30 0.142
387 309 12 15 0.141
666 277 11 12 0.139
28 292 21 16 0.138
987 119 9 11 0.137
22 287 10 12 0.135
803 280 13 16 0.135
984 282 11 14 0.130
250 286 11 14 0.129
74 286 22 13 0.129
436 342 16 23 0.123
447 336 20 23 0.121
290 282 13 12 0.120
277 343 21 22 0.119
33 296 13 16 0.113
878 306 15 17 0.104
651 326 22 28 0.098
513 288 13 15 0.090
1016 241 8 12 0.090
460 286 12 14 0.086
716 287 11 13 0.084
111 307 11 15 0.080
897 342 19 25 0.079
212 256 9 11 0.078
589 353 39 42 0.076
783 268 10 12 0.076
218 285 14 16 0.072
862 286 14 15 0.072
254 283 12 13 0.072
746 281 13 15 0.070
382 314 16 23 0.069
224 265 11 12 0.065
977 276 15 16 0.063
28 316 12 17 0.061
159 297 10 22 0.061
663 318 21 27 0.058
384 321 15 20 0.056
986 257 11 17 0.056
607 263 9 11 0.053
244 330 18 22 0.052
403 277 10 12 0.051
366 350 20 24 0.050
153 290 19 18 0.049
929 322 28 38 0.049
640 348 18 21 0.048
797 320 15 21 0.047
147 291 15 16 0.047
595 301 12 15 0.047
300 284 36 12 0.044
964 273 57 17 0.044
737 276 12 14 0.044
653 343 25 25 0.042
761 358 27 28 0.041
749 327 16 19 0.041
778 357 32 39 0.040
713 284 21 22 0.040
401 280 11 12 0.038
241 337 24 27 0.038
723 329 19 24 0.036
721 287 17 16 0.034
862 330 19 23 0.032
41 315 16 17 0.032
214 269 17 31 0.031
704 308 15 20 0.031
707 301 18 17 0.031
912 266 13 13 0.030
126 286 15 15 0.029
925 319 22 32 0.029
2 320 11 22 0.029
156 307 15 16 0.029
233 284 31 15 0.028
46 318 18 25 0.027
264 282 20 12 0.026
0 328 16 24 0.026
1016 223 7 12 0.025
794 282 20 16 0.025
713 343 22 24 0.024
459 293 11 15 0.023
0 293 10 15 0.023
390 334 16 20 0.023
706 345 22 28 0.022
291 309 11 14 0.022
809 283 18 14 0.022
866 300 19 60 0.022
117 344 24 29 0.022
437 282 14 13 0.021
953 323 23 28 0.021
881 267 13 13 0.021
1017 344 7 33 0.021
898 279 13 15 0.021
856 379 25 29 0.020
15 300 13 18 0.020
