2_Demonstration_Protesters_2_233
61
230 124 120 139 0.861
70 112 99 132 0.858
385 95 77 99 0.845
929 55 95 127 0.838
845 35 55 71 0.826
807 39 28 35 0.813
307 54 39 46 0.800
689 74 25 38 0.778
570 257 50 78 0.670
391 20 24 28 0.669
929 29 55 73 0.599
473 30 21 25 0.558
578 30 23 36 0.483
556 25 24 30 0.468
548 28 23 26 0.300
351 57 22 27 0.253
257 57 14 17 0.205
456 29 17 23 0.171
223 42 23 26 0.171
535 55 17 24 0.161
121 54 48 56 0.160
570 26 23 30 0.145
426 20 13 16 0.139
166 54 37 43 0.137
542 30 19 22 0.135
470 68 30 49 0.131
447 19 20 23 0.123
443 23 30 26 0.121
218 35 20 21 0.117
619 45 17 24 0.115
278 44 13 16 0.107
268 36 20 20 0.078
292 38 13 17 0.068
132 55 62 50 0.067
220 38 21 25 0.066
432 32 17 22 0.062
369 28 20 23 0.061
537 31 17 19 0.059
274 40 26 17 0.056
267 32 17 18 0.053
261 31 18 21 0.050
180 39 27 32 0.050
231 45 17 21 0.049
378 25 21 25 0.049
459 36 17 21 0.048
475 30 23 43 0.044
178 60 33 36 0.043
328 34 22 20 0.039
463 24 28 21 0.037
533 32 15 20 0.036
460 73 25 40 0.035
195 66 32 32 0.031
212 26 16 21 0.029
432 20 14 16 0.028
318 33 27 26 0.024
111 66 41 48 0.024
255 30 18 18 0.023
348 47 20 27 0.023
293 34 12 15 0.023
926 49 43 60 0.021
254 52 22 27 0.021
