2_Demonstration_Demonstrators_2_426
173
906 705 8 9 0.492
684 635 8 9 0.407
123 663 10 12 0.357
630 649 8 10 0.338
226 700 6 8 0.301
933 721 7 9 0.267
153 669 11 12 0.251
438 539 8 8 0.231
882 694 7 9 0.223
896 556 7 9 0.203
724 727 8 10 0.189
738 617 7 8 0.185
971 748 9 12 0.184
715 625 8 9 0.184
286 522 6 6 0.180
193 547 6 8 0.177
347 709 7 8 0.174
424 679 6 6 0.169
890 686 7 8 0.164
871 554 7 8 0.162
977 497 7 8 0.161
153 495 6 7 0.160
554 385 7 6 0.155
980 499 7 9 0.155
850 696 7 9 0.142
711 463 6 7 0.139
537 370 6 6 0.136
933 630 8 9 0.134
438 487 7 9 0.132
63 532 6 9 0.131
736 619 7 8 0.116
735 478 7 7 0.116
926 657 7 9 0.112
75 528 6 7 0.108
852 559 7 9 0.108
884 690 8 12 0.102
89 572 6 9 0.087
82 657 10 12 0.086
659 649 8 10 0.086
234 513 6 7 0.085
263 528 6 6 0.085
611 460 7 9 0.080
830 562 7 8 0.079
376 514 7 8 0.077
976 499 13 8 0.074
263 525 5 14 0.072
23 577 7 8 0.072
172 549 6 6 0.072
681 744 8 9 0.071
865 615 9 9 0.070
303 513 6 7 0.069
932 633 12 10 0.067
103 460 6 7 0.066
415 522 6 6 0.062
942 654 13 9 0.060
626 412 7 9 0.060
556 383 6 12 0.059
139 666 29 14 0.058
550 385 11 8 0.058
573 523 7 8 0.058
516 375 7 8 0.057
270 370 7 9 0.057
572 397 7 7 0.056
53 544 6 7 0.055
872 612 8 9 0.055
97 525 5 7 0.055
253 355 8 9 0.054
267 425 8 8 0.054
152 496 6 7 0.053
76 529 6 8 0.053
506 471 7 9 0.052
433 328 8 9 0.052
563 707 7 9 0.051
120 660 11 15 0.051
933 656 21 9 0.051
88 574 6 9 0.050
940 657 10 9 0.050
863 619 8 8 0.048
709 460 7 9 0.048
692 523 9 9 0.048
616 678 9 10 0.046
90 571 5 6 0.045
194 544 5 7 0.043
728 709 9 11 0.043
24 574 6 9 0.043
350 709 6 6 0.042
455 499 7 8 0.041
271 368 8 13 0.041
431 399 7 7 0.041
973 499 7 6 0.040
551 439 8 9 0.040
261 525 6 7 0.040
59 530 22 8 0.039
965 638 8 9 0.039
995 490 6 9 0.039
629 417 6 7 0.039
597 405 7 6 0.038
958 653 10 12 0.038
825 605 8 8 0.038
851 561 12 9 0.038
696 526 7 8 0.037
583 479 8 8 0.037
423 479 7 8 0.037
432 329 11 10 0.036
251 505 5 7 0.036
637 460 7 8 0.035
416 523 7 7 0.035
50 456 6 6 0.035
532 525 7 7 0.035
471 541 6 8 0.035
525 504 7 9 0.035
411 460 7 9 0.033
485 371 7 7 0.033
497 484 7 7 0.033
538 383 14 8 0.033
871 550 7 9 0.033
218 540 5 9 0.032
594 460 7 6 0.032
109 654 10 13 0.032
494 367 8 6 0.032
135 498 6 7 0.031
287 522 7 12 0.031
198 517 5 5 0.031
232 514 6 7 0.031
800 520 7 7 0.030
211 375 7 8 0.030
800 519 6 7 0.029
593 402 7 12 0.029
619 747 7 9 0.029
968 644 9 9 0.029
501 358 6 6 0.028
258 544 7 7 0.028
540 368 6 28 0.028
926 628 7 6 0.028
413 384 7 7 0.027
84 660 10 12 0.027
389 291 7 8 0.027
500 356 7 19 0.027
998 519 7 9 0.026
469 667 6 9 0.026
588 404 13 6 0.026
451 477 7 7 0.025
928 636 8 14 0.025
363 266 7 7 0.025
632 646 9 11 0.024
717 613 7 9 0.024
55 533 13 16 0.024
800 513 7 18 0.024
263 520 5 30 0.024
959 656 10 11 0.024
707 487 8 8 0.023
658 436 6 6 0.023
303 433 7 9 0.023
633 415 5 7 0.023
453 376 7 9 0.023
291 471 8 12 0.022
413 298 8 9 0.022
626 409 6 7 0.022
593 457 10 13 0.022
60 334 6 6 0.022
689 520 8 10 0.022
948 657 10 9 0.022
561 411 7 9 0.021
427 397 10 8 0.021
779 498 6 6 0.021
133 499 7 6 0.021
427 679 6 7 0.021
683 568 8 9 0.021
391 499 6 6 0.021
432 501 7 15 0.021
662 494 8 9 0.021
322 482 5 6 0.020
304 426 6 12 0.020
