2_Demonstration_Protesters_2_513
47
54 168 29 33 0.815
612 225 27 35 0.791
300 203 39 41 0.769
946 196 15 18 0.693
998 206 13 16 0.632
887 208 13 18 0.541
114 194 12 13 0.467
845 185 17 20 0.435
87 189 11 13 0.400
924 208 14 18 0.350
3 181 15 18 0.347
200 200 11 12 0.314
363 196 12 14 0.264
153 186 9 10 0.244
827 203 13 15 0.234
225 355 34 31 0.228
42 176 12 14 0.189
798 211 15 19 0.124
5 190 15 21 0.124
130 193 9 10 0.115
19 179 10 11 0.098
954 171 11 14 0.086
888 216 13 18 0.083
992 225 14 17 0.079
890 207 12 15 0.075
198 197 9 12 0.074
837 194 20 19 0.063
944 228 16 16 0.058
1008 186 13 15 0.057
920 208 13 18 0.057
1011 162 11 15 0.055
19 182 11 13 0.048
169 185 9 9 0.045
185 197 12 13 0.043
8 199 12 17 0.041
177 183 9 10 0.040
994 214 15 19 0.040
117 213 14 15 0.037
162 186 23 10 0.037
174 184 12 15 0.035
38 174 25 19 0.031
1008 167 14 32 0.027
849 191 15 21 0.026
117 208 15 18 0.026
79 223 21 23 0.024
836 203 15 17 0.022
84 189 13 17 0.020
