2_Demonstration_Demonstrators_2_140
78
206 245 39 56 0.817
509 226 17 19 0.692
66 233 15 18 0.650
889 157 29 33 0.641
114 226 18 28 0.639
362 236 11 14 0.481
1005 119 18 25 0.470
152 3 9 8 0.461
394 227 12 15 0.456
160 236 12 14 0.437
302 238 13 15 0.424
440 231 15 17 0.414
536 230 9 12 0.399
968 186 14 17 0.396
446 238 16 18 0.323
1004 178 20 36 0.301
167 4 8 9 0.244
78 247 13 17 0.237
263 220 14 16 0.205
996 163 19 33 0.180
260 30 6 7 0.170
568 233 24 30 0.152
0 242 6 25 0.148
223 236 17 20 0.142
257 31 6 8 0.128
17 258 16 18 0.128
516 225 17 18 0.120
309 237 12 14 0.101
265 31 7 9 0.096
1005 189 19 33 0.089
981 164 28 28 0.087
339 229 13 16 0.083
333 47 6 8 0.082
156 236 14 22 0.082
274 224 11 12 0.079
375 239 11 13 0.073
450 242 13 16 0.072
257 31 13 8 0.066
273 248 11 13 0.066
144 248 11 14 0.065
755 190 49 54 0.064
336 226 12 14 0.055
147 2 8 8 0.050
220 235 24 34 0.048
3 250 22 26 0.048
0 249 7 23 0.047
942 206 15 19 0.047
130 263 12 15 0.045
968 190 19 23 0.045
614 125 47 88 0.044
266 27 6 8 0.042
271 224 10 23 0.042
107 236 18 26 0.041
151 255 15 17 0.040
104 247 17 20 0.039
339 47 7 8 0.039
266 219 20 18 0.038
948 172 11 11 0.038
268 34 6 7 0.038
401 227 13 13 0.036
578 229 20 25 0.034
130 255 23 20 0.031
0 222 5 16 0.030
558 223 11 12 0.029
337 44 7 8 0.028
125 238 12 17 0.027
221 231 26 21 0.026
559 221 19 13 0.026
974 168 24 23 0.025
306 235 12 13 0.025
534 292 16 15 0.025
827 217 13 16 0.025
246 228 12 15 0.024
1015 19 9 24 0.024
162 233 12 13 0.023
381 238 13 14 0.023
982 214 22 24 0.021
618 217 14 15 0.020
