2_Demonstration_Demonstrators_2_815
82
664 352 22 27 0.762
737 344 22 28 0.755
876 312 28 32 0.755
790 356 17 22 0.730
488 356 17 19 0.708
246 386 15 16 0.694
119 402 12 15 0.693
534 368 14 19 0.644
421 359 17 22 0.607
300 374 13 16 0.576
95 407 12 14 0.532
53 404 12 13 0.515
318 378 15 18 0.513
197 382 12 14 0.496
448 374 18 21 0.486
586 361 17 18 0.484
378 368 14 16 0.458
17 409 12 13 0.447
287 387 14 15 0.439
170 387 13 17 0.427
352 369 14 17 0.419
268 387 13 15 0.334
585 369 20 24 0.323
813 349 22 27 0.299
569 369 18 20 0.288
441 344 12 13 0.278
992 340 22 27 0.268
579 364 26 21 0.262
302 377 23 18 0.232
27 399 12 14 0.219
232 384 13 16 0.216
625 343 17 18 0.207
220 396 13 15 0.199
649 364 15 21 0.177
630 342 16 17 0.168
303 394 11 14 0.156
287 383 20 22 0.139
424 364 19 21 0.134
193 384 14 17 0.130
589 375 17 21 0.128
2 417 8 12 0.109
408 377 12 15 0.108
804 351 24 24 0.107
167 384 47 15 0.105
562 372 21 24 0.104
423 354 14 17 0.099
165 367 12 15 0.099
966 346 19 24 0.097
167 377 15 27 0.097
406 367 21 21 0.081
77 403 12 17 0.078
412 357 17 20 0.077
618 372 20 21 0.075
513 381 13 15 0.073
487 378 16 18 0.071
23 400 25 14 0.070
405 371 13 16 0.069
695 316 16 21 0.065
621 353 17 22 0.064
519 371 14 16 0.058
44 422 11 13 0.052
77 413 10 19 0.047
54 399 20 15 0.047
0 395 8 20 0.044
170 370 14 18 0.039
265 392 15 13 0.038
405 361 14 15 0.036
74 419 12 14 0.035
515 373 22 18 0.034
203 387 16 16 0.032
443 361 17 21 0.031
223 388 16 17 0.029
302 397 13 16 0.024
154 382 17 16 0.024
98 410 13 15 0.024
129 379 12 13 0.023
176 392 15 16 0.023
250 390 26 16 0.022
640 371 16 19 0.022
22 412 11 14 0.022
37 402 26 20 0.021
553 376 23 22 0.020
