2_Demonstration_Demonstration_Or_Protest_2_197
177
138 276 13 17 0.725
759 325 15 20 0.724
659 266 14 18 0.707
583 246 14 16 0.702
172 427 13 18 0.689
83 291 13 17 0.683
371 307 13 15 0.679
466 335 14 17 0.678
94 388 15 18 0.678
390 274 13 18 0.674
504 228 14 16 0.671
558 278 12 15 0.671
453 255 13 17 0.665
257 291 13 15 0.661
400 245 12 16 0.661
533 312 15 17 0.659
235 302 13 17 0.645
178 312 13 16 0.639
344 272 14 16 0.633
839 322 14 18 0.633
227 377 13 17 0.624
307 380 13 19 0.621
361 372 13 16 0.621
531 282 14 16 0.611
196 129 11 13 0.610
299 282 13 17 0.604
339 404 14 18 0.603
240 166 11 14 0.585
79 152 11 12 0.581
346 368 13 16 0.574
190 380 13 18 0.567
279 360 13 19 0.562
387 418 12 17 0.557
341 337 14 18 0.539
106 231 11 13 0.528
187 286 13 16 0.520
704 311 14 19 0.519
436 251 13 16 0.517
218 224 12 14 0.513
487 402 12 17 0.489
266 457 16 21 0.480
680 295 13 15 0.470
49 132 9 11 0.450
339 239 13 16 0.429
778 485 20 23 0.423
265 272 11 14 0.417
31 279 11 15 0.415
225 423 17 19 0.407
658 308 14 17 0.397
253 164 10 13 0.391
630 311 14 16 0.377
352 235 12 15 0.376
307 234 12 14 0.349
37 146 10 11 0.348
219 469 14 21 0.338
235 188 11 13 0.295
348 236 14 16 0.271
288 490 16 22 0.249
600 272 12 14 0.242
199 47 7 8 0.221
351 370 24 16 0.214
193 262 12 16 0.205
220 421 18 19 0.203
187 182 11 13 0.202
250 364 12 15 0.183
337 237 27 16 0.174
182 291 13 19 0.173
237 295 35 17 0.162
170 225 12 16 0.160
638 281 12 15 0.150
607 287 12 15 0.137
944 475 12 17 0.128
120 39 7 7 0.126
265 337 13 15 0.123
191 265 12 26 0.122
590 331 13 16 0.118
190 266 11 14 0.117
659 299 39 17 0.115
605 280 13 16 0.115
202 195 12 13 0.110
293 491 17 23 0.108
22 128 10 11 0.105
231 426 16 20 0.103
348 275 18 16 0.103
414 24 8 10 0.101
26 238 12 14 0.097
88 52 9 12 0.091
158 274 12 15 0.090
159 276 13 18 0.089
362 279 12 15 0.088
374 277 28 45 0.086
99 100 8 9 0.086
5 77 11 10 0.085
46 86 8 9 0.084
299 491 16 23 0.083
485 289 13 14 0.079
18 87 8 9 0.079
196 287 12 19 0.079
600 274 19 21 0.077
112 24 7 7 0.077
15 83 9 10 0.076
123 71 8 9 0.075
385 261 11 13 0.071
205 361 14 17 0.070
280 238 12 14 0.069
337 336 13 17 0.069
185 184 18 16 0.069
213 135 8 11 0.068
46 133 11 13 0.065
209 45 7 8 0.063
126 52 9 9 0.061
261 274 12 16 0.059
705 306 15 19 0.059
10 77 11 11 0.058
167 185 12 14 0.054
221 220 10 14 0.050
1017 495 7 15 0.048
186 3 7 8 0.047
698 18 9 11 0.047
392 412 13 18 0.045
124 62 7 24 0.043
952 74 11 12 0.042
198 127 9 10 0.042
266 262 14 24 0.042
29 236 12 14 0.042
237 377 16 17 0.041
1011 280 11 13 0.041
46 65 8 10 0.041
3 78 8 10 0.040
201 3 8 8 0.040
589 328 13 15 0.039
61 73 9 14 0.038
213 209 12 14 0.037
520 250 12 15 0.037
368 348 12 17 0.037
309 232 13 15 0.036
66 83 9 9 0.036
113 22 7 12 0.036
806 314 11 11 0.035
174 182 16 16 0.035
413 29 10 10 0.035
200 363 14 18 0.033
835 319 14 18 0.031
55 219 11 13 0.031
409 29 7 9 0.031
210 43 8 9 0.030
350 408 13 18 0.030
185 199 14 13 0.030
488 396 13 18 0.030
214 211 13 18 0.029
221 148 9 21 0.028
196 257 10 16 0.028
276 392 14 22 0.027
221 375 17 18 0.027
429 242 12 15 0.027
421 243 15 14 0.027
46 72 8 25 0.026
183 198 12 13 0.025
876 36 8 9 0.025
75 220 12 14 0.025
270 331 14 19 0.024
371 302 14 16 0.024
283 363 11 17 0.024
965 75 11 12 0.024
1 75 8 10 0.024
380 265 13 16 0.023
274 334 12 28 0.023
951 75 26 11 0.023
458 253 9 14 0.022
223 392 14 58 0.022
164 286 18 15 0.021
301 274 11 17 0.021
967 2 11 13 0.021
630 283 14 18 0.021
110 24 7 8 0.020
88 391 14 17 0.020
228 430 15 20 0.020
