2_Demonstration_Demonstration_Or_Protest_2_897
101
667 279 40 54 0.840
862 231 19 24 0.722
792 240 13 17 0.522
151 284 11 13 0.494
843 239 12 15 0.422
252 291 13 15 0.413
829 250 11 13 0.372
87 274 8 10 0.367
995 225 15 17 0.362
599 263 9 10 0.332
622 261 10 13 0.325
901 236 15 17 0.300
744 240 11 13 0.269
215 270 9 11 0.242
515 239 10 12 0.236
832 246 13 16 0.214
23 280 8 10 0.210
929 235 15 19 0.206
650 244 9 9 0.192
133 272 9 11 0.190
47 284 8 9 0.184
619 264 10 12 0.182
961 236 14 17 0.179
112 272 9 10 0.162
95 315 7 9 0.144
679 241 9 11 0.142
715 247 8 10 0.133
69 291 8 10 0.131
6 334 8 9 0.111
647 245 10 11 0.110
229 272 10 10 0.100
66 270 9 10 0.095
67 289 9 10 0.091
600 260 10 11 0.087
1011 223 13 16 0.084
259 287 14 18 0.083
447 194 9 9 0.081
980 206 11 12 0.073
733 238 15 14 0.068
0 290 6 9 0.067
724 258 10 11 0.063
562 264 11 12 0.062
842 236 41 22 0.061
64 270 9 14 0.061
655 258 9 11 0.055
543 264 8 11 0.055
196 271 11 12 0.053
479 261 14 17 0.052
83 272 10 10 0.049
612 257 13 13 0.048
432 196 9 10 0.048
104 273 10 9 0.045
418 297 19 21 0.044
211 270 15 15 0.043
30 273 8 8 0.043
969 234 17 18 0.043
150 301 9 10 0.043
211 277 15 16 0.042
109 283 8 11 0.042
921 233 66 19 0.042
46 272 8 30 0.041
440 195 16 11 0.039
392 248 11 12 0.039
730 240 13 17 0.038
241 271 12 16 0.037
41 290 9 9 0.037
891 229 14 20 0.037
511 239 11 12 0.035
599 261 16 13 0.034
978 202 13 21 0.034
930 227 20 23 0.032
385 233 10 12 0.030
445 202 10 13 0.029
937 233 29 19 0.029
152 272 9 10 0.029
752 257 11 13 0.028
592 257 9 10 0.028
665 245 21 11 0.027
197 282 12 17 0.027
571 264 13 12 0.026
198 284 19 14 0.026
826 252 11 13 0.026
41 273 9 8 0.025
121 311 7 10 0.025
485 258 10 11 0.025
523 247 12 11 0.025
558 256 10 11 0.025
590 268 11 10 0.025
188 271 11 13 0.025
3 269 10 21 0.024
646 265 8 9 0.024
715 245 13 15 0.024
640 250 14 20 0.023
150 274 12 15 0.023
4 333 12 14 0.022
131 310 8 8 0.022
104 284 13 13 0.022
203 271 15 12 0.022
974 222 13 23 0.021
888 223 12 16 0.020
543 262 30 12 0.020
