2_Demonstration_Protesters_2_539
70
0 84 46 84 0.874
295 180 87 118 0.872
502 96 61 77 0.856
831 304 143 180 0.849
422 402 141 171 0.833
880 60 49 60 0.825
253 85 60 72 0.808
375 78 51 68 0.796
0 2 28 44 0.782
180 31 58 68 0.777
905 16 29 38 0.711
0 329 48 127 0.667
958 27 24 33 0.652
512 35 23 28 0.619
937 13 26 31 0.562
532 1 25 24 0.457
279 28 27 33 0.384
443 46 29 31 0.286
820 97 19 22 0.282
616 5 27 32 0.269
361 45 30 33 0.252
426 0 21 18 0.248
322 25 28 35 0.227
221 27 34 49 0.196
506 0 22 21 0.185
238 202 65 79 0.150
563 168 60 76 0.149
324 32 32 38 0.095
120 26 47 57 0.093
373 0 20 18 0.089
146 0 37 29 0.088
298 1 31 26 0.085
279 0 44 28 0.083
484 77 38 51 0.083
279 1 40 46 0.076
374 0 28 25 0.070
55 92 43 53 0.069
345 0 24 25 0.060
874 0 21 18 0.059
432 44 33 37 0.058
747 52 25 30 0.058
908 9 25 24 0.052
568 166 84 99 0.047
634 31 31 45 0.047
630 26 30 32 0.046
621 49 26 29 0.046
318 20 26 30 0.045
639 46 29 35 0.045
622 16 29 33 0.039
34 516 149 59 0.038
576 3 29 27 0.037
96 0 34 29 0.036
386 7 23 26 0.036
480 7 21 23 0.035
339 5 29 30 0.035
175 51 56 68 0.031
484 4 29 21 0.030
962 1 20 22 0.030
373 13 31 41 0.030
266 186 89 104 0.029
621 59 26 34 0.029
328 22 31 32 0.028
351 0 20 14 0.027
623 32 28 37 0.026
546 77 38 47 0.025
570 5 27 22 0.025
476 90 37 48 0.024
945 12 34 39 0.023
963 9 24 53 0.022
432 0 24 20 0.022
