2_Demonstration_Demonstrators_2_408
84
457 293 40 45 0.827
643 305 44 50 0.814
232 311 26 29 0.792
416 299 26 31 0.766
302 292 33 36 0.765
553 321 28 31 0.749
96 339 60 64 0.747
140 292 30 33 0.745
605 293 23 26 0.713
260 276 19 22 0.707
688 318 20 25 0.678
769 292 31 36 0.669
73 261 14 18 0.645
529 286 14 19 0.596
129 266 17 18 0.584
89 279 18 21 0.551
708 290 19 22 0.543
3 289 23 30 0.535
486 254 9 11 0.470
192 277 11 13 0.469
542 279 12 15 0.416
273 307 17 21 0.336
396 266 12 14 0.325
229 270 11 15 0.310
539 281 14 17 0.277
409 293 29 33 0.262
622 261 10 12 0.247
3 379 46 57 0.235
344 255 8 9 0.184
583 328 26 30 0.176
716 269 13 15 0.164
323 294 22 27 0.161
277 272 12 14 0.119
597 274 9 11 0.114
561 262 10 10 0.104
722 271 15 18 0.102
489 254 9 10 0.092
65 285 14 15 0.089
87 286 21 23 0.087
574 261 11 16 0.076
749 252 7 8 0.071
405 292 20 27 0.071
707 331 18 28 0.070
748 250 11 13 0.066
762 288 29 34 0.062
362 301 17 22 0.062
723 266 15 18 0.061
664 280 16 17 0.060
477 272 10 10 0.054
612 271 17 48 0.054
575 256 10 13 0.050
561 262 21 12 0.046
427 278 11 12 0.046
744 276 15 17 0.046
751 260 13 14 0.045
143 346 39 49 0.041
405 259 10 10 0.040
366 305 18 23 0.040
478 261 8 26 0.038
407 256 8 10 0.037
707 283 16 19 0.036
394 273 13 15 0.036
610 316 21 23 0.034
353 284 15 17 0.032
755 291 26 28 0.032
517 290 16 18 0.030
589 324 28 33 0.030
426 275 9 10 0.027
347 284 17 15 0.025
0 394 45 71 0.025
420 289 21 30 0.025
752 604 97 79 0.025
709 281 16 66 0.024
334 303 16 22 0.024
541 283 21 16 0.023
394 277 17 18 0.023
486 251 9 10 0.023
751 288 23 26 0.023
671 262 9 11 0.022
566 260 28 26 0.022
512 262 8 10 0.021
718 283 18 21 0.021
358 251 8 9 0.021
515 294 15 18 0.021
