2_Demonstration_Demonstrators_2_724
239
853 576 25 32 0.834
980 488 26 32 0.830
831 641 27 35 0.817
606 410 22 32 0.797
298 619 26 29 0.797
812 436 23 28 0.786
557 504 24 29 0.780
557 544 25 30 0.780
853 381 25 30 0.777
663 387 20 26 0.763
970 212 15 19 0.762
392 444 22 24 0.753
538 433 20 23 0.748
882 449 23 27 0.740
337 464 20 27 0.740
264 423 24 28 0.740
61 204 18 23 0.739
839 524 23 30 0.739
109 167 16 20 0.731
754 550 22 29 0.726
360 61 12 15 0.716
51 546 19 28 0.709
161 474 24 28 0.699
998 286 18 21 0.695
656 443 24 28 0.694
633 480 21 32 0.693
304 61 12 15 0.692
350 40 13 16 0.682
529 102 12 16 0.681
554 87 12 15 0.657
527 46 11 14 0.654
749 426 23 28 0.647
85 203 16 19 0.647
38 182 15 19 0.634
647 564 23 32 0.613
668 130 13 17 0.604
669 115 14 17 0.603
691 141 12 15 0.599
719 150 14 16 0.585
120 128 17 20 0.574
62 142 13 15 0.549
327 57 10 12 0.548
89 160 14 17 0.545
57 161 14 17 0.528
226 165 17 19 0.515
664 16 12 15 0.515
106 221 15 19 0.504
288 56 11 15 0.500
320 36 10 12 0.488
23 138 15 19 0.481
1 198 13 20 0.463
478 87 11 13 0.458
251 49 12 14 0.452
1012 446 12 30 0.445
840 360 23 28 0.439
45 208 15 19 0.417
60 17 11 12 0.408
270 40 12 15 0.395
941 182 15 16 0.394
312 407 21 24 0.387
582 30 10 13 0.385
264 452 25 28 0.385
24 657 28 25 0.383
477 475 19 25 0.380
1013 349 11 30 0.356
32 504 21 27 0.334
897 396 24 28 0.331
410 369 17 21 0.326
748 111 12 16 0.306
669 116 13 32 0.291
146 456 21 24 0.270
453 483 24 26 0.263
629 30 11 19 0.239
950 384 26 34 0.232
410 486 19 25 0.229
399 67 11 13 0.216
132 234 19 18 0.207
595 17 11 14 0.206
173 20 10 12 0.206
291 41 11 13 0.203
326 33 12 13 0.188
498 502 16 20 0.186
510 87 11 12 0.183
465 545 21 25 0.182
974 301 15 19 0.169
5 138 12 15 0.167
273 455 22 26 0.164
332 31 9 11 0.161
140 154 16 19 0.161
623 7 10 12 0.160
61 136 13 35 0.153
21 211 17 19 0.153
202 146 11 14 0.152
628 22 11 18 0.146
272 35 12 14 0.141
9 430 15 18 0.141
605 362 16 16 0.139
658 17 11 13 0.136
272 128 15 15 0.134
86 20 12 13 0.127
627 37 12 21 0.126
259 142 11 13 0.125
322 448 19 22 0.123
759 151 14 16 0.123
285 54 20 19 0.123
150 442 23 24 0.122
603 110 11 16 0.121
573 411 19 24 0.118
448 366 18 22 0.117
694 33 10 12 0.114
63 131 13 18 0.113
216 110 12 13 0.112
66 122 11 14 0.112
27 144 13 15 0.110
627 47 10 13 0.110
790 427 22 28 0.110
914 365 26 28 0.108
584 27 13 15 0.108
280 50 18 19 0.098
114 118 12 13 0.096
654 496 16 21 0.093
117 23 11 13 0.092
423 61 11 12 0.088
97 502 23 27 0.088
597 15 10 13 0.085
595 139 14 16 0.085
798 384 19 23 0.078
76 41 10 12 0.077
989 261 14 16 0.076
180 156 14 15 0.075
134 595 17 28 0.073
82 167 16 17 0.071
562 119 12 16 0.071
703 404 18 28 0.068
188 413 19 24 0.068
452 466 22 36 0.067
894 394 45 30 0.067
244 45 48 15 0.066
267 129 18 18 0.065
421 64 11 12 0.064
426 59 10 10 0.063
644 19 16 14 0.061
192 146 24 15 0.059
181 21 10 10 0.059
317 78 12 14 0.055
144 438 20 23 0.054
588 369 16 20 0.052
747 108 11 15 0.052
946 390 21 26 0.052
23 500 24 29 0.051
906 367 25 30 0.051
135 173 13 18 0.051
482 88 12 13 0.051
1016 305 7 24 0.050
185 21 9 10 0.050
6 137 19 16 0.049
595 360 26 20 0.049
624 487 17 25 0.048
1013 163 10 16 0.047
503 118 13 14 0.047
259 456 21 26 0.046
107 148 13 18 0.046
473 86 11 13 0.046
65 121 20 12 0.044
28 207 16 18 0.044
230 162 17 20 0.043
958 383 28 33 0.043
560 26 11 11 0.043
136 167 16 20 0.043
642 489 23 26 0.041
90 143 12 16 0.041
960 395 27 32 0.041
914 604 32 33 0.039
722 601 20 30 0.039
119 31 10 13 0.038
296 128 13 15 0.038
631 133 14 17 0.037
740 379 21 40 0.037
230 27 10 14 0.037
701 418 19 23 0.037
115 23 10 11 0.037
1 240 12 23 0.036
742 158 14 15 0.036
222 413 18 16 0.036
808 148 14 15 0.036
177 23 12 12 0.036
733 467 18 24 0.036
0 483 10 27 0.035
169 174 13 17 0.035
723 395 37 24 0.035
412 63 20 13 0.034
241 125 12 14 0.033
4 188 12 17 0.033
661 452 22 24 0.033
137 646 27 33 0.033
79 21 9 10 0.033
41 520 18 47 0.032
140 433 19 22 0.031
625 117 11 14 0.031
752 117 16 57 0.030
314 414 21 24 0.030
929 604 26 30 0.030
272 33 11 12 0.029
335 35 14 15 0.029
669 11 12 14 0.029
965 407 26 26 0.028
949 371 26 34 0.028
737 400 20 25 0.028
180 196 15 18 0.028
586 390 17 20 0.027
110 117 12 13 0.027
724 154 20 18 0.027
313 71 15 16 0.026
1014 639 10 31 0.026
397 61 12 16 0.026
968 655 29 27 0.026
108 479 19 23 0.026
1003 440 18 30 0.026
626 116 12 24 0.026
180 232 15 18 0.026
208 152 14 15 0.026
549 497 19 23 0.025
85 122 14 11 0.025
108 226 21 19 0.025
534 13 10 15 0.024
185 53 10 13 0.024
789 440 21 23 0.024
21 131 14 17 0.024
319 405 18 22 0.023
823 539 24 27 0.023
150 26 9 10 0.022
581 34 10 11 0.022
448 461 21 26 0.022
227 8 10 12 0.022
522 167 12 15 0.021
620 132 27 19 0.021
743 382 21 23 0.021
156 141 14 15 0.020
931 184 13 15 0.020
