2_Demonstration_Demonstrators_2_267
49
871 366 29 41 0.856
909 181 32 39 0.848
386 365 27 34 0.845
619 160 30 42 0.817
577 353 36 42 0.808
967 215 23 32 0.805
730 166 30 41 0.773
380 222 25 37 0.772
459 179 30 34 0.771
237 450 26 35 0.746
330 371 23 32 0.716
203 472 25 32 0.703
182 421 22 29 0.702
805 171 28 37 0.684
160 507 19 27 0.661
201 412 22 29 0.661
260 438 26 33 0.635
256 333 22 29 0.528
195 482 24 32 0.469
220 402 23 26 0.417
338 270 21 24 0.271
118 539 19 24 0.249
132 530 16 21 0.192
123 536 25 25 0.153
112 546 17 25 0.106
1013 234 10 29 0.087
258 356 28 38 0.086
301 232 18 24 0.073
96 574 17 19 0.073
380 463 26 29 0.066
285 237 29 26 0.062
110 552 16 21 0.061
283 240 20 26 0.057
263 367 26 34 0.053
172 412 21 28 0.047
250 331 22 27 0.042
155 449 22 28 0.041
569 204 24 30 0.038
255 355 22 32 0.037
293 216 20 47 0.030
299 209 13 17 0.029
266 336 22 26 0.026
257 433 20 30 0.025
301 392 20 24 0.024
120 543 21 31 0.024
298 220 20 28 0.022
345 268 20 24 0.021
157 505 16 25 0.021
194 493 16 22 0.021
