2_Demonstration_Political_Rally_2_41
58
598 221 38 52 0.831
795 242 26 32 0.781
28 268 18 22 0.752
742 280 19 24 0.738
676 273 19 25 0.715
258 267 18 24 0.714
940 272 21 32 0.707
69 260 18 24 0.692
896 297 18 23 0.641
815 277 17 25 0.567
583 263 19 25 0.553
354 245 23 41 0.545
848 255 9 11 0.537
82 272 18 28 0.514
215 231 24 34 0.461
56 259 14 19 0.433
443 270 18 23 0.379
58 261 19 20 0.300
666 273 22 25 0.251
886 297 16 23 0.220
734 262 20 21 0.209
713 278 13 17 0.190
662 272 15 20 0.169
476 360 12 14 0.129
204 228 30 40 0.117
173 233 31 42 0.105
351 253 21 29 0.100
505 249 23 34 0.098
589 265 18 21 0.098
548 245 21 34 0.087
699 297 17 18 0.085
662 276 19 24 0.083
447 274 18 23 0.078
275 249 17 26 0.067
701 290 18 20 0.065
558 257 24 30 0.064
567 266 18 26 0.061
499 250 21 30 0.059
266 257 20 30 0.057
941 287 16 30 0.057
572 267 20 24 0.056
462 353 12 15 0.056
680 279 21 25 0.055
482 342 11 13 0.046
454 286 15 20 0.045
439 263 15 23 0.040
677 278 36 31 0.039
881 298 15 22 0.039
858 267 12 15 0.036
853 264 15 15 0.034
540 252 20 34 0.034
821 274 20 24 0.028
514 254 26 35 0.028
217 247 21 29 0.025
692 303 16 18 0.023
554 246 19 25 0.022
707 294 15 18 0.021
240 278 16 20 0.021
