2_Demonstration_Demonstration_Or_Protest_2_853
79
932 121 23 32 0.821
854 98 25 32 0.813
986 133 23 29 0.812
996 90 24 31 0.804
838 163 25 34 0.797
982 216 27 35 0.797
816 128 24 30 0.790
940 176 24 31 0.785
805 180 27 34 0.775
864 167 25 34 0.773
368 273 24 28 0.761
965 178 26 30 0.745
636 247 26 33 0.727
977 409 39 56 0.723
429 246 23 29 0.707
717 386 34 43 0.696
438 349 27 35 0.696
745 374 32 46 0.671
304 266 28 34 0.630
722 527 38 49 0.609
425 388 33 46 0.578
118 433 40 45 0.577
92 369 29 42 0.566
696 359 28 38 0.553
542 265 32 36 0.549
302 431 35 53 0.525
102 509 35 41 0.519
377 324 23 31 0.491
458 261 21 26 0.453
307 393 30 44 0.371
852 166 28 34 0.353
377 485 32 40 0.336
977 85 18 27 0.324
591 527 28 49 0.272
834 104 18 25 0.221
614 389 35 49 0.211
63 497 37 48 0.200
579 518 34 57 0.192
75 347 23 33 0.153
131 285 22 25 0.146
422 399 27 42 0.144
948 222 24 32 0.142
569 509 31 52 0.141
0 391 11 38 0.133
962 302 40 50 0.116
317 437 27 43 0.109
404 392 24 35 0.095
304 408 31 50 0.090
973 273 31 34 0.088
913 108 21 25 0.081
938 85 23 26 0.073
733 534 39 42 0.071
303 513 36 52 0.067
128 289 26 31 0.066
443 254 26 29 0.050
971 92 21 27 0.048
55 486 39 50 0.047
313 390 32 39 0.045
386 325 27 32 0.044
1 370 15 34 0.042
418 414 25 37 0.033
665 348 42 46 0.033
1016 50 8 22 0.032
463 261 27 29 0.031
72 511 42 43 0.028
494 531 34 45 0.027
622 270 23 28 0.027
1010 402 14 40 0.026
967 275 30 45 0.026
580 446 40 48 0.025
673 385 30 38 0.024
660 342 33 43 0.023
0 261 24 35 0.022
392 400 36 44 0.022
151 572 74 3 0.021
942 79 23 25 0.021
106 515 25 29 0.021
430 378 37 42 0.021
0 255 17 31 0.020
