2_Demonstration_Demonstrators_2_420
325
169 576 23 28 0.773
74 466 18 23 0.768
234 561 25 29 0.761
179 497 21 26 0.760
745 647 30 34 0.746
520 438 17 22 0.736
22 633 26 29 0.730
94 531 25 30 0.727
281 481 15 19 0.690
727 495 23 30 0.671
1010 415 13 19 0.659
212 455 16 18 0.636
390 490 19 23 0.630
328 519 15 18 0.618
742 477 20 26 0.591
405 414 14 18 0.583
793 551 23 32 0.574
170 461 15 20 0.566
145 443 17 20 0.558
362 397 15 17 0.529
872 496 21 25 0.528
415 621 32 37 0.517
576 412 16 19 0.509
32 415 13 17 0.508
255 491 17 21 0.489
963 574 20 25 0.477
555 367 9 12 0.446
303 437 14 18 0.441
643 410 14 17 0.415
754 398 15 18 0.382
535 484 18 20 0.373
482 420 12 16 0.372
479 380 11 12 0.361
523 405 14 14 0.360
519 406 12 15 0.340
965 411 15 18 0.336
562 550 23 28 0.328
516 366 9 10 0.323
129 420 13 16 0.314
849 363 9 12 0.309
752 420 14 17 0.299
737 375 12 15 0.283
580 366 10 13 0.279
625 344 9 11 0.268
574 384 13 13 0.253
752 402 15 19 0.226
665 373 10 12 0.224
740 323 8 8 0.214
639 368 10 12 0.212
384 479 19 20 0.198
934 323 7 8 0.197
822 438 12 17 0.194
942 460 17 19 0.185
567 332 7 8 0.185
468 397 11 14 0.185
545 327 8 9 0.180
175 427 13 16 0.178
369 396 12 15 0.167
61 425 15 17 0.165
658 314 7 8 0.164
481 352 9 11 0.162
958 393 10 12 0.161
961 468 16 21 0.158
634 361 11 13 0.152
576 346 10 11 0.152
265 439 15 17 0.151
232 449 15 17 0.151
155 374 10 11 0.150
0 508 10 27 0.150
493 325 8 9 0.149
131 426 21 18 0.148
781 359 9 11 0.141
528 404 11 15 0.140
340 372 9 11 0.130
390 479 19 20 0.129
487 353 9 10 0.127
652 390 12 15 0.127
911 330 9 9 0.126
39 308 7 9 0.124
907 421 13 17 0.124
527 328 7 8 0.124
840 329 9 9 0.124
320 466 18 19 0.122
813 381 12 15 0.121
673 326 8 9 0.121
465 385 11 18 0.121
116 361 9 10 0.118
634 408 15 18 0.118
197 342 10 11 0.116
495 387 11 14 0.116
281 540 19 22 0.114
724 416 17 21 0.113
708 387 13 16 0.113
804 309 8 9 0.112
628 313 8 9 0.111
811 337 9 11 0.109
624 381 12 15 0.109
581 385 12 14 0.104
520 401 13 18 0.104
378 522 16 19 0.103
393 454 15 17 0.103
650 387 12 14 0.101
106 436 16 17 0.099
0 496 15 24 0.099
397 389 13 16 0.099
579 320 8 9 0.099
814 363 10 12 0.097
705 315 8 8 0.096
596 328 7 8 0.095
449 331 9 10 0.094
511 361 9 10 0.094
574 348 8 10 0.093
654 335 8 10 0.092
850 338 10 11 0.092
576 375 13 28 0.090
386 371 12 13 0.090
479 381 21 13 0.089
44 519 17 21 0.089
238 514 19 22 0.088
820 311 7 8 0.087
821 427 14 19 0.087
623 327 7 10 0.083
724 352 10 12 0.083
986 341 9 10 0.082
718 419 17 21 0.079
622 380 11 12 0.079
336 366 10 13 0.078
945 462 30 21 0.078
696 335 9 11 0.078
717 374 14 14 0.078
238 487 14 19 0.077
849 341 9 11 0.075
626 376 14 16 0.074
930 344 8 11 0.072
26 416 40 18 0.072
672 329 9 11 0.072
362 366 9 10 0.071
6 499 18 22 0.071
402 385 11 14 0.070
166 392 10 13 0.069
898 368 10 12 0.069
240 486 23 21 0.069
539 321 8 9 0.067
738 360 10 12 0.067
661 392 12 16 0.066
497 390 12 14 0.066
662 371 13 26 0.065
145 427 15 18 0.063
61 418 15 18 0.063
398 351 9 10 0.062
952 391 15 13 0.061
987 416 14 18 0.061
274 545 17 21 0.060
491 324 7 13 0.059
740 357 9 11 0.059
762 357 11 12 0.059
897 419 12 15 0.058
971 326 7 9 0.058
0 416 6 25 0.058
632 314 7 7 0.058
596 335 8 11 0.058
73 318 11 13 0.058
0 494 10 23 0.056
786 376 10 16 0.055
487 524 18 24 0.055
530 515 19 22 0.054
842 309 7 8 0.052
275 439 25 17 0.052
599 418 13 17 0.052
654 398 14 21 0.052
730 319 9 8 0.051
392 451 17 33 0.051
657 309 7 22 0.051
901 446 13 17 0.050
384 451 17 17 0.050
995 662 22 30 0.050
817 390 12 18 0.049
389 372 21 14 0.049
448 327 7 10 0.048
865 315 8 8 0.047
210 397 11 14 0.047
646 412 15 19 0.047
494 380 11 15 0.047
361 364 14 11 0.047
901 382 11 13 0.047
590 320 8 8 0.046
296 359 10 11 0.045
154 376 12 13 0.045
625 333 8 19 0.045
899 367 9 25 0.044
582 346 21 10 0.043
901 365 9 12 0.043
594 344 8 11 0.043
694 341 10 12 0.043
983 347 8 11 0.043
811 406 14 21 0.043
757 421 14 17 0.043
413 357 12 11 0.041
724 368 21 22 0.041
845 335 14 17 0.041
1007 300 9 10 0.041
579 358 12 19 0.039
580 418 21 18 0.039
287 542 17 21 0.039
961 458 18 25 0.039
284 441 13 14 0.039
627 309 7 31 0.038
958 568 23 28 0.038
386 363 10 23 0.038
651 459 19 24 0.038
605 643 23 25 0.038
572 318 18 14 0.037
907 324 9 11 0.037
9 399 12 16 0.037
404 379 11 13 0.037
559 373 20 18 0.037
886 476 17 19 0.037
668 373 12 13 0.036
774 295 11 12 0.036
634 355 13 26 0.036
723 350 10 32 0.036
98 647 24 24 0.035
467 380 18 57 0.035
110 396 12 15 0.035
637 349 10 15 0.035
962 333 11 10 0.035
945 389 11 13 0.035
629 393 14 28 0.035
710 376 17 13 0.035
523 349 8 17 0.035
0 408 7 28 0.034
900 374 11 16 0.034
149 448 14 19 0.034
156 363 9 25 0.034
778 356 13 17 0.034
737 414 18 18 0.033
405 404 13 18 0.033
380 450 13 16 0.033
4 376 10 12 0.033
781 346 10 11 0.032
895 382 16 18 0.032
595 327 6 30 0.032
1004 348 11 13 0.032
633 448 18 23 0.032
113 355 12 28 0.031
327 363 14 12 0.031
297 440 16 16 0.031
375 396 19 15 0.031
857 378 10 12 0.031
802 310 23 8 0.031
549 436 12 17 0.031
56 411 16 18 0.030
659 310 7 8 0.030
909 332 8 10 0.030
767 558 20 28 0.030
959 581 21 25 0.030
573 557 24 27 0.030
500 343 11 23 0.030
725 355 23 22 0.030
526 437 17 22 0.030
2 378 9 15 0.030
509 389 13 16 0.029
367 356 12 20 0.029
967 402 13 20 0.029
452 333 8 10 0.029
363 342 8 19 0.029
573 319 8 8 0.029
784 383 15 15 0.028
459 358 8 12 0.028
552 347 11 11 0.028
448 321 7 8 0.028
648 466 23 30 0.028
459 357 14 11 0.027
387 369 14 17 0.027
252 444 20 17 0.027
242 481 16 19 0.027
813 388 13 41 0.027
271 434 13 15 0.026
970 483 20 21 0.026
966 322 13 20 0.026
572 661 24 28 0.026
774 445 14 19 0.026
259 369 10 11 0.026
467 401 12 15 0.025
317 349 9 12 0.025
131 395 11 14 0.025
939 459 15 17 0.025
479 344 9 12 0.025
143 355 8 22 0.025
339 378 10 15 0.025
382 509 19 24 0.025
814 400 13 20 0.025
887 386 10 16 0.025
76 298 8 11 0.024
370 333 11 9 0.024
885 373 19 13 0.024
858 439 13 17 0.024
245 444 15 17 0.023
378 370 16 15 0.023
1012 345 11 13 0.023
547 324 16 21 0.023
502 324 7 8 0.023
753 423 16 20 0.023
922 336 16 18 0.022
337 361 14 20 0.022
724 425 15 19 0.022
879 375 11 12 0.022
130 359 21 11 0.022
503 328 7 31 0.022
542 366 56 14 0.022
631 349 11 40 0.022
301 372 11 14 0.022
344 408 12 14 0.022
0 425 7 33 0.021
634 454 36 27 0.021
813 418 14 18 0.021
403 353 22 13 0.021
213 465 17 21 0.021
0 537 8 24 0.021
95 524 21 28 0.021
739 319 10 13 0.021
904 319 8 8 0.021
280 372 13 17 0.021
630 413 14 17 0.020
149 368 15 22 0.020
