2_Demonstration_Political_Rally_2_933
35
1007 379 17 61 0.834
761 316 43 61 0.804
417 244 32 41 0.727
203 253 61 86 0.709
639 177 32 44 0.707
30 97 50 58 0.676
159 38 46 53 0.653
162 98 38 50 0.638
367 109 37 46 0.592
791 292 22 29 0.398
357 280 58 68 0.359
36 166 37 48 0.328
944 265 49 53 0.187
497 328 41 56 0.162
365 1 30 31 0.140
651 177 39 45 0.112
74 313 41 58 0.101
748 258 28 43 0.097
231 278 65 77 0.074
841 261 38 45 0.070
262 361 32 46 0.060
791 302 23 38 0.058
5 280 28 52 0.056
2 278 18 47 0.055
504 349 30 40 0.046
626 311 32 35 0.041
751 276 26 34 0.041
65 235 48 59 0.040
482 326 39 57 0.039
515 323 38 49 0.037
12 217 45 56 0.036
70 330 49 61 0.029
667 177 30 42 0.025
504 288 12 18 0.024
117 306 57 69 0.022
