2_Demonstration_Demonstration_Or_Protest_2_180
466
1003 423 21 25 0.759
932 403 19 22 0.759
905 426 23 26 0.754
710 449 19 25 0.723
703 407 16 24 0.714
416 366 15 19 0.700
773 392 16 19 0.699
917 356 14 18 0.697
753 386 16 19 0.685
632 378 15 19 0.684
954 359 14 17 0.682
557 435 20 23 0.668
657 374 16 18 0.662
559 379 17 21 0.658
397 357 15 18 0.654
876 421 20 26 0.651
508 374 15 19 0.629
801 409 20 22 0.619
846 389 16 19 0.592
440 353 14 17 0.588
742 415 17 23 0.587
952 424 19 23 0.571
961 461 23 26 0.567
485 357 15 18 0.557
872 347 14 16 0.553
511 313 10 13 0.552
781 350 15 17 0.551
423 287 11 13 0.545
831 436 23 24 0.541
532 365 14 17 0.536
315 287 11 13 0.534
325 306 13 15 0.533
901 397 19 22 0.520
111 301 11 13 0.520
697 345 15 20 0.511
876 310 11 13 0.504
629 350 15 17 0.493
536 330 14 17 0.462
782 370 19 20 0.458
616 331 14 15 0.457
881 373 16 20 0.435
753 368 12 15 0.431
347 297 11 15 0.426
863 329 13 16 0.417
641 331 13 15 0.414
285 320 13 15 0.410
786 323 13 15 0.409
984 341 13 16 0.391
979 411 16 19 0.381
939 398 20 23 0.372
47 276 9 10 0.366
918 307 10 13 0.365
933 347 14 15 0.356
951 287 11 13 0.356
643 398 17 22 0.351
444 294 11 12 0.346
94 328 13 17 0.340
806 373 15 20 0.339
8 279 9 11 0.334
709 377 17 21 0.334
989 313 11 12 0.331
947 267 8 10 0.317
463 349 12 13 0.315
600 385 18 21 0.314
901 348 14 18 0.307
905 380 15 18 0.301
542 302 10 11 0.298
694 314 10 12 0.291
465 301 12 13 0.290
301 273 10 12 0.287
3 305 9 11 0.287
290 298 10 13 0.285
362 292 11 12 0.285
232 298 11 13 0.284
211 300 10 11 0.284
78 327 11 14 0.282
991 389 14 16 0.280
697 338 15 19 0.279
321 255 9 9 0.276
633 351 17 18 0.274
308 303 11 12 0.270
484 320 10 12 0.266
273 315 11 13 0.265
451 365 14 17 0.264
841 331 14 18 0.258
30 306 11 13 0.258
844 378 14 19 0.254
354 404 15 19 0.254
841 312 10 12 0.244
742 404 16 20 0.240
640 403 17 25 0.238
842 339 12 15 0.238
873 480 19 25 0.237
465 350 13 17 0.236
810 287 8 10 0.236
254 280 9 12 0.226
271 263 8 9 0.225
953 329 14 15 0.225
10 258 9 11 0.221
874 312 12 16 0.220
966 300 10 12 0.218
27 278 8 11 0.217
372 283 11 12 0.214
470 357 23 18 0.212
969 269 8 10 0.208
514 299 10 11 0.207
685 284 11 12 0.207
707 372 15 23 0.204
494 433 19 21 0.202
790 281 9 10 0.202
463 382 16 18 0.196
954 417 28 25 0.187
718 323 12 16 0.186
144 328 13 17 0.184
757 313 12 12 0.183
730 285 10 11 0.181
605 343 13 16 0.177
883 408 16 22 0.177
981 288 10 12 0.175
817 358 14 20 0.173
1015 360 8 18 0.172
277 285 9 11 0.170
558 322 10 14 0.169
56 327 9 11 0.166
717 291 11 11 0.165
922 294 9 11 0.165
636 409 15 19 0.163
869 301 11 12 0.162
249 283 12 12 0.157
893 399 19 21 0.156
831 312 21 12 0.153
426 272 9 11 0.151
552 281 8 9 0.151
635 337 15 34 0.151
832 312 9 12 0.151
603 340 13 15 0.149
778 371 16 18 0.148
87 329 17 16 0.148
920 295 10 15 0.148
722 324 13 16 0.145
843 313 10 17 0.145
968 266 8 10 0.143
364 293 13 16 0.143
52 295 11 12 0.142
506 370 33 20 0.140
269 251 7 8 0.138
677 369 15 19 0.137
641 316 10 14 0.137
309 299 12 14 0.136
530 289 13 10 0.136
908 353 25 26 0.135
923 331 14 15 0.134
906 331 14 15 0.133
814 365 17 27 0.133
808 354 14 21 0.133
0 243 5 8 0.133
386 294 12 12 0.132
135 238 8 9 0.132
878 477 20 25 0.131
421 288 26 14 0.129
316 392 14 19 0.128
715 325 14 17 0.128
278 295 11 13 0.128
836 368 14 18 0.125
453 371 20 21 0.125
823 275 8 9 0.123
862 284 9 13 0.122
936 397 32 43 0.121
987 255 8 9 0.120
823 384 15 20 0.120
823 440 26 25 0.120
690 292 10 22 0.120
190 302 12 17 0.118
830 366 16 16 0.117
74 305 12 14 0.116
328 296 18 16 0.116
927 382 13 18 0.116
641 319 11 30 0.116
331 294 10 12 0.114
132 263 9 10 0.114
726 330 16 13 0.114
878 348 15 49 0.113
977 358 13 17 0.113
558 327 12 16 0.113
358 273 9 12 0.113
875 334 13 15 0.112
410 293 10 11 0.112
62 364 15 16 0.112
70 304 11 13 0.112
931 268 8 11 0.112
306 240 8 10 0.111
879 284 11 12 0.110
832 311 13 20 0.110
780 351 18 45 0.110
904 273 9 10 0.109
668 282 10 11 0.109
127 294 9 15 0.108
180 321 13 16 0.108
687 292 11 15 0.107
499 270 9 10 0.107
937 297 9 15 0.106
746 291 10 11 0.105
482 285 12 17 0.105
783 246 7 7 0.104
882 398 17 23 0.104
502 337 13 14 0.101
473 363 13 18 0.101
277 282 11 20 0.101
518 344 12 16 0.101
367 309 12 15 0.101
49 273 9 22 0.101
466 275 11 11 0.100
670 292 11 12 0.099
944 324 18 17 0.099
623 299 9 11 0.098
381 290 12 13 0.097
539 331 25 15 0.095
480 357 35 22 0.094
522 307 11 19 0.093
824 327 11 13 0.093
684 281 10 12 0.092
920 291 10 33 0.091
558 351 11 15 0.090
704 286 18 12 0.089
937 348 15 18 0.089
714 287 18 14 0.089
551 280 9 15 0.088
669 280 11 18 0.088
943 395 17 19 0.088
627 282 9 11 0.087
737 331 13 15 0.087
820 445 20 25 0.086
176 307 11 13 0.086
44 295 15 13 0.086
917 300 12 30 0.086
426 352 37 29 0.085
719 241 8 9 0.085
608 354 12 17 0.084
785 280 15 12 0.084
934 320 20 14 0.083
926 331 16 23 0.083
727 289 10 12 0.083
762 320 11 14 0.083
530 342 14 17 0.083
306 239 9 18 0.081
622 332 22 44 0.080
862 295 15 16 0.080
175 306 22 15 0.080
861 282 8 10 0.079
642 320 12 15 0.078
222 324 11 13 0.078
1016 391 8 27 0.077
9 271 9 22 0.076
691 311 11 15 0.076
607 349 26 16 0.076
151 292 11 12 0.075
484 287 10 29 0.074
505 298 18 12 0.074
300 219 7 9 0.073
851 298 9 13 0.073
829 389 16 19 0.071
0 306 24 12 0.070
1011 380 11 24 0.069
927 376 15 17 0.069
937 300 10 24 0.068
903 266 8 20 0.068
755 314 10 12 0.068
279 282 9 11 0.067
152 242 8 12 0.067
56 298 23 13 0.066
839 342 13 14 0.066
0 389 14 23 0.066
342 294 42 14 0.065
93 277 9 13 0.064
827 382 28 20 0.064
863 482 18 24 0.064
824 391 15 21 0.064
909 399 25 21 0.064
503 379 19 20 0.064
140 276 10 12 0.063
815 350 16 17 0.063
158 267 8 10 0.063
668 234 7 9 0.062
497 226 7 8 0.062
929 268 26 8 0.062
930 261 14 16 0.061
786 372 21 19 0.061
937 245 8 11 0.061
887 260 9 13 0.060
147 290 11 20 0.060
0 239 5 18 0.059
507 338 19 16 0.059
475 282 19 20 0.059
755 288 17 11 0.058
879 381 15 20 0.058
138 372 12 16 0.057
317 286 23 34 0.056
462 300 25 18 0.056
117 281 12 13 0.056
643 416 17 21 0.055
148 244 12 8 0.055
456 281 21 12 0.055
433 385 15 18 0.054
277 302 22 36 0.054
76 278 9 12 0.054
741 289 18 12 0.053
558 294 14 12 0.053
13 410 13 17 0.053
858 287 32 10 0.052
84 258 8 9 0.052
301 267 9 13 0.051
121 280 8 12 0.051
779 294 14 11 0.051
11 538 32 29 0.051
641 348 16 18 0.051
94 279 9 16 0.050
343 261 14 14 0.049
514 354 15 18 0.049
786 356 24 27 0.049
316 266 12 70 0.049
239 261 9 11 0.049
495 317 24 12 0.049
141 276 12 25 0.047
319 242 9 9 0.047
132 260 10 18 0.046
159 363 14 15 0.046
792 312 12 19 0.046
54 298 11 12 0.046
900 330 12 14 0.046
975 445 22 24 0.045
72 363 15 16 0.045
359 256 8 9 0.045
380 291 17 20 0.045
16 306 12 12 0.045
468 273 19 18 0.045
967 325 12 15 0.044
753 309 19 25 0.044
450 382 17 17 0.044
646 406 17 22 0.043
204 254 9 10 0.042
496 382 18 17 0.042
600 342 12 14 0.042
445 286 13 15 0.042
149 285 16 20 0.042
879 394 14 18 0.042
558 318 11 44 0.041
899 277 9 21 0.041
948 282 19 27 0.041
918 263 23 10 0.041
868 359 13 17 0.041
685 280 13 30 0.041
165 283 14 11 0.040
768 259 7 9 0.040
399 293 12 11 0.039
493 386 14 16 0.039
207 282 12 16 0.039
67 281 10 10 0.038
967 334 23 17 0.038
130 302 12 23 0.038
451 352 50 34 0.038
331 259 23 13 0.038
140 305 12 17 0.037
924 245 7 6 0.037
760 287 23 13 0.037
138 368 24 18 0.036
289 235 11 12 0.036
214 299 12 14 0.036
134 319 12 14 0.036
28 294 14 34 0.035
887 422 21 24 0.035
1017 345 7 33 0.035
1002 371 18 33 0.035
550 298 11 28 0.035
617 306 10 22 0.034
569 513 21 30 0.034
245 272 11 25 0.034
520 285 18 33 0.034
809 281 21 19 0.034
290 275 14 55 0.033
157 266 10 18 0.033
586 402 16 23 0.033
374 286 24 18 0.033
784 265 12 31 0.032
4 399 17 21 0.032
589 397 18 22 0.032
211 283 16 12 0.032
915 288 30 38 0.032
739 407 17 23 0.032
577 307 13 14 0.031
500 249 8 35 0.031
621 300 20 15 0.031
96 282 23 17 0.031
733 233 7 7 0.031
343 266 24 15 0.031
209 298 38 13 0.031
513 291 19 14 0.030
979 284 15 16 0.030
64 239 7 7 0.030
81 308 11 11 0.029
64 280 16 14 0.029
764 290 19 16 0.029
452 273 14 21 0.029
5 408 16 19 0.029
965 508 25 27 0.029
766 326 14 15 0.029
291 234 16 13 0.028
354 411 14 18 0.028
227 282 24 14 0.028
197 233 8 18 0.028
224 375 12 16 0.027
473 257 20 13 0.027
895 291 12 17 0.027
424 273 8 10 0.027
294 240 24 13 0.027
978 289 23 46 0.027
321 282 46 39 0.026
871 264 16 17 0.026
182 297 15 46 0.026
746 340 13 18 0.026
988 526 21 23 0.026
316 385 14 18 0.026
967 261 20 16 0.026
952 409 23 26 0.026
0 535 13 30 0.026
320 273 16 15 0.025
647 270 10 10 0.025
823 271 8 8 0.025
541 240 8 11 0.025
692 271 11 76 0.025
65 238 8 12 0.025
663 358 19 19 0.024
769 246 8 33 0.024
645 357 21 16 0.024
1 306 47 13 0.023
462 260 10 21 0.023
194 292 15 15 0.023
936 433 22 23 0.023
82 254 9 11 0.023
559 313 13 20 0.022
713 338 13 16 0.022
885 258 7 37 0.022
875 353 23 26 0.022
574 301 14 15 0.022
712 280 14 12 0.022
122 276 25 26 0.022
766 439 18 24 0.022
733 319 26 44 0.022
456 273 29 57 0.022
958 376 15 18 0.022
481 255 25 17 0.022
487 328 16 15 0.022
329 266 23 18 0.022
596 309 17 13 0.021
504 269 8 15 0.021
788 294 12 18 0.021
435 370 15 20 0.021
484 268 26 20 0.021
905 277 17 15 0.021
749 363 15 18 0.021
771 355 16 16 0.021
822 290 10 16 0.021
586 307 22 13 0.021
408 346 15 22 0.021
1018 335 6 19 0.020
366 313 14 20 0.020
26 312 12 12 0.020
