2_Demonstration_Demonstration_Or_Protest_2_775
104
834 152 27 37 0.827
1001 155 22 31 0.812
565 134 22 26 0.797
250 95 23 30 0.795
453 132 23 27 0.792
911 197 28 35 0.787
345 17 17 21 0.777
962 134 24 32 0.777
528 65 19 24 0.775
637 69 20 26 0.775
245 15 18 23 0.775
108 232 27 37 0.773
211 63 20 25 0.768
291 48 21 24 0.764
387 48 19 25 0.761
747 65 24 28 0.759
371 146 21 28 0.757
157 46 23 29 0.755
100 7 17 22 0.752
190 244 24 34 0.745
912 294 25 34 0.745
421 41 18 22 0.743
182 22 19 24 0.740
472 1 17 19 0.738
49 5 16 23 0.738
173 111 24 30 0.738
265 187 23 29 0.730
202 467 29 43 0.724
349 84 21 26 0.721
985 65 20 25 0.718
588 41 20 23 0.716
58 181 24 31 0.715
823 22 19 24 0.684
303 18 17 22 0.681
159 152 19 29 0.680
145 103 20 28 0.620
690 51 17 23 0.578
937 359 26 41 0.564
578 0 17 21 0.533
928 237 23 30 0.530
84 131 20 23 0.491
220 336 25 29 0.400
69 342 24 40 0.343
861 2 14 17 0.343
0 167 11 33 0.339
910 30 16 18 0.328
685 130 17 22 0.309
945 366 26 39 0.261
174 100 21 30 0.225
738 162 22 30 0.220
24 146 23 30 0.210
986 49 18 22 0.197
786 106 15 21 0.170
8 225 23 34 0.162
929 356 26 40 0.160
911 25 16 17 0.151
0 231 12 37 0.142
0 336 11 48 0.139
229 334 23 28 0.139
64 349 24 39 0.128
2 63 14 19 0.107
596 448 21 30 0.091
76 335 22 37 0.081
928 245 27 33 0.081
779 384 27 44 0.073
925 75 16 22 0.071
87 125 17 22 0.070
113 77 21 26 0.068
0 95 15 22 0.067
424 422 21 29 0.062
314 270 21 29 0.057
422 33 18 22 0.054
153 157 20 27 0.053
210 338 23 29 0.050
827 296 23 31 0.049
1 224 18 33 0.049
0 350 10 53 0.043
203 52 33 33 0.043
155 98 20 25 0.039
71 216 22 24 0.039
920 235 20 29 0.037
81 136 19 22 0.037
806 31 14 19 0.036
746 166 25 30 0.034
962 5 14 17 0.033
914 185 23 29 0.032
182 479 37 39 0.031
121 71 18 25 0.028
350 76 20 24 0.028
298 16 17 20 0.028
2 58 15 65 0.027
863 124 18 20 0.026
906 32 16 19 0.026
35 142 17 23 0.026
948 207 25 28 0.025
7 211 23 33 0.025
530 57 19 24 0.024
7 65 15 21 0.024
1005 5 12 17 0.024
298 20 19 29 0.023
0 89 13 24 0.022
15 142 25 33 0.022
185 490 25 31 0.022
1013 254 11 30 0.020
