2_Demonstration_Political_Rally_2_837
48
460 156 79 95 0.880
941 213 27 35 0.870
819 220 33 42 0.865
1000 176 24 40 0.853
299 191 34 43 0.846
594 159 42 48 0.834
898 186 26 35 0.821
379 175 22 29 0.808
775 184 34 36 0.727
815 194 18 19 0.716
931 201 21 26 0.710
755 168 32 39 0.709
851 212 19 25 0.704
107 242 10 13 0.662
696 201 16 20 0.660
405 228 25 35 0.606
969 202 16 21 0.554
428 223 37 45 0.525
752 168 25 33 0.485
837 201 19 21 0.447
953 309 58 53 0.399
174 242 14 16 0.382
138 234 9 11 0.379
750 171 18 24 0.341
763 170 34 43 0.234
806 185 12 13 0.133
545 216 22 27 0.129
277 218 9 13 0.123
170 240 13 14 0.119
209 252 9 11 0.097
831 205 23 30 0.096
407 225 42 45 0.087
822 195 20 21 0.079
152 241 8 9 0.064
134 235 9 9 0.060
276 225 10 12 0.056
278 224 10 16 0.042
298 237 10 11 0.040
405 164 19 24 0.039
274 214 10 12 0.036
531 235 28 36 0.036
298 230 7 16 0.032
797 178 22 26 0.030
275 216 15 20 0.029
552 219 15 18 0.025
758 187 25 30 0.024
948 294 56 56 0.020
1001 271 21 33 0.020
