2_Demonstration_Protesters_2_909
37
718 231 44 50 0.773
818 206 42 47 0.771
648 204 32 41 0.746
317 187 41 50 0.739
247 193 35 51 0.739
492 251 35 39 0.728
632 193 18 26 0.624
535 202 21 25 0.621
568 196 26 30 0.529
28 214 38 50 0.504
757 192 23 27 0.412
391 212 22 25 0.388
461 208 20 24 0.342
369 195 21 23 0.322
442 217 21 26 0.322
730 190 24 27 0.307
285 204 30 32 0.268
694 196 21 24 0.213
914 146 36 49 0.202
597 216 22 26 0.188
179 235 37 42 0.164
446 211 33 27 0.160
744 191 31 29 0.157
509 218 21 25 0.113
420 201 18 21 0.107
598 205 33 32 0.098
50 236 31 42 0.092
143 226 12 16 0.084
385 205 26 28 0.079
114 227 14 16 0.062
401 204 22 26 0.040
135 225 24 17 0.036
653 194 41 44 0.031
458 214 27 29 0.027
118 226 14 16 0.025
44 218 36 50 0.024
545 198 28 26 0.020
