59_peopledrivingcar_peopledrivingcar_59_843
31
948 105 55 72 0.840
462 134 49 65 0.832
574 191 54 70 0.823
325 108 47 57 0.812
172 36 48 83 0.775
779 127 42 56 0.764
282 124 43 45 0.742
804 166 44 63 0.739
302 0 43 22 0.509
17 167 41 55 0.486
413 143 32 42 0.445
573 144 41 43 0.293
311 286 42 57 0.122
680 136 34 42 0.112
617 96 35 53 0.103
323 50 28 34 0.102
677 124 27 37 0.063
771 73 30 39 0.061
565 139 36 40 0.056
812 0 31 21 0.046
303 183 28 38 0.043
11 122 31 38 0.039
779 143 30 38 0.034
614 108 32 54 0.032
795 130 48 65 0.030
7 137 46 68 0.027
743 20 27 32 0.026
598 32 22 22 0.022
685 80 31 33 0.021
31 178 30 39 0.021
247 129 28 37 0.021
