61_Street_Battle_streetfight_61_108
153
788 232 32 38 0.866
747 166 30 37 0.865
619 155 36 42 0.861
775 144 30 35 0.850
576 155 37 43 0.845
131 144 40 47 0.841
710 162 32 38 0.838
829 175 30 36 0.837
921 5 20 25 0.836
671 156 37 40 0.835
984 172 29 35 0.830
800 175 28 36 0.830
882 188 31 37 0.827
205 160 33 42 0.826
40 147 41 47 0.822
516 126 42 48 0.820
294 88 26 33 0.817
732 359 46 52 0.816
935 173 31 39 0.813
82 158 35 42 0.810
917 136 32 38 0.807
300 150 36 42 0.804
480 144 30 41 0.798
700 118 32 35 0.797
547 153 28 36 0.794
754 124 29 32 0.792
874 112 22 28 0.790
983 457 41 69 0.788
900 1 19 23 0.788
42 97 25 28 0.787
777 13 21 25 0.783
748 24 20 25 0.783
255 99 24 27 0.782
666 117 24 27 0.778
837 8 20 25 0.774
876 20 19 25 0.772
771 211 27 37 0.768
614 16 19 23 0.764
598 113 31 35 0.756
877 1 17 20 0.755
14 91 25 31 0.754
636 17 20 23 0.742
581 28 19 24 0.741
819 125 30 33 0.738
800 5 19 20 0.737
580 105 21 24 0.732
960 132 25 31 0.729
104 82 18 21 0.721
990 19 20 26 0.720
135 88 21 26 0.720
562 122 23 26 0.712
656 30 21 26 0.710
696 22 20 23 0.710
228 114 19 23 0.702
863 136 24 30 0.702
754 6 20 22 0.694
154 109 19 23 0.694
949 15 22 24 0.677
860 13 17 25 0.675
718 26 18 20 0.673
203 116 27 29 0.664
815 19 19 21 0.664
113 110 21 23 0.650
474 96 38 47 0.574
99 132 30 37 0.572
8 294 35 70 0.518
546 38 15 21 0.473
0 107 9 29 0.468
251 142 33 39 0.464
649 150 23 35 0.459
562 30 17 23 0.443
754 222 32 36 0.435
0 181 8 54 0.419
81 116 24 27 0.417
489 111 30 35 0.396
1016 22 8 23 0.391
982 142 24 27 0.371
875 147 28 32 0.364
678 29 16 22 0.354
140 94 23 31 0.290
750 6 20 41 0.287
553 135 27 41 0.238
12 93 49 30 0.232
983 25 19 23 0.230
552 33 21 24 0.230
696 24 41 21 0.221
321 102 19 21 0.206
1001 124 17 21 0.204
734 129 19 25 0.200
706 3 16 16 0.197
415 93 12 16 0.187
327 163 26 36 0.180
205 97 15 17 0.179
103 108 27 58 0.164
573 111 23 27 0.156
601 23 16 28 0.150
429 89 46 50 0.136
95 92 15 18 0.133
1016 30 8 22 0.126
874 10 52 32 0.122
979 32 14 18 0.105
91 131 28 35 0.088
606 22 17 21 0.086
0 158 6 45 0.086
1014 177 10 28 0.081
1009 161 15 29 0.078
84 110 20 23 0.073
791 173 28 36 0.071
108 139 23 34 0.067
809 511 37 47 0.066
814 120 26 27 0.063
992 147 25 32 0.063
679 0 18 18 0.057
444 91 43 51 0.057
946 11 19 22 0.052
500 116 21 26 0.052
0 102 18 31 0.051
881 94 15 17 0.050
0 304 34 75 0.048
1010 148 12 35 0.047
904 21 15 19 0.042
1013 187 11 32 0.040
778 121 22 22 0.040
538 157 31 38 0.039
738 124 20 23 0.038
610 32 21 21 0.036
0 192 7 30 0.036
241 145 26 34 0.035
778 177 23 31 0.035
985 135 20 25 0.034
203 94 22 26 0.032
252 155 47 51 0.031
246 153 37 42 0.029
867 161 30 30 0.028
544 35 14 18 0.028
598 130 29 33 0.027
206 104 19 23 0.027
92 150 30 41 0.024
560 128 26 32 0.024
620 32 18 21 0.024
1012 137 12 37 0.023
584 22 20 23 0.023
725 0 19 13 0.023
644 141 24 28 0.022
0 165 5 30 0.022
108 104 20 23 0.022
0 178 5 31 0.021
255 174 33 36 0.021
651 142 23 31 0.021
153 116 21 29 0.020
312 147 34 41 0.020
237 150 20 29 0.020
806 114 23 25 0.020
