61_Street_Battle_streetfight_61_713
67
795 155 89 111 0.837
677 127 45 65 0.799
354 82 23 32 0.699
942 120 28 40 0.698
882 127 19 23 0.684
348 160 34 47 0.659
323 67 18 23 0.643
696 13 18 24 0.637
13 64 20 23 0.589
808 116 20 23 0.460
617 94 18 23 0.373
390 313 57 98 0.327
246 139 27 55 0.311
267 87 12 14 0.302
0 89 8 19 0.256
1001 87 22 43 0.254
570 79 20 24 0.225
781 151 25 38 0.225
79 99 18 23 0.203
381 200 40 51 0.176
125 95 10 13 0.148
409 284 51 82 0.143
269 132 36 53 0.138
18 68 17 22 0.130
8 63 17 22 0.128
253 136 34 50 0.125
563 81 26 31 0.125
106 95 11 13 0.089
113 95 25 12 0.088
92 88 14 18 0.082
143 78 9 10 0.078
100 94 20 12 0.073
287 137 21 37 0.065
539 87 26 28 0.065
679 50 20 27 0.061
630 122 22 29 0.054
828 113 14 18 0.054
0 104 9 25 0.054
84 98 22 19 0.051
43 77 15 19 0.051
687 40 20 28 0.051
903 130 15 20 0.050
557 86 27 34 0.046
350 77 15 21 0.045
621 94 20 30 0.045
172 68 27 31 0.045
138 82 11 12 0.043
699 87 24 29 0.043
164 84 22 26 0.043
266 91 13 15 0.040
551 119 44 43 0.040
0 77 7 28 0.039
803 126 15 19 0.038
52 83 20 25 0.038
167 65 22 34 0.037
56 86 23 28 0.037
141 107 13 16 0.036
62 96 23 26 0.036
104 90 10 11 0.035
173 81 20 29 0.033
17 77 14 18 0.027
545 118 31 42 0.026
700 81 20 23 0.026
161 71 30 39 0.024
182 68 20 24 0.022
632 129 26 34 0.022
951 117 22 28 0.020
