61_Street_Battle_streetfight_61_759
36
497 175 52 71 0.853
60 160 41 49 0.821
955 70 27 34 0.801
610 288 33 40 0.794
393 237 25 37 0.793
243 65 20 24 0.785
673 129 21 23 0.768
942 51 20 26 0.766
291 67 18 24 0.758
819 68 18 22 0.757
908 88 19 23 0.729
739 142 20 24 0.726
638 24 16 20 0.678
761 72 16 19 0.669
830 107 32 36 0.652
920 120 28 31 0.507
992 79 20 25 0.247
804 84 14 16 0.215
842 113 22 28 0.186
812 74 22 21 0.138
775 129 18 21 0.124
176 159 34 44 0.108
482 217 21 30 0.084
434 221 11 12 0.054
903 122 27 31 0.048
798 85 16 20 0.044
1005 73 17 29 0.040
703 134 17 18 0.039
156 150 38 42 0.038
1019 63 5 32 0.033
883 103 15 17 0.033
870 101 12 14 0.026
509 327 28 38 0.024
877 103 24 22 0.024
1017 78 7 33 0.024
734 205 21 27 0.022
