61_Street_Battle_streetfight_61_266
26
872 126 69 112 0.748
138 176 33 44 0.744
647 173 27 33 0.726
362 170 28 34 0.716
773 158 25 31 0.711
574 188 24 34 0.676
0 162 23 43 0.660
245 167 67 96 0.538
486 164 30 39 0.404
646 210 24 30 0.288
714 141 24 29 0.209
113 153 29 41 0.089
312 196 20 23 0.055
498 181 32 33 0.054
221 165 51 66 0.050
0 148 22 43 0.045
434 165 30 37 0.039
307 190 28 34 0.037
90 171 23 31 0.030
486 179 34 34 0.030
217 169 79 85 0.028
101 323 154 191 0.025
584 193 26 29 0.024
462 195 28 34 0.024
355 171 25 31 0.022
874 175 46 63 0.022
