61_Street_Battle_streetfight_61_761
24
151 110 115 151 0.843
606 83 126 157 0.750
961 336 43 55 0.744
364 84 91 122 0.663
935 219 31 41 0.583
814 216 31 38 0.415
81 166 19 22 0.085
1001 194 23 31 0.079
282 59 27 33 0.075
870 290 35 51 0.071
1009 406 15 47 0.066
836 93 24 30 0.063
970 184 21 28 0.061
897 181 22 27 0.060
849 61 22 27 0.057
75 222 41 50 0.046
941 210 31 39 0.036
68 151 22 29 0.036
42 308 38 63 0.027
806 65 20 26 0.027
97 79 16 18 0.024
853 186 22 30 0.024
992 69 18 23 0.024
839 66 24 55 0.023
