61_Street_Battle_streetfight_61_371
79
379 417 41 49 0.810
361 142 28 35 0.808
526 158 33 44 0.807
581 119 30 39 0.785
310 366 38 45 0.783
39 25 30 37 0.767
749 162 39 57 0.761
476 99 29 37 0.758
134 237 30 38 0.757
317 48 23 35 0.748
141 387 36 46 0.747
867 220 31 42 0.745
921 336 34 44 0.744
51 247 27 36 0.734
937 251 35 43 0.718
187 201 33 38 0.703
15 90 31 39 0.701
422 393 30 36 0.686
221 34 28 33 0.679
395 42 24 35 0.665
264 388 33 42 0.641
131 23 27 33 0.626
519 409 35 39 0.592
68 390 31 36 0.588
845 172 32 42 0.567
441 7 34 33 0.542
273 216 33 38 0.539
701 68 23 31 0.498
338 218 32 40 0.495
921 132 31 36 0.488
529 355 31 36 0.487
991 172 31 45 0.470
232 415 28 35 0.466
772 46 27 36 0.442
623 181 49 57 0.339
808 356 35 37 0.323
85 310 28 36 0.320
540 343 34 42 0.285
224 88 28 36 0.264
790 426 34 36 0.262
954 35 25 31 0.259
70 409 32 36 0.214
74 26 24 30 0.196
918 3 28 30 0.188
537 246 35 44 0.188
444 19 30 32 0.157
928 94 29 34 0.153
542 327 33 45 0.138
492 161 26 33 0.130
128 221 31 34 0.121
422 403 32 42 0.120
655 178 35 45 0.110
257 407 34 39 0.105
947 101 25 32 0.102
635 177 48 50 0.085
503 122 24 38 0.072
220 370 30 35 0.061
548 228 33 41 0.056
433 355 32 36 0.053
731 329 31 34 0.049
275 227 33 40 0.048
798 366 38 42 0.047
897 396 40 48 0.047
338 236 30 31 0.041
549 354 26 35 0.040
848 168 28 30 0.040
238 413 43 35 0.036
191 30 25 33 0.034
686 195 33 41 0.030
989 166 28 35 0.029
646 119 24 30 0.028
794 130 25 33 0.027
541 321 33 32 0.027
806 377 38 41 0.026
522 245 41 46 0.025
771 134 31 35 0.025
678 184 38 45 0.023
272 243 33 39 0.021
0 374 7 36 0.020
