61_Street_Battle_streetfight_61_598
26
528 186 26 33 0.807
214 223 25 29 0.805
170 262 27 32 0.801
60 135 24 33 0.800
969 153 30 37 0.789
145 184 20 24 0.789
343 195 25 30 0.787
88 156 26 29 0.767
215 184 17 21 0.730
453 118 25 37 0.704
803 125 33 41 0.698
880 143 31 36 0.619
987 94 32 38 0.567
666 172 26 34 0.512
782 168 25 29 0.341
498 211 23 26 0.261
41 236 24 31 0.154
664 181 25 31 0.096
18 175 18 30 0.049
492 208 20 26 0.045
725 208 22 26 0.044
1005 166 17 32 0.036
669 164 25 28 0.031
84 194 24 26 0.023
720 181 26 46 0.023
657 178 24 33 0.021
