61_Street_Battle_streetfight_61_376
36
217 471 12 15 0.669
264 463 11 13 0.651
838 468 11 14 0.634
104 454 9 12 0.626
760 471 12 14 0.595
223 497 13 15 0.591
171 463 10 11 0.513
478 485 12 14 0.429
27 462 10 12 0.373
54 470 10 12 0.369
798 466 10 13 0.343
80 476 11 13 0.341
597 495 15 16 0.263
220 477 14 19 0.144
624 481 15 20 0.118
86 494 15 16 0.118
34 474 9 12 0.115
165 460 10 12 0.114
669 392 9 12 0.104
474 502 12 14 0.089
477 495 11 15 0.086
26 462 15 16 0.077
594 491 39 19 0.068
589 483 14 24 0.062
630 483 13 18 0.053
588 478 14 17 0.048
627 389 12 13 0.048
150 518 9 11 0.041
671 394 8 12 0.038
626 486 16 18 0.038
79 463 11 23 0.036
763 470 12 13 0.032
623 457 12 14 0.028
1013 420 11 18 0.023
587 497 12 15 0.021
158 457 9 12 0.020
