61_Street_Battle_streetfight_61_252
76
389 531 28 38 0.855
652 352 65 85 0.849
315 359 54 68 0.846
210 456 32 42 0.833
371 135 31 40 0.821
445 385 27 35 0.821
424 542 34 46 0.804
506 574 38 50 0.796
315 126 30 44 0.795
139 128 31 39 0.762
656 823 25 30 0.759
735 230 21 28 0.743
626 455 28 40 0.720
509 438 18 25 0.709
526 107 22 30 0.701
294 135 26 39 0.693
635 636 34 44 0.685
531 426 19 24 0.677
201 700 42 62 0.672
593 801 28 33 0.632
734 803 23 28 0.580
771 395 33 47 0.472
298 131 42 41 0.421
495 711 57 79 0.406
411 111 22 29 0.393
854 426 31 41 0.368
798 241 21 22 0.357
752 763 22 26 0.248
238 169 32 38 0.241
341 704 47 58 0.230
422 738 42 47 0.219
864 250 19 24 0.208
853 167 15 17 0.146
671 197 15 20 0.113
769 230 18 20 0.102
150 463 26 35 0.099
571 402 9 11 0.093
836 710 18 22 0.087
744 579 20 25 0.085
793 747 17 21 0.080
712 702 22 26 0.080
536 425 22 28 0.077
631 384 12 16 0.075
489 116 31 33 0.073
783 672 25 33 0.073
822 431 28 34 0.069
508 430 22 25 0.069
685 164 19 25 0.068
508 693 47 67 0.067
832 361 15 16 0.058
495 742 45 50 0.055
180 134 28 33 0.054
431 331 17 20 0.049
631 614 38 45 0.048
769 753 23 26 0.045
703 201 19 29 0.044
681 305 12 14 0.043
707 196 14 17 0.042
733 449 25 31 0.041
768 234 45 21 0.040
572 426 20 23 0.037
744 424 16 20 0.036
735 357 18 27 0.035
751 751 26 34 0.034
735 413 21 24 0.031
797 340 20 26 0.029
607 137 26 30 0.028
593 414 13 15 0.027
567 399 16 16 0.026
736 791 23 30 0.025
774 352 24 29 0.025
559 116 29 31 0.022
589 412 17 25 0.022
787 344 28 29 0.021
335 721 45 51 0.021
125 694 54 79 0.020
