61_Street_Battle_streetfight_61_470
25
863 194 33 45 0.771
937 172 18 22 0.730
827 142 16 19 0.715
703 191 26 32 0.701
270 230 34 35 0.697
967 91 15 18 0.486
785 145 14 17 0.368
359 188 16 17 0.143
94 257 32 38 0.110
547 151 11 13 0.072
681 195 18 25 0.056
950 70 10 11 0.049
589 276 44 62 0.043
1015 67 9 17 0.040
679 177 17 30 0.035
787 200 22 25 0.033
953 169 13 22 0.032
76 225 25 31 0.030
146 179 11 13 0.030
1012 132 12 19 0.028
675 176 19 19 0.027
325 189 15 16 0.022
257 202 20 21 0.021
885 72 14 15 0.021
537 160 13 16 0.020
