61_Street_Battle_streetfight_61_253
107
655 186 27 35 0.747
374 188 26 34 0.698
834 195 25 29 0.680
564 205 25 30 0.672
505 84 27 36 0.660
305 205 21 24 0.598
711 199 23 30 0.595
72 101 23 32 0.567
568 54 25 30 0.519
739 503 38 45 0.515
804 72 25 32 0.464
28 177 26 30 0.400
195 131 28 30 0.386
748 232 24 27 0.384
621 109 26 32 0.379
917 636 48 53 0.366
804 239 28 34 0.348
244 150 22 25 0.316
221 24 29 36 0.314
413 49 25 30 0.296
619 96 28 36 0.270
90 53 25 31 0.267
305 668 29 59 0.235
99 180 26 32 0.212
679 72 26 32 0.210
502 208 25 33 0.208
82 225 27 39 0.203
771 262 28 33 0.201
895 235 27 30 0.186
862 44 23 31 0.185
904 196 25 27 0.180
840 229 24 30 0.177
749 654 30 49 0.174
442 88 25 34 0.172
20 157 33 45 0.168
927 112 24 33 0.167
329 47 24 31 0.166
691 235 25 30 0.152
756 493 38 49 0.151
18 142 33 39 0.149
995 178 21 26 0.123
976 235 23 27 0.120
309 82 24 27 0.120
86 220 23 27 0.117
101 531 30 39 0.115
172 116 23 29 0.113
859 284 26 31 0.109
1000 69 22 35 0.100
972 204 28 32 0.096
588 236 28 31 0.092
530 715 47 53 0.084
167 222 29 42 0.080
183 207 21 24 0.077
460 211 25 30 0.073
770 182 23 28 0.072
768 492 34 42 0.071
846 237 27 30 0.068
83 240 22 26 0.068
241 162 27 34 0.064
333 223 30 33 0.059
241 48 29 33 0.058
271 198 25 32 0.057
696 225 27 39 0.054
299 3 26 24 0.054
464 714 36 54 0.053
975 189 33 47 0.051
670 62 30 37 0.050
136 255 24 29 0.049
222 11 34 41 0.048
719 55 26 30 0.047
807 505 39 40 0.045
170 240 24 26 0.045
713 130 20 23 0.043
273 190 24 27 0.041
490 179 24 31 0.041
473 143 25 32 0.040
754 297 29 32 0.040
163 9 26 39 0.039
804 0 24 23 0.038
953 0 23 18 0.038
314 58 27 42 0.037
249 1 28 24 0.036
859 240 22 26 0.036
9 58 24 36 0.036
364 1 25 30 0.035
925 7 30 37 0.034
186 202 22 24 0.033
317 242 35 37 0.032
950 22 25 31 0.031
682 47 28 58 0.029
68 552 35 45 0.028
988 183 25 32 0.027
298 155 29 35 0.027
913 146 18 22 0.026
738 646 36 52 0.026
897 0 29 30 0.024
239 175 22 28 0.024
67 176 26 31 0.023
98 169 24 27 0.023
956 192 22 29 0.022
697 241 22 24 0.022
710 244 23 24 0.021
289 1 29 24 0.021
170 217 25 30 0.021
511 203 27 37 0.020
618 259 33 33 0.020
842 240 21 26 0.020
