61_Street_Battle_streetfight_61_1019
84
272 470 33 44 0.830
482 507 39 48 0.826
195 495 45 65 0.799
402 501 44 59 0.796
65 483 33 43 0.788
445 380 26 35 0.766
997 510 27 42 0.731
781 575 33 58 0.722
461 343 20 24 0.701
133 454 34 42 0.686
586 402 20 24 0.683
186 363 16 21 0.682
21 513 34 49 0.678
423 430 25 32 0.664
372 395 22 30 0.654
800 354 17 21 0.641
876 455 28 41 0.636
572 342 19 23 0.596
531 432 26 33 0.593
754 359 15 19 0.580
11 429 22 30 0.569
232 401 21 27 0.563
963 617 42 57 0.553
141 340 16 21 0.536
0 371 14 30 0.519
236 382 18 23 0.474
305 352 18 21 0.456
111 381 15 21 0.429
373 342 14 17 0.393
183 402 17 24 0.385
59 382 16 20 0.351
356 345 15 17 0.331
676 369 19 23 0.272
40 376 21 23 0.265
303 367 19 27 0.255
888 410 20 33 0.250
663 445 25 49 0.245
28 405 18 21 0.218
60 405 20 24 0.214
413 394 17 22 0.203
828 411 25 28 0.190
0 539 17 67 0.181
899 650 25 51 0.181
99 371 19 22 0.170
134 394 18 23 0.140
263 360 15 20 0.131
10 513 36 57 0.075
97 409 18 25 0.074
51 376 25 28 0.074
542 431 21 32 0.071
130 397 20 27 0.071
935 457 21 41 0.070
840 355 13 18 0.067
884 412 19 25 0.062
115 431 30 36 0.061
421 426 22 28 0.060
2 382 17 36 0.057
892 416 26 32 0.055
520 316 20 24 0.054
139 366 14 20 0.051
653 438 24 36 0.050
785 585 37 63 0.049
426 442 20 30 0.047
80 320 12 16 0.046
0 363 9 23 0.046
310 373 16 22 0.044
128 420 28 36 0.042
677 365 17 19 0.041
108 438 24 34 0.040
659 402 26 24 0.039
137 384 16 24 0.031
409 390 18 21 0.030
1 394 15 32 0.029
176 404 17 24 0.028
836 412 23 32 0.028
651 435 18 27 0.028
632 588 33 52 0.027
666 401 28 27 0.026
63 380 19 22 0.026
571 349 18 21 0.024
54 408 20 23 0.023
503 325 13 15 0.022
673 372 18 27 0.022
604 444 19 24 0.020
