61_Street_Battle_streetfight_61_412
32
627 251 24 29 0.687
56 272 52 68 0.672
300 234 26 30 0.667
174 246 24 29 0.612
552 234 18 23 0.598
474 260 21 25 0.470
725 250 21 27 0.462
193 240 21 27 0.345
422 254 19 23 0.308
816 281 21 24 0.189
696 240 21 25 0.165
0 214 37 63 0.114
0 236 29 70 0.097
444 254 20 24 0.096
181 245 24 29 0.094
0 273 18 41 0.092
613 264 16 27 0.088
178 253 28 30 0.054
537 239 24 25 0.054
533 241 18 24 0.042
1014 304 10 46 0.041
693 285 24 28 0.039
849 268 29 31 0.035
903 428 62 81 0.031
2 270 28 45 0.030
692 222 19 21 0.030
721 254 22 29 0.029
480 254 19 23 0.029
696 224 19 26 0.027
82 240 34 43 0.026
692 232 19 24 0.024
696 272 29 38 0.021
