44_Aerobics_Aerobics_44_904
39
905 283 23 34 0.812
578 253 17 25 0.729
826 265 16 20 0.728
468 264 11 14 0.700
714 260 11 14 0.694
149 248 11 14 0.665
308 263 13 14 0.653
520 256 12 15 0.646
647 253 14 17 0.637
106 239 10 12 0.614
861 269 12 15 0.608
230 243 9 10 0.591
389 263 12 14 0.543
79 242 10 11 0.483
205 255 9 12 0.440
499 240 9 11 0.438
80 262 13 18 0.371
282 241 8 9 0.296
327 252 10 12 0.280
123 244 10 11 0.210
394 263 15 17 0.168
400 263 14 17 0.136
608 251 9 13 0.118
395 260 16 16 0.089
204 251 12 20 0.087
122 249 8 11 0.081
131 272 9 11 0.079
70 272 15 18 0.070
233 243 8 10 0.055
338 263 9 9 0.050
125 246 10 12 0.032
274 123 7 8 0.029
498 236 10 12 0.029
864 273 13 16 0.028
280 239 11 13 0.026
66 278 13 17 0.025
115 240 12 12 0.023
414 246 12 16 0.023
575 253 14 22 0.020
