44_Aerobics_Aerobics_44_105
27
494 261 26 32 0.849
660 280 34 40 0.796
96 289 28 33 0.789
378 276 26 35 0.676
760 254 23 36 0.651
230 285 23 30 0.630
391 567 22 34 0.366
588 568 25 37 0.343
735 542 29 34 0.169
503 560 24 33 0.116
359 561 26 30 0.112
619 274 26 38 0.100
92 241 34 37 0.099
411 675 53 10 0.063
225 287 21 26 0.060
103 240 35 36 0.044
749 637 44 39 0.038
881 610 39 52 0.037
120 243 28 33 0.037
238 281 17 28 0.035
745 537 28 36 0.033
328 291 19 28 0.031
782 663 54 22 0.031
585 274 31 31 0.026
483 559 27 34 0.026
752 532 23 31 0.025
409 668 36 17 0.023
