44_Aerobics_Aerobics_44_1045
45
239 388 25 33 0.846
264 324 25 33 0.843
219 356 25 31 0.838
168 331 24 30 0.838
481 147 43 53 0.835
71 378 26 34 0.833
716 39 38 45 0.833
200 467 27 34 0.830
168 403 30 36 0.820
387 469 27 31 0.819
106 366 26 33 0.815
598 399 26 30 0.813
930 405 24 29 0.810
125 466 26 34 0.807
614 334 24 32 0.804
295 423 28 34 0.799
97 335 23 30 0.798
926 342 24 29 0.794
952 492 26 31 0.793
375 508 23 27 0.791
453 364 24 34 0.772
330 383 27 29 0.768
619 431 25 30 0.751
68 270 36 61 0.732
926 441 20 29 0.723
872 492 27 33 0.689
967 443 20 27 0.650
997 334 22 31 0.530
82 479 25 27 0.270
928 402 21 65 0.269
871 336 16 27 0.202
622 502 17 23 0.156
876 483 26 27 0.149
1019 509 5 31 0.080
583 501 20 27 0.047
56 474 29 30 0.045
61 477 34 30 0.041
926 439 57 27 0.040
618 451 26 28 0.039
1015 420 9 26 0.038
1015 247 9 30 0.031
892 424 17 20 0.030
956 579 24 25 0.027
876 406 20 25 0.027
77 286 26 50 0.025
