44_Aerobics_Aerobics_44_102
52
159 389 18 22 0.816
923 380 19 22 0.788
811 364 15 17 0.774
462 395 16 20 0.771
112 338 13 17 0.761
386 364 14 16 0.747
295 308 11 14 0.745
955 322 11 13 0.720
347 327 12 14 0.709
583 385 16 20 0.708
767 494 24 31 0.707
628 323 11 12 0.693
845 304 12 15 0.684
238 324 11 13 0.655
501 335 11 13 0.647
559 354 13 15 0.624
597 445 18 22 0.616
523 293 10 12 0.603
50 437 19 24 0.529
881 341 12 14 0.507
413 310 8 10 0.501
697 339 13 16 0.434
580 312 9 12 0.288
611 300 9 13 0.250
352 462 17 24 0.225
553 280 9 10 0.224
984 314 11 12 0.208
333 397 16 19 0.171
705 321 10 11 0.153
701 326 12 16 0.127
621 273 7 8 0.126
781 336 10 13 0.088
429 289 7 8 0.081
682 361 14 18 0.063
48 434 16 21 0.055
967 374 12 15 0.053
75 407 17 22 0.053
650 287 8 8 0.052
898 217 11 11 0.050
708 320 12 13 0.043
795 322 11 13 0.040
740 323 13 17 0.035
795 323 13 21 0.035
83 379 15 18 0.033
739 312 10 12 0.033
699 336 15 23 0.032
799 339 12 15 0.029
552 283 9 10 0.025
798 333 13 16 0.024
591 441 18 22 0.023
765 452 15 22 0.021
972 286 7 9 0.021
