44_Aerobics_Aerobics_44_504
59
557 120 12 15 0.696
614 521 67 49 0.678
135 146 14 17 0.638
717 155 14 17 0.633
860 127 10 12 0.613
554 78 12 12 0.585
621 77 11 12 0.486
749 94 11 12 0.476
699 106 12 14 0.444
146 94 11 13 0.392
402 41 9 10 0.332
265 212 18 19 0.267
868 181 17 16 0.240
417 125 14 17 0.210
865 183 14 17 0.171
403 111 12 14 0.165
312 226 16 18 0.154
875 179 13 14 0.138
274 213 17 19 0.128
294 115 11 12 0.105
204 154 10 11 0.098
604 523 51 36 0.085
301 131 13 16 0.080
304 132 18 16 0.078
559 137 14 16 0.075
904 256 15 17 0.072
619 264 15 19 0.070
394 50 11 12 0.067
302 127 18 15 0.067
296 114 11 18 0.065
311 134 13 15 0.065
398 43 13 14 0.061
967 405 21 22 0.061
849 200 15 16 0.045
831 147 14 14 0.042
867 186 15 17 0.040
752 203 15 17 0.038
750 218 17 22 0.037
903 160 13 15 0.034
258 212 17 20 0.033
567 278 19 22 0.033
307 136 14 15 0.032
311 127 11 12 0.032
842 148 18 14 0.031
296 116 15 23 0.031
835 147 21 15 0.029
361 134 9 9 0.028
316 223 15 16 0.026
665 528 44 48 0.025
132 279 13 16 0.025
299 119 13 14 0.023
411 129 15 19 0.023
622 266 17 20 0.023
897 259 16 17 0.022
906 229 18 16 0.022
908 245 19 21 0.022
796 112 10 12 0.021
299 227 18 18 0.021
915 238 13 17 0.021
