44_Aerobics_Aerobics_44_804
56
851 264 25 35 0.794
423 291 21 27 0.767
400 250 14 19 0.722
159 281 17 24 0.713
598 246 15 18 0.682
802 212 10 12 0.680
693 240 14 17 0.638
644 245 13 16 0.628
524 228 12 16 0.601
753 215 10 12 0.583
900 212 12 15 0.571
544 232 12 14 0.559
93 314 27 35 0.544
701 220 10 12 0.527
773 237 17 20 0.521
854 238 19 21 0.466
345 260 14 20 0.415
824 214 9 11 0.370
980 222 14 16 0.283
136 281 14 19 0.261
724 226 9 12 0.242
632 229 11 12 0.234
532 232 24 15 0.148
862 214 9 11 0.138
723 221 8 9 0.129
977 226 15 18 0.115
695 234 13 17 0.086
133 282 39 20 0.083
137 284 17 21 0.075
975 260 18 17 0.068
826 254 19 26 0.067
851 238 16 18 0.065
88 313 24 30 0.063
770 241 17 22 0.054
548 249 11 14 0.052
648 245 11 14 0.044
621 243 16 15 0.043
611 246 20 14 0.043
976 231 15 39 0.042
643 250 14 19 0.039
722 228 13 16 0.039
673 232 10 11 0.037
623 236 12 16 0.037
85 322 28 34 0.033
624 220 9 12 0.033
671 231 9 10 0.031
761 263 18 22 0.030
695 222 43 17 0.029
692 209 7 8 0.028
146 317 18 26 0.027
84 320 22 24 0.027
546 242 12 16 0.027
695 211 11 20 0.025
942 232 11 14 0.024
670 233 21 13 0.023
676 231 10 11 0.023
