44_Aerobics_Aerobics_44_384
53
40 237 28 38 0.759
803 172 17 19 0.682
74 205 21 27 0.679
664 232 16 24 0.641
523 273 23 29 0.626
785 135 15 18 0.600
234 176 20 24 0.581
505 177 18 23 0.568
392 156 16 19 0.567
298 310 26 30 0.512
242 245 31 31 0.410
120 274 21 27 0.409
885 271 22 30 0.372
630 142 16 19 0.371
626 154 21 28 0.305
148 377 25 35 0.268
423 200 18 22 0.254
371 209 19 22 0.229
711 158 17 21 0.148
74 211 24 30 0.107
424 210 22 26 0.095
926 287 20 37 0.093
737 176 19 22 0.093
396 162 18 21 0.092
99 281 25 28 0.078
739 180 21 29 0.078
505 171 16 21 0.075
102 274 37 27 0.074
429 198 21 24 0.072
232 170 18 23 0.065
734 171 20 22 0.062
736 164 19 24 0.061
1007 294 17 30 0.061
899 271 22 27 0.059
730 172 29 32 0.052
148 214 23 24 0.047
108 279 25 29 0.047
393 150 14 17 0.045
727 164 24 26 0.041
93 274 22 27 0.035
886 282 21 26 0.033
736 645 45 70 0.032
749 151 26 20 0.032
761 146 17 19 0.031
251 570 53 69 0.030
741 151 21 20 0.027
512 183 19 23 0.026
437 199 20 24 0.025
254 588 42 70 0.025
0 286 9 36 0.024
154 379 30 38 0.024
305 322 27 27 0.022
623 159 18 24 0.022
