44_Aerobics_Aerobics_44_503
89
904 354 49 63 0.874
682 326 36 51 0.839
369 321 29 42 0.831
415 287 27 33 0.825
93 317 32 39 0.818
758 303 34 42 0.814
298 289 23 29 0.803
910 241 16 20 0.801
203 292 20 26 0.799
978 262 20 24 0.798
576 288 29 38 0.798
487 282 21 28 0.792
238 292 23 27 0.792
660 281 21 27 0.775
131 283 20 25 0.771
867 292 31 40 0.747
548 238 13 16 0.743
169 274 16 21 0.740
999 254 17 22 0.738
590 246 13 17 0.727
953 225 12 14 0.726
720 296 24 32 0.726
783 245 14 16 0.714
442 319 31 39 0.712
683 236 14 17 0.710
830 286 11 13 0.667
565 256 15 18 0.641
858 290 18 24 0.612
499 253 14 17 0.611
561 283 21 26 0.610
734 247 15 19 0.607
341 222 9 12 0.600
717 256 17 18 0.573
131 264 14 16 0.533
429 244 10 11 0.487
373 222 9 10 0.462
479 243 11 12 0.366
858 288 28 34 0.344
186 286 12 17 0.271
813 332 19 25 0.263
469 259 12 15 0.247
397 285 15 19 0.247
549 222 10 10 0.237
902 219 9 12 0.236
407 268 10 12 0.190
408 240 10 11 0.170
517 287 13 18 0.146
835 254 13 15 0.136
1016 282 8 22 0.134
837 309 14 17 0.132
432 224 8 9 0.115
475 242 14 22 0.114
180 282 19 19 0.100
503 249 13 39 0.086
563 258 20 32 0.084
819 312 16 18 0.079
400 279 13 17 0.078
485 285 43 23 0.067
107 300 17 20 0.067
451 266 13 16 0.059
436 327 30 36 0.057
828 310 25 17 0.053
721 306 26 33 0.053
854 300 19 24 0.052
762 278 16 19 0.052
819 282 12 14 0.051
429 222 8 10 0.048
854 294 17 22 0.048
816 246 12 14 0.044
425 224 17 9 0.043
1014 285 10 29 0.040
425 265 13 13 0.040
817 241 13 17 0.038
134 274 17 27 0.036
551 284 25 25 0.036
464 266 15 16 0.033
540 238 68 33 0.033
323 217 8 9 0.033
469 265 13 17 0.032
415 231 10 12 0.030
557 238 15 16 0.029
274 225 10 11 0.028
419 241 19 14 0.027
336 279 11 14 0.023
927 233 10 12 0.023
1015 337 9 35 0.022
894 228 10 15 0.022
684 273 14 18 0.020
10 246 11 13 0.020
