8_Election_Campain_Election_Campaign_8_233
140
466 355 21 27 0.821
526 294 24 30 0.811
465 298 21 24 0.799
246 334 27 30 0.779
411 352 23 27 0.771
413 286 21 24 0.771
486 286 17 21 0.770
946 306 38 56 0.766
561 280 17 21 0.764
208 264 19 24 0.762
0 331 24 39 0.757
586 287 20 25 0.740
786 337 26 39 0.738
394 263 16 19 0.728
506 297 19 23 0.726
367 268 16 21 0.726
450 257 16 19 0.724
608 282 20 24 0.713
167 265 20 27 0.710
318 256 18 21 0.708
430 261 15 17 0.704
384 294 19 23 0.703
304 300 20 29 0.683
207 316 20 30 0.683
193 465 21 30 0.661
257 295 20 24 0.660
72 334 29 36 0.656
879 288 28 45 0.636
332 306 19 23 0.622
681 365 36 38 0.619
814 466 43 61 0.596
143 334 22 30 0.595
116 276 19 24 0.586
242 258 18 21 0.581
168 499 22 31 0.568
432 303 18 21 0.565
691 283 20 27 0.564
615 364 25 30 0.489
353 264 16 20 0.481
385 409 20 27 0.464
516 282 16 18 0.442
290 478 18 26 0.415
549 290 17 22 0.414
51 306 27 35 0.385
463 453 23 37 0.385
168 316 23 27 0.361
641 318 30 32 0.346
2 267 30 35 0.340
118 309 25 32 0.337
352 266 31 19 0.301
432 293 16 22 0.294
310 466 24 27 0.258
244 261 21 26 0.237
544 596 75 102 0.233
291 474 36 25 0.218
337 263 13 25 0.201
339 280 17 21 0.199
336 273 16 23 0.198
726 307 22 27 0.197
815 262 22 27 0.191
802 336 31 41 0.170
751 273 22 29 0.164
257 271 19 24 0.162
655 299 31 46 0.145
176 474 30 49 0.139
364 302 16 22 0.138
524 289 42 30 0.136
669 291 18 21 0.123
343 284 16 19 0.121
253 264 22 47 0.113
421 273 20 56 0.110
750 351 33 35 0.109
363 299 30 22 0.109
662 291 27 38 0.100
159 505 22 28 0.100
252 240 16 20 0.096
139 159 10 10 0.096
187 319 38 27 0.077
21 259 28 39 0.069
633 268 13 15 0.068
514 279 14 15 0.068
367 289 18 30 0.065
467 296 56 25 0.065
705 287 19 22 0.064
228 425 20 24 0.060
339 259 22 18 0.058
284 287 26 28 0.057
809 273 25 36 0.055
469 272 12 16 0.051
249 299 21 22 0.050
44 316 27 30 0.050
692 278 15 16 0.048
650 314 33 37 0.046
740 330 34 47 0.044
368 261 14 17 0.044
756 279 30 36 0.044
823 276 27 32 0.043
689 292 57 30 0.043
505 282 20 17 0.042
488 294 17 21 0.041
944 276 33 65 0.040
451 261 25 20 0.039
135 278 17 25 0.039
825 476 43 54 0.038
117 278 25 34 0.036
459 451 20 28 0.036
805 467 38 49 0.034
351 290 19 22 0.034
799 283 26 33 0.033
735 320 29 37 0.031
311 294 17 20 0.031
121 266 17 31 0.030
52 315 36 42 0.030
724 302 19 25 0.029
807 280 35 36 0.029
146 319 24 30 0.028
520 279 13 15 0.028
455 257 15 16 0.028
318 465 20 25 0.028
356 255 21 20 0.026
670 294 21 26 0.026
751 266 15 22 0.025
726 313 24 33 0.025
663 307 31 39 0.024
282 243 13 17 0.024
879 541 47 58 0.024
823 258 25 32 0.024
266 253 25 21 0.023
668 285 14 20 0.023
279 242 15 31 0.023
790 321 30 47 0.022
225 533 23 26 0.022
14 270 24 29 0.021
360 308 18 22 0.021
598 279 20 23 0.021
283 480 20 25 0.021
182 579 20 30 0.021
940 271 28 42 0.021
845 351 32 38 0.020
714 312 31 30 0.020
