8_Election_Campain_Election_Campaign_8_245
463
465 374 33 42 0.805
400 423 26 31 0.780
980 427 43 58 0.761
371 315 26 33 0.749
746 251 22 25 0.749
656 384 33 32 0.720
533 273 22 29 0.695
431 327 25 29 0.693
34 292 27 35 0.690
94 165 15 17 0.690
402 283 22 26 0.684
998 245 25 27 0.682
827 338 38 44 0.672
970 232 21 25 0.659
6 167 24 27 0.656
55 186 21 26 0.655
319 196 14 17 0.647
786 205 18 20 0.634
866 205 16 20 0.627
909 247 20 23 0.623
705 320 29 33 0.615
787 309 30 35 0.613
942 654 58 63 0.603
837 214 20 24 0.601
227 129 43 62 0.574
778 236 18 22 0.559
561 340 29 36 0.552
353 267 21 27 0.549
700 242 23 26 0.538
747 212 18 21 0.536
719 205 18 20 0.534
120 135 11 14 0.527
689 185 14 18 0.502
65 133 11 13 0.499
66 159 16 18 0.497
92 118 11 13 0.495
583 285 18 26 0.495
985 201 14 16 0.494
325 212 15 18 0.490
310 236 19 23 0.488
524 198 17 19 0.476
844 266 20 23 0.476
651 296 28 32 0.468
508 235 16 20 0.463
62 293 23 33 0.462
905 199 18 22 0.459
160 129 10 13 0.453
299 194 17 20 0.447
649 235 17 20 0.441
933 221 16 19 0.434
354 364 24 31 0.432
461 286 21 26 0.430
487 244 19 24 0.425
917 278 21 25 0.423
437 187 15 19 0.414
880 260 21 25 0.413
568 193 15 17 0.387
637 208 15 18 0.369
417 195 15 19 0.361
893 232 17 20 0.353
657 206 15 18 0.339
698 156 11 13 0.328
531 163 13 15 0.316
555 159 12 13 0.311
867 160 12 15 0.304
143 126 10 12 0.300
493 186 14 16 0.295
681 216 13 15 0.294
348 206 17 19 0.292
973 259 20 25 0.291
357 213 18 21 0.290
309 172 13 15 0.288
698 216 14 16 0.281
569 167 14 15 0.279
806 257 21 23 0.275
326 405 22 33 0.274
620 279 26 29 0.274
283 182 14 17 0.269
851 190 15 17 0.265
334 237 16 22 0.262
582 242 17 22 0.250
791 284 26 30 0.239
894 170 12 15 0.237
606 265 21 23 0.236
643 169 13 17 0.234
743 203 16 30 0.232
666 175 14 15 0.232
692 272 25 28 0.230
450 229 19 21 0.230
561 354 25 27 0.226
22 122 10 11 0.224
951 190 15 19 0.220
710 186 13 15 0.217
262 259 21 25 0.216
470 244 21 23 0.216
280 223 18 22 0.216
763 163 13 15 0.215
931 198 15 17 0.213
997 376 27 44 0.211
1011 165 12 14 0.208
874 265 20 25 0.204
804 229 20 25 0.204
385 170 12 14 0.201
950 227 19 25 0.200
708 179 14 19 0.196
600 231 19 21 0.194
588 217 16 19 0.189
301 286 23 26 0.188
729 180 14 16 0.188
497 237 28 21 0.186
610 269 24 28 0.184
504 287 21 24 0.184
123 155 13 15 0.182
941 225 23 25 0.176
1010 193 13 18 0.176
972 235 24 31 0.175
928 177 15 16 0.169
408 147 10 12 0.167
326 152 10 13 0.166
745 195 15 18 0.166
989 177 13 16 0.165
337 188 15 17 0.164
769 166 13 17 0.163
44 143 10 12 0.163
44 122 9 11 0.161
595 160 12 13 0.161
838 203 21 31 0.160
768 213 17 20 0.160
813 208 16 19 0.159
829 172 14 17 0.157
673 157 12 14 0.157
765 190 16 17 0.156
921 228 20 19 0.151
548 257 17 19 0.150
670 177 15 16 0.148
971 172 13 16 0.147
951 200 16 18 0.146
499 145 10 11 0.146
679 216 32 15 0.143
122 113 9 10 0.143
771 202 16 26 0.142
916 233 18 23 0.140
382 196 14 17 0.139
471 173 14 18 0.136
983 207 17 20 0.134
679 140 10 11 0.134
616 193 16 19 0.134
636 208 39 18 0.134
307 193 29 19 0.131
872 134 10 11 0.130
374 163 11 12 0.128
311 175 13 14 0.127
922 198 17 19 0.126
693 259 20 27 0.125
957 151 10 13 0.122
492 158 11 12 0.119
583 230 25 35 0.118
336 247 20 24 0.118
468 176 14 15 0.118
552 188 17 18 0.118
817 285 28 32 0.117
38 189 25 26 0.116
525 171 14 16 0.116
284 180 19 17 0.116
517 198 20 19 0.116
255 220 18 23 0.114
892 248 28 25 0.108
566 275 20 25 0.108
304 156 11 13 0.108
231 215 16 21 0.107
692 250 22 28 0.106
732 165 12 14 0.105
119 159 14 18 0.104
929 287 27 24 0.104
971 346 31 37 0.103
598 163 15 15 0.102
1011 211 13 25 0.101
754 131 10 11 0.100
800 258 56 22 0.099
956 384 28 35 0.099
498 162 12 15 0.097
537 191 17 22 0.097
31 288 24 32 0.094
276 205 16 19 0.094
346 381 25 32 0.093
379 170 22 13 0.092
635 152 11 13 0.092
829 219 27 25 0.092
333 223 18 49 0.091
937 292 28 29 0.090
884 239 28 23 0.089
656 153 11 14 0.089
767 219 16 19 0.089
713 165 13 15 0.089
972 168 19 19 0.088
986 390 37 74 0.088
413 192 40 19 0.088
374 139 9 10 0.087
338 176 11 31 0.086
792 294 32 37 0.086
815 145 9 11 0.086
816 168 15 16 0.085
835 148 11 13 0.084
902 176 15 19 0.081
834 199 18 20 0.081
905 164 14 16 0.081
982 163 13 21 0.080
1016 128 8 13 0.080
808 212 18 22 0.080
394 172 13 14 0.079
741 145 12 13 0.077
719 181 18 53 0.076
33 283 23 25 0.076
449 233 26 24 0.075
463 203 17 20 0.075
589 156 16 13 0.075
483 131 10 12 0.075
554 298 20 24 0.074
803 172 14 15 0.074
793 176 15 15 0.074
491 289 22 26 0.073
771 190 15 18 0.072
311 193 44 18 0.072
420 150 10 12 0.071
394 136 8 10 0.068
497 149 10 27 0.067
799 152 12 14 0.066
45 160 13 15 0.066
703 161 20 28 0.066
379 177 13 17 0.065
404 191 14 17 0.064
660 156 27 13 0.064
529 175 15 21 0.064
1015 140 9 13 0.063
955 169 12 14 0.063
632 317 26 29 0.063
580 243 40 31 0.063
337 169 11 14 0.063
496 209 16 18 0.063
379 187 15 18 0.062
301 165 12 14 0.062
753 215 19 21 0.062
814 185 14 18 0.062
118 132 24 13 0.061
338 133 9 10 0.061
1 236 13 30 0.061
510 195 16 18 0.061
651 176 30 14 0.061
912 229 19 21 0.061
988 305 34 36 0.060
606 171 13 19 0.059
447 159 13 16 0.059
417 168 12 14 0.057
563 240 20 25 0.056
134 152 12 15 0.056
804 169 21 14 0.056
600 254 21 24 0.056
463 209 18 23 0.055
995 212 20 18 0.054
760 157 13 21 0.054
262 223 32 22 0.054
610 151 16 15 0.053
295 123 10 10 0.053
0 211 6 35 0.053
608 147 12 12 0.052
931 176 18 41 0.052
817 173 24 19 0.052
458 204 18 45 0.052
320 202 53 31 0.051
604 142 13 17 0.051
383 150 10 12 0.051
1016 221 8 21 0.051
986 138 11 12 0.050
936 154 14 15 0.050
971 164 25 27 0.050
487 158 20 17 0.050
664 192 17 18 0.049
515 139 11 17 0.049
557 297 23 48 0.049
63 121 48 18 0.049
655 142 12 20 0.049
984 135 11 12 0.048
419 151 16 15 0.048
837 235 17 20 0.048
633 147 11 15 0.048
665 393 27 29 0.048
873 242 17 22 0.048
357 280 22 26 0.047
837 149 13 17 0.047
794 152 14 16 0.047
1000 160 11 14 0.047
799 262 21 25 0.046
984 313 36 46 0.046
46 234 25 26 0.046
958 206 15 18 0.046
668 145 13 57 0.046
88 119 12 12 0.045
430 298 22 27 0.045
515 146 10 25 0.045
260 259 18 20 0.045
739 216 18 20 0.045
261 267 25 26 0.045
418 163 16 21 0.044
446 237 20 27 0.044
512 235 19 20 0.044
794 271 24 30 0.044
557 292 20 25 0.044
899 185 17 21 0.043
789 143 11 12 0.043
469 168 20 36 0.043
487 237 17 20 0.042
812 293 29 32 0.042
810 143 16 14 0.042
67 300 27 35 0.041
595 151 19 23 0.041
292 292 20 23 0.041
63 186 18 22 0.041
419 171 13 16 0.041
594 140 14 13 0.041
232 220 22 22 0.040
959 173 22 19 0.040
928 186 15 20 0.040
951 180 13 26 0.040
886 146 11 14 0.040
446 247 18 22 0.040
982 156 14 22 0.040
353 189 21 16 0.040
472 152 11 16 0.039
685 255 23 32 0.039
543 195 16 20 0.039
227 205 18 21 0.039
372 163 17 18 0.039
976 135 11 10 0.038
126 162 15 18 0.038
615 257 26 29 0.038
624 155 11 17 0.038
676 271 22 28 0.037
12 167 26 24 0.037
699 139 11 14 0.037
674 263 20 23 0.037
510 162 19 22 0.037
18 122 24 14 0.036
268 172 12 16 0.036
804 133 9 11 0.036
588 215 23 28 0.036
844 164 19 17 0.035
861 152 15 27 0.035
917 270 22 25 0.035
267 177 15 16 0.035
648 284 58 39 0.034
808 333 30 40 0.034
338 178 18 21 0.034
974 135 17 12 0.034
314 161 18 27 0.034
798 163 16 28 0.034
394 139 18 15 0.033
932 163 16 28 0.033
361 292 20 23 0.033
946 379 32 37 0.033
946 176 23 89 0.032
0 218 8 37 0.032
1006 386 18 46 0.032
581 160 33 24 0.032
455 138 14 15 0.032
651 186 18 20 0.032
46 128 35 15 0.032
538 227 21 19 0.031
306 279 21 24 0.031
467 148 15 16 0.031
291 194 26 31 0.031
439 213 17 21 0.031
521 229 18 20 0.030
261 213 21 25 0.030
791 186 16 21 0.030
513 173 20 14 0.030
996 139 19 12 0.030
65 337 21 31 0.030
604 187 17 20 0.030
904 193 53 48 0.030
191 135 8 12 0.029
687 139 23 12 0.029
38 96 10 11 0.029
162 129 11 16 0.029
599 136 10 12 0.029
735 127 11 11 0.028
576 148 19 24 0.028
558 232 33 74 0.028
1005 367 19 37 0.028
478 251 25 26 0.028
289 221 19 25 0.028
699 209 17 22 0.028
908 141 12 13 0.028
563 221 17 21 0.028
279 285 25 27 0.028
1009 142 12 93 0.028
255 183 13 16 0.028
108 152 13 16 0.028
449 179 17 20 0.028
918 171 18 19 0.027
278 290 39 27 0.027
252 280 24 27 0.027
525 136 11 10 0.027
133 159 13 17 0.027
647 187 14 20 0.027
581 140 11 21 0.026
294 124 8 10 0.026
3 242 17 27 0.026
384 157 20 67 0.026
43 152 23 21 0.026
1000 130 10 20 0.026
488 202 19 21 0.026
364 218 18 21 0.026
824 162 24 59 0.026
672 142 15 30 0.025
373 138 29 11 0.025
973 212 27 23 0.025
538 238 33 36 0.025
358 173 13 25 0.025
117 169 13 15 0.025
536 135 10 12 0.025
227 208 22 31 0.025
273 273 24 29 0.024
694 136 11 13 0.024
808 322 30 38 0.024
872 132 16 12 0.024
327 140 14 45 0.024
716 331 28 32 0.024
798 247 18 24 0.024
803 308 36 34 0.024
949 678 69 38 0.024
242 157 27 35 0.024
655 308 26 30 0.023
29 175 17 21 0.023
719 147 25 61 0.023
334 257 19 24 0.023
792 138 13 24 0.023
678 280 22 27 0.023
27 181 18 24 0.023
377 247 18 23 0.023
91 162 15 18 0.023
162 127 11 12 0.023
347 152 11 16 0.023
63 342 20 38 0.023
125 167 15 18 0.023
257 285 29 43 0.022
472 391 23 27 0.022
381 274 19 24 0.022
414 173 16 19 0.022
856 140 19 12 0.021
493 138 15 66 0.021
387 421 23 32 0.021
737 132 29 10 0.021
230 180 15 21 0.021
491 135 19 22 0.021
377 264 18 27 0.021
448 137 16 16 0.021
586 285 28 27 0.021
348 251 21 26 0.021
837 144 20 13 0.020
429 153 23 16 0.020
698 134 15 79 0.020
336 134 25 9 0.020
979 152 13 18 0.020
