8_Election_Campain_Election_Campaign_8_121
35
779 353 96 105 0.870
38 662 259 319 0.869
97 256 75 90 0.869
503 983 211 231 0.865
259 248 77 100 0.862
378 210 91 110 0.860
198 499 77 84 0.852
589 485 237 259 0.851
583 212 86 109 0.847
20 263 63 73 0.827
559 294 76 94 0.815
744 293 48 63 0.787
176 281 61 71 0.783
541 245 47 74 0.743
31 208 50 61 0.586
177 117 22 33 0.454
714 271 12 14 0.226
319 298 38 52 0.220
46 221 48 54 0.184
708 267 17 22 0.136
784 277 26 32 0.085
73 283 31 51 0.080
744 272 23 27 0.077
700 263 23 26 0.065
990 274 34 50 0.062
540 286 29 61 0.054
777 274 38 48 0.037
346 325 41 52 0.034
953 238 20 21 0.034
766 282 35 44 0.033
74 299 38 50 0.025
694 265 23 31 0.025
777 277 26 26 0.024
541 351 23 36 0.023
0 218 27 38 0.022
