8_Election_Campain_Election_Campaign_8_495
53
404 205 33 45 0.843
183 227 34 42 0.833
447 238 42 47 0.805
760 224 29 36 0.780
135 234 15 19 0.698
827 228 36 40 0.691
573 236 18 18 0.689
549 221 14 19 0.688
685 225 11 14 0.574
726 222 13 16 0.571
157 227 11 13 0.519
573 211 11 11 0.484
604 220 9 12 0.474
231 224 8 9 0.410
55 231 11 13 0.328
150 227 14 15 0.304
51 226 12 14 0.247
169 225 12 13 0.213
614 205 6 8 0.201
136 231 26 16 0.191
113 223 9 11 0.185
254 246 14 19 0.139
549 217 21 18 0.122
255 247 19 25 0.108
606 213 10 13 0.091
168 222 20 28 0.079
227 207 6 7 0.078
989 547 35 97 0.066
258 255 19 21 0.056
1015 156 9 16 0.053
215 243 14 22 0.050
588 198 7 8 0.049
247 203 8 10 0.046
731 222 13 16 0.044
252 252 13 15 0.041
111 228 12 14 0.038
250 217 9 12 0.037
18 228 9 10 0.036
38 224 26 10 0.036
115 229 33 17 0.035
839 220 30 37 0.035
587 198 8 14 0.035
121 236 10 12 0.030
39 238 8 8 0.030
609 205 7 9 0.028
256 240 17 24 0.028
128 234 15 18 0.028
638 203 7 7 0.027
635 202 7 9 0.025
17 230 8 10 0.024
234 221 24 10 0.023
229 222 11 14 0.023
814 220 37 35 0.021
