8_Election_Campain_Election_Campaign_8_5
577
99 512 53 62 0.857
686 245 30 35 0.855
192 366 48 61 0.847
305 385 50 57 0.840
785 333 45 54 0.840
271 223 28 32 0.828
468 250 59 84 0.827
846 299 34 40 0.826
959 354 48 50 0.826
97 309 42 49 0.821
795 249 31 35 0.813
896 252 28 30 0.802
494 490 18 22 0.792
646 189 19 23 0.791
16 392 45 44 0.788
4 202 27 37 0.785
461 547 17 21 0.785
533 546 17 21 0.785
548 482 16 19 0.782
990 251 23 29 0.777
843 208 21 23 0.775
311 166 18 22 0.771
156 236 24 29 0.771
288 177 20 23 0.768
735 192 20 24 0.764
341 196 22 24 0.759
437 353 15 18 0.759
123 214 23 27 0.758
993 214 25 27 0.755
436 490 15 19 0.755
431 224 27 30 0.751
918 208 20 23 0.750
401 202 24 25 0.749
996 175 16 20 0.746
887 185 20 22 0.744
64 172 19 23 0.744
84 167 16 20 0.742
528 417 17 21 0.742
585 196 19 21 0.741
464 430 16 19 0.738
563 210 24 27 0.735
486 369 15 18 0.734
709 229 21 27 0.734
360 285 28 31 0.731
962 155 14 16 0.729
699 158 17 21 0.727
128 153 15 18 0.721
851 179 18 19 0.709
643 244 23 28 0.707
424 425 13 17 0.698
372 259 27 29 0.695
52 149 15 18 0.695
675 152 16 19 0.694
518 488 13 17 0.688
233 186 22 26 0.687
987 142 14 17 0.686
623 154 15 17 0.682
484 424 13 16 0.682
917 175 16 19 0.680
1013 153 11 17 0.679
332 152 15 18 0.672
592 171 17 19 0.669
745 153 14 17 0.668
548 409 12 16 0.661
116 285 33 39 0.654
974 190 18 20 0.649
3 167 16 20 0.645
653 147 13 15 0.640
725 160 17 19 0.637
844 157 14 16 0.633
773 158 14 17 0.625
692 211 20 23 0.621
673 175 17 21 0.620
457 350 10 13 0.619
361 160 16 18 0.614
225 168 17 18 0.612
213 127 14 16 0.599
665 179 19 20 0.595
480 537 14 17 0.595
436 417 13 15 0.591
806 221 21 25 0.585
130 190 18 20 0.583
505 361 12 14 0.583
144 196 20 26 0.572
163 170 19 19 0.572
589 146 14 16 0.571
423 185 18 22 0.571
576 263 27 29 0.567
69 142 13 16 0.560
245 132 11 13 0.551
759 173 17 18 0.546
229 124 13 14 0.545
567 476 13 16 0.533
700 119 10 12 0.528
803 141 11 14 0.517
320 139 13 14 0.511
585 122 12 14 0.506
263 138 14 17 0.504
716 132 11 13 0.501
762 215 21 27 0.500
33 144 13 17 0.491
656 168 15 17 0.490
854 130 12 13 0.488
888 145 13 16 0.487
831 144 12 14 0.487
157 154 15 16 0.484
923 135 11 14 0.482
360 142 15 16 0.479
963 135 14 15 0.474
554 355 12 14 0.467
296 137 11 14 0.461
455 485 12 16 0.457
619 113 10 12 0.456
397 126 11 14 0.448
753 128 11 14 0.448
36 132 13 16 0.444
973 171 18 20 0.443
946 146 14 16 0.443
978 124 12 13 0.439
165 133 12 14 0.415
126 137 13 14 0.407
597 464 13 16 0.402
78 214 25 29 0.402
341 128 12 14 0.396
880 132 12 13 0.393
141 132 11 13 0.384
192 181 17 21 0.379
766 142 14 16 0.378
796 160 15 16 0.377
637 127 12 15 0.376
317 115 10 13 0.375
21 118 12 14 0.367
1003 131 13 15 0.365
380 124 11 14 0.363
603 131 13 14 0.359
269 170 16 21 0.355
927 149 13 16 0.355
718 174 17 19 0.354
553 541 13 15 0.352
480 79 33 37 0.346
804 183 22 26 0.338
278 153 14 17 0.337
292 121 10 12 0.336
947 191 20 26 0.336
181 155 14 16 0.334
425 317 18 21 0.334
4 142 14 18 0.332
570 116 11 13 0.329
110 135 11 14 0.329
730 119 11 12 0.328
350 111 10 12 0.316
273 99 9 10 0.305
816 110 9 10 0.301
907 105 10 12 0.301
276 116 11 13 0.301
109 120 11 13 0.300
428 417 15 18 0.293
987 112 10 14 0.293
823 122 11 13 0.292
924 138 13 17 0.291
677 133 12 15 0.290
408 232 21 29 0.290
1015 115 9 13 0.284
67 277 27 31 0.283
374 106 10 10 0.277
200 150 14 16 0.277
251 118 12 14 0.273
5 131 13 15 0.272
784 180 15 18 0.269
884 146 15 18 0.266
407 102 9 11 0.258
786 149 13 15 0.258
936 120 13 18 0.256
145 101 9 10 0.254
65 122 12 14 0.250
390 113 10 12 0.241
769 132 11 13 0.239
855 114 13 15 0.236
125 115 11 13 0.235
445 350 22 14 0.227
520 343 12 15 0.219
40 110 12 14 0.218
529 415 25 20 0.218
153 119 10 12 0.217
54 144 27 18 0.215
658 169 27 32 0.212
600 102 11 15 0.212
980 170 19 21 0.209
240 165 17 18 0.208
81 120 12 14 0.207
367 168 20 25 0.206
908 119 12 12 0.206
3 176 18 26 0.200
785 109 11 16 0.200
945 129 14 15 0.195
817 127 12 15 0.194
116 136 24 13 0.193
951 192 40 22 0.190
183 143 13 29 0.187
67 154 15 18 0.182
661 121 14 15 0.180
0 110 10 14 0.180
982 118 13 17 0.177
657 123 13 16 0.177
434 384 15 17 0.171
6 183 22 26 0.171
86 147 15 21 0.170
358 117 10 12 0.168
674 107 11 12 0.167
763 163 17 28 0.166
749 120 12 13 0.166
171 208 19 23 0.165
759 105 10 13 0.165
761 103 9 13 0.165
331 106 10 14 0.163
578 126 12 17 0.161
167 108 10 11 0.160
741 232 26 29 0.159
481 472 14 16 0.159
587 121 12 28 0.158
834 100 10 11 0.158
818 108 9 19 0.156
381 120 16 18 0.155
222 94 8 11 0.154
206 104 10 15 0.151
258 106 9 11 0.150
557 359 11 12 0.149
941 169 22 16 0.149
185 146 23 17 0.148
653 145 28 17 0.146
447 427 37 19 0.145
780 167 16 22 0.143
247 135 30 18 0.141
131 104 10 11 0.141
663 134 20 16 0.140
389 121 16 15 0.139
938 123 20 16 0.139
785 113 12 20 0.138
108 82 8 9 0.137
902 147 14 16 0.137
976 174 40 23 0.136
185 180 18 25 0.134
314 112 17 14 0.134
585 105 20 13 0.134
389 148 13 19 0.133
127 109 13 17 0.133
343 113 11 32 0.133
180 151 21 20 0.131
937 112 12 15 0.130
348 372 37 45 0.129
221 111 12 13 0.128
935 171 17 19 0.127
554 545 13 17 0.127
78 125 12 23 0.126
714 113 13 13 0.126
878 155 13 15 0.126
336 149 15 18 0.126
713 127 15 19 0.125
188 109 11 12 0.125
882 110 11 15 0.124
140 113 11 36 0.124
48 120 17 13 0.122
852 116 13 17 0.121
227 145 16 17 0.121
983 123 18 42 0.120
71 102 10 11 0.120
581 90 10 12 0.120
475 13 34 40 0.119
276 119 27 11 0.117
965 127 24 26 0.117
352 225 23 28 0.116
290 157 19 18 0.115
1 108 9 30 0.115
124 129 16 27 0.114
304 144 25 14 0.114
502 221 17 22 0.114
115 98 8 11 0.113
881 116 10 34 0.113
804 164 17 18 0.113
824 155 14 16 0.113
928 127 24 22 0.112
105 106 10 19 0.109
693 136 13 17 0.108
385 122 25 21 0.108
787 118 18 14 0.108
801 132 15 28 0.108
82 156 17 19 0.107
242 110 16 19 0.106
761 101 11 20 0.105
311 109 14 17 0.104
1004 123 13 27 0.104
980 109 19 12 0.104
771 142 15 40 0.103
294 111 9 24 0.103
796 164 26 49 0.102
257 105 10 24 0.100
590 424 16 20 0.100
895 137 15 19 0.100
147 168 14 18 0.100
656 111 15 12 0.099
995 117 20 23 0.099
362 99 12 13 0.098
231 179 36 32 0.097
403 156 13 18 0.096
397 154 16 18 0.095
35 111 13 55 0.094
274 321 34 39 0.093
585 91 11 10 0.093
50 131 12 14 0.092
808 124 13 21 0.092
20 110 17 22 0.091
846 160 16 20 0.090
446 257 23 26 0.090
159 126 18 28 0.089
972 140 21 17 0.089
11 109 16 20 0.089
85 135 16 15 0.089
922 106 10 11 0.088
91 104 9 11 0.088
274 97 9 28 0.088
320 255 25 30 0.087
177 130 15 24 0.087
387 83 8 7 0.086
481 464 17 23 0.086
761 196 18 23 0.084
536 384 13 14 0.084
958 115 15 31 0.083
76 224 24 27 0.082
382 90 10 19 0.082
854 92 10 16 0.082
960 106 10 11 0.082
904 156 15 17 0.080
464 464 14 18 0.079
648 127 27 26 0.078
699 147 17 21 0.078
746 106 11 22 0.077
695 111 13 24 0.077
189 116 12 17 0.077
575 133 11 14 0.077
143 94 8 31 0.075
1 104 8 15 0.075
221 110 34 11 0.072
752 121 13 15 0.072
162 133 18 59 0.071
930 151 20 28 0.070
619 224 20 24 0.070
646 87 9 10 0.070
40 106 17 22 0.069
883 106 11 11 0.068
5 171 23 27 0.068
372 128 17 17 0.068
287 117 19 15 0.067
89 190 20 26 0.067
1015 78 8 9 0.067
567 110 13 15 0.066
131 122 14 105 0.066
482 222 20 25 0.066
106 115 20 20 0.065
370 97 18 18 0.065
12 106 11 11 0.065
100 129 44 22 0.065
563 85 14 10 0.065
940 110 26 11 0.064
774 126 20 25 0.064
873 118 19 14 0.064
760 202 20 28 0.063
331 101 12 17 0.063
401 132 13 16 0.063
907 103 11 24 0.063
582 591 17 11 0.063
702 103 11 13 0.063
740 171 15 17 0.063
507 200 20 26 0.063
233 91 12 10 0.062
466 466 25 19 0.061
901 152 15 25 0.061
918 110 18 14 0.061
502 209 21 29 0.060
308 97 13 17 0.060
873 153 15 17 0.060
713 141 16 18 0.060
139 136 14 17 0.060
783 108 26 19 0.059
601 159 17 21 0.058
918 110 13 34 0.058
799 125 15 66 0.058
945 107 13 12 0.058
54 139 28 52 0.057
950 171 16 17 0.057
986 110 17 15 0.056
723 130 19 17 0.056
661 108 24 14 0.056
605 89 11 11 0.056
957 106 15 22 0.056
18 113 40 16 0.056
13 367 39 42 0.056
642 94 9 19 0.055
736 141 37 41 0.054
630 137 39 40 0.054
592 461 17 18 0.054
632 463 10 13 0.054
2 187 19 27 0.054
848 110 18 19 0.053
67 99 9 37 0.053
52 95 8 9 0.053
583 92 24 27 0.053
139 90 8 8 0.052
180 119 17 20 0.052
939 94 10 20 0.052
764 98 18 16 0.052
88 104 13 19 0.051
798 191 21 25 0.051
399 243 24 30 0.051
1008 113 16 17 0.051
665 111 14 24 0.050
194 169 17 23 0.050
779 88 11 13 0.050
923 106 17 68 0.049
465 330 13 14 0.049
418 84 7 9 0.049
14 181 18 22 0.048
820 83 7 7 0.048
206 91 10 13 0.048
641 100 12 26 0.047
52 94 10 15 0.047
284 93 9 9 0.047
727 146 14 21 0.045
536 458 17 17 0.045
974 197 20 20 0.045
244 168 17 19 0.044
687 154 73 23 0.044
186 129 15 26 0.044
710 188 21 24 0.044
636 124 31 14 0.044
104 157 15 18 0.043
310 378 70 60 0.043
326 142 50 33 0.043
702 304 23 30 0.043
86 169 17 25 0.043
623 99 27 10 0.043
582 82 20 82 0.043
239 90 13 12 0.043
568 86 9 32 0.042
581 467 16 18 0.042
280 117 27 47 0.042
534 387 13 15 0.042
454 347 11 17 0.041
156 128 50 29 0.041
522 335 14 15 0.041
333 166 17 22 0.040
949 200 22 23 0.040
126 107 23 25 0.040
339 170 16 20 0.039
198 125 73 20 0.039
947 186 18 20 0.038
829 182 15 20 0.038
824 104 18 73 0.037
600 98 14 15 0.037
750 103 15 67 0.037
742 85 18 14 0.037
244 136 13 30 0.036
818 137 43 42 0.036
551 83 16 11 0.036
781 91 15 26 0.036
357 89 11 17 0.036
435 521 14 18 0.035
279 128 31 59 0.035
385 78 9 28 0.035
609 86 12 12 0.035
588 329 16 16 0.035
651 245 20 24 0.035
892 103 22 13 0.035
941 93 7 10 0.034
208 110 18 37 0.034
337 79 9 11 0.034
552 81 9 10 0.034
654 93 13 21 0.034
74 100 20 34 0.034
1014 74 8 21 0.034
555 291 22 32 0.033
759 107 30 67 0.033
292 96 16 23 0.033
588 91 16 98 0.033
1012 98 9 19 0.033
262 192 19 19 0.033
26 99 17 13 0.033
311 97 19 18 0.033
320 226 24 28 0.033
979 130 45 48 0.033
830 83 13 19 0.032
22 261 36 38 0.032
380 136 32 49 0.032
575 80 8 9 0.032
338 76 8 29 0.032
868 221 22 25 0.032
16 170 16 19 0.032
789 95 21 17 0.031
451 259 21 37 0.031
613 149 16 20 0.031
483 457 20 19 0.031
553 252 25 30 0.031
923 109 14 112 0.031
360 226 22 27 0.031
589 468 15 16 0.030
197 90 10 9 0.030
692 105 31 60 0.030
251 110 32 26 0.030
439 451 15 18 0.030
838 96 25 15 0.030
245 160 13 17 0.030
415 96 9 12 0.030
779 185 19 23 0.030
218 92 29 16 0.029
510 368 11 14 0.029
896 165 19 18 0.029
100 97 21 22 0.029
107 104 29 26 0.029
866 110 32 22 0.028
1 265 12 41 0.028
594 329 18 14 0.028
549 446 15 16 0.028
166 96 13 27 0.028
324 194 16 20 0.027
485 342 12 13 0.027
398 584 19 18 0.027
43 168 15 20 0.027
537 277 15 18 0.027
621 164 16 18 0.027
177 189 21 29 0.027
800 202 20 26 0.026
595 418 15 21 0.026
3 91 18 87 0.026
749 86 25 16 0.026
600 415 15 18 0.026
311 92 23 89 0.026
34 99 24 18 0.026
299 208 19 23 0.026
517 209 19 21 0.026
338 81 15 111 0.025
405 142 14 26 0.025
510 193 18 22 0.025
831 172 15 19 0.025
342 92 22 27 0.025
342 274 45 37 0.024
454 449 17 57 0.024
746 84 11 32 0.024
151 177 21 23 0.024
853 143 17 21 0.024
518 331 12 16 0.024
359 155 20 29 0.024
604 101 48 64 0.023
27 149 15 19 0.023
728 87 13 29 0.023
167 224 25 28 0.023
870 93 10 21 0.023
603 98 33 16 0.023
692 91 12 26 0.023
390 82 21 20 0.023
231 317 35 40 0.023
2 261 27 47 0.022
533 361 13 16 0.022
953 71 9 8 0.022
314 170 19 24 0.022
804 89 20 30 0.022
667 95 24 91 0.022
506 404 14 19 0.022
556 379 15 15 0.021
480 456 16 17 0.021
489 454 15 18 0.021
848 77 10 31 0.021
258 186 16 21 0.021
402 591 22 11 0.020
564 116 16 18 0.020
816 87 18 33 0.020
560 258 28 33 0.020
524 270 19 25 0.020
762 85 25 15 0.020
