8_Election_Campain_Election_Campaign_8_382
479
293 459 33 39 0.847
320 562 36 40 0.846
808 374 24 29 0.827
648 572 39 47 0.823
904 534 40 41 0.819
194 568 35 42 0.814
992 446 28 31 0.803
767 379 24 27 0.795
646 303 24 28 0.794
581 493 33 34 0.786
417 503 30 33 0.781
915 403 24 27 0.777
305 286 22 25 0.776
580 416 24 29 0.773
83 401 24 26 0.767
443 442 28 29 0.764
126 384 18 21 0.760
963 373 22 25 0.758
278 317 21 25 0.758
20 389 22 25 0.758
868 463 29 30 0.754
172 383 23 25 0.748
531 438 30 32 0.746
614 53 20 24 0.734
832 314 17 20 0.730
84 345 17 21 0.726
910 329 19 21 0.718
1 361 19 23 0.709
260 297 17 19 0.708
497 57 18 24 0.706
874 299 15 16 0.699
234 330 17 20 0.696
151 297 15 18 0.693
757 317 15 16 0.693
1012 309 12 17 0.691
325 221 20 22 0.686
38 310 17 20 0.679
177 278 14 16 0.675
168 443 26 27 0.670
395 75 18 20 0.660
137 410 22 26 0.654
197 323 17 19 0.652
25 336 16 18 0.652
952 266 12 14 0.647
859 261 12 14 0.646
130 328 17 19 0.639
812 341 16 19 0.638
204 347 20 22 0.634
934 639 27 42 0.630
37 358 18 21 0.626
812 300 16 19 0.625
211 285 17 18 0.618
251 280 15 17 0.612
726 301 14 16 0.606
243 287 14 18 0.604
428 573 36 39 0.602
112 285 14 17 0.597
964 300 16 18 0.583
226 270 14 16 0.581
636 223 21 25 0.581
877 335 17 19 0.570
837 262 13 16 0.565
164 266 13 15 0.558
772 305 14 17 0.556
783 267 14 17 0.550
957 286 14 16 0.539
940 314 16 20 0.537
151 318 15 17 0.536
761 271 12 15 0.534
747 257 11 13 0.520
868 284 13 15 0.520
809 254 11 14 0.520
289 272 15 18 0.515
924 303 13 17 0.487
912 241 11 13 0.479
77 313 15 17 0.475
7 298 14 16 0.474
862 243 13 14 0.472
169 308 16 18 0.464
705 273 12 15 0.453
187 256 13 14 0.451
27 286 14 16 0.447
936 258 11 14 0.447
198 281 13 15 0.444
257 245 12 15 0.443
734 276 12 14 0.439
692 226 10 13 0.423
202 254 11 13 0.423
837 236 12 14 0.421
145 340 16 19 0.408
274 222 9 11 0.407
227 246 11 14 0.405
0 280 10 18 0.402
916 264 13 15 0.399
717 240 12 15 0.395
1003 291 16 17 0.394
879 271 13 16 0.392
754 240 12 14 0.389
87 273 12 16 0.388
978 255 12 15 0.387
45 256 11 13 0.379
179 354 18 20 0.379
22 244 11 12 0.376
909 286 14 16 0.374
930 273 12 15 0.365
277 268 14 15 0.363
109 327 15 19 0.361
128 269 13 15 0.359
67 380 17 20 0.357
970 270 19 16 0.354
364 260 19 21 0.347
130 306 14 16 0.347
717 283 14 17 0.344
977 270 15 16 0.344
872 224 11 13 0.341
7 253 13 14 0.338
76 261 12 15 0.336
796 237 12 12 0.331
393 333 24 31 0.326
340 277 15 19 0.326
339 220 22 20 0.323
153 251 11 13 0.318
1008 231 11 13 0.316
236 199 9 11 0.314
279 270 20 17 0.314
45 278 14 16 0.314
925 305 17 20 0.313
957 245 11 11 0.311
932 267 13 17 0.304
933 234 9 12 0.300
107 292 15 18 0.294
741 512 36 33 0.287
82 239 11 12 0.286
129 251 12 14 0.285
177 302 16 18 0.285
998 271 13 15 0.273
720 259 12 14 0.273
27 273 13 15 0.269
92 295 14 18 0.263
719 290 17 19 0.255
765 245 12 15 0.252
273 241 13 14 0.248
140 267 14 17 0.243
796 218 11 13 0.238
747 345 18 21 0.235
1012 213 9 12 0.231
762 250 13 15 0.231
98 236 12 13 0.228
576 266 12 14 0.227
475 246 17 20 0.219
38 239 11 13 0.219
819 240 12 14 0.214
202 361 17 22 0.212
350 219 14 17 0.212
122 252 12 13 0.206
812 241 17 14 0.196
113 245 11 16 0.196
776 218 10 13 0.196
96 253 13 15 0.196
374 94 12 14 0.196
253 211 10 11 0.195
843 241 13 18 0.195
259 244 11 33 0.193
935 220 9 15 0.192
190 237 11 12 0.191
254 268 13 31 0.191
290 262 15 18 0.190
343 200 13 14 0.190
823 293 13 16 0.187
306 220 14 15 0.185
885 254 13 18 0.182
995 232 9 11 0.176
779 234 12 13 0.175
14 247 20 13 0.171
114 230 10 11 0.169
791 259 13 17 0.168
190 260 13 22 0.168
777 322 16 21 0.167
933 227 10 22 0.167
272 204 9 11 0.167
720 267 13 23 0.164
112 327 41 20 0.164
565 98 14 18 0.162
138 236 11 12 0.161
27 281 29 16 0.158
214 230 15 15 0.158
69 332 21 20 0.156
297 194 8 10 0.156
80 309 20 20 0.150
561 338 17 23 0.150
41 244 11 23 0.150
706 275 21 22 0.149
885 241 11 23 0.148
731 509 34 32 0.147
148 313 17 33 0.146
424 563 38 38 0.144
922 214 10 11 0.143
173 243 12 15 0.141
679 297 16 20 0.141
252 235 13 16 0.140
968 219 10 12 0.140
818 277 13 14 0.140
221 218 10 12 0.140
221 312 17 21 0.139
811 297 30 24 0.139
363 199 13 15 0.139
999 273 14 27 0.139
896 225 10 24 0.138
934 233 9 33 0.135
99 234 13 26 0.134
852 224 9 16 0.133
11 221 10 12 0.132
983 275 12 16 0.131
227 221 20 11 0.130
178 227 11 11 0.128
7 322 14 21 0.128
855 195 9 9 0.126
896 262 13 16 0.123
190 233 10 40 0.123
63 258 21 15 0.122
279 292 19 50 0.122
639 216 19 24 0.121
909 223 15 13 0.120
912 229 10 28 0.120
194 285 15 18 0.120
891 258 22 15 0.119
26 317 17 40 0.119
884 330 17 21 0.119
818 278 14 27 0.118
174 229 11 16 0.118
173 241 26 14 0.117
898 219 10 21 0.116
256 243 31 14 0.115
881 200 7 8 0.114
201 316 22 52 0.114
598 285 13 16 0.113
211 272 19 32 0.113
129 235 19 11 0.113
777 253 20 36 0.112
522 253 10 14 0.111
126 320 31 30 0.110
156 298 25 18 0.108
917 291 20 37 0.108
247 266 13 15 0.106
796 238 25 14 0.106
796 219 22 12 0.106
158 221 10 13 0.104
895 241 10 24 0.103
84 253 27 16 0.102
259 260 20 21 0.100
774 216 10 13 0.100
134 245 18 17 0.098
186 254 19 19 0.098
64 248 13 21 0.096
778 236 16 14 0.096
764 233 20 14 0.096
247 231 15 17 0.095
143 275 14 18 0.093
1008 179 10 10 0.093
1010 177 9 13 0.092
175 269 21 29 0.091
65 262 13 22 0.090
879 234 24 13 0.090
413 486 30 30 0.090
320 201 11 12 0.089
207 229 19 18 0.089
1 215 8 10 0.088
182 303 16 18 0.086
813 280 13 17 0.086
818 212 9 10 0.082
519 115 13 15 0.082
73 315 16 34 0.079
954 223 10 24 0.079
92 235 14 30 0.079
305 221 28 17 0.079
233 220 19 14 0.078
857 194 8 9 0.078
746 521 32 32 0.077
1012 251 10 14 0.076
939 637 37 46 0.076
596 305 15 20 0.075
998 215 12 15 0.075
228 220 12 54 0.074
856 195 11 12 0.074
19 268 16 16 0.073
86 236 28 13 0.072
51 232 15 10 0.072
889 321 15 18 0.072
215 205 9 9 0.072
79 317 25 20 0.071
907 229 18 33 0.071
541 322 19 26 0.070
823 284 15 19 0.070
254 255 17 76 0.070
293 216 17 17 0.070
943 220 24 14 0.070
981 336 13 18 0.069
82 332 26 20 0.068
998 246 13 14 0.068
112 299 16 26 0.068
287 246 11 14 0.067
716 206 9 11 0.067
135 253 24 24 0.066
12 329 24 21 0.066
871 331 16 18 0.065
68 335 14 19 0.065
66 371 19 24 0.065
1017 348 7 23 0.064
955 219 22 17 0.064
698 196 11 12 0.064
958 225 10 35 0.063
106 301 17 21 0.063
156 223 9 29 0.063
913 218 28 18 0.063
852 299 12 15 0.062
175 226 21 24 0.062
861 167 7 7 0.062
206 223 16 18 0.062
147 285 16 19 0.062
181 235 21 20 0.062
64 278 16 16 0.060
597 286 13 30 0.060
698 228 15 13 0.058
276 207 26 10 0.058
81 259 19 43 0.057
4 426 17 28 0.057
996 213 10 18 0.056
280 234 14 17 0.056
832 220 13 19 0.056
1009 241 12 23 0.055
989 288 15 17 0.055
994 199 18 11 0.055
322 191 9 21 0.055
756 220 16 15 0.055
86 225 11 11 0.055
733 265 43 27 0.054
690 279 15 14 0.053
176 243 14 101 0.053
102 219 14 15 0.053
647 167 12 14 0.051
694 229 26 11 0.051
53 229 10 11 0.051
851 236 21 53 0.051
870 199 19 9 0.050
902 198 13 13 0.049
787 199 9 10 0.049
2 535 24 31 0.049
95 214 9 11 0.048
924 295 15 18 0.048
811 309 15 61 0.048
336 181 10 15 0.048
853 219 25 22 0.048
752 341 15 19 0.047
719 236 11 14 0.047
7 282 32 19 0.046
750 215 11 14 0.046
3 229 11 23 0.046
68 279 19 15 0.045
230 221 16 38 0.045
972 200 12 14 0.045
141 215 8 14 0.044
244 259 20 18 0.044
987 200 22 8 0.044
34 284 16 26 0.044
714 260 30 53 0.043
219 264 47 44 0.043
187 223 16 14 0.043
539 318 18 22 0.042
195 190 7 9 0.042
908 196 10 27 0.041
813 197 7 9 0.041
181 207 9 15 0.041
973 201 8 27 0.041
283 297 15 20 0.041
158 332 18 21 0.041
66 363 16 20 0.039
671 223 10 14 0.039
872 196 11 32 0.038
130 238 18 26 0.038
907 196 11 16 0.038
208 222 23 36 0.038
901 202 8 34 0.038
968 247 26 68 0.038
793 271 12 15 0.038
44 243 26 20 0.038
801 271 19 19 0.037
385 245 13 16 0.036
0 444 11 25 0.036
230 204 11 112 0.036
72 237 23 17 0.036
95 267 16 17 0.036
140 212 9 26 0.036
289 199 19 32 0.035
38 365 17 21 0.035
90 216 13 24 0.035
208 202 12 10 0.035
744 200 9 15 0.035
961 636 27 34 0.034
676 209 10 11 0.034
199 268 14 21 0.034
812 211 19 26 0.034
599 231 14 17 0.034
604 692 55 3 0.034
73 320 14 19 0.034
298 191 18 16 0.034
982 249 22 17 0.034
767 350 19 22 0.034
771 355 19 21 0.034
359 270 19 21 0.034
218 243 16 26 0.033
746 501 29 33 0.033
1010 194 10 21 0.033
1 216 18 18 0.033
806 140 7 8 0.033
809 203 12 29 0.033
328 189 21 21 0.033
186 403 18 21 0.032
8 433 25 30 0.032
128 217 10 9 0.032
76 347 21 23 0.032
57 231 19 17 0.032
781 195 14 18 0.032
745 204 10 20 0.031
175 311 17 18 0.031
633 213 20 27 0.030
395 191 15 17 0.030
151 351 17 29 0.030
183 392 20 30 0.030
751 218 16 84 0.029
23 222 20 11 0.029
562 109 15 24 0.029
676 220 32 16 0.028
269 192 9 10 0.028
378 248 17 21 0.028
810 196 9 12 0.028
999 247 17 33 0.028
692 205 11 19 0.028
686 281 15 21 0.028
194 187 8 19 0.028
33 220 9 15 0.027
969 291 13 51 0.027
576 279 13 15 0.027
855 301 14 16 0.026
779 198 13 32 0.026
175 374 21 26 0.026
675 209 21 11 0.025
564 335 16 20 0.025
693 193 15 16 0.025
833 223 51 39 0.025
204 205 19 13 0.024
505 139 15 16 0.024
362 197 38 15 0.024
4 236 24 29 0.024
78 392 22 24 0.024
948 222 21 83 0.024
995 205 26 24 0.024
713 221 10 18 0.024
294 244 15 37 0.023
767 499 25 29 0.023
421 338 30 38 0.023
0 257 44 63 0.023
871 202 20 67 0.023
602 97 15 15 0.023
289 225 22 20 0.023
922 639 30 42 0.022
321 180 8 8 0.022
765 355 25 38 0.022
87 360 16 21 0.022
934 99 9 11 0.022
0 473 12 26 0.022
819 213 33 90 0.021
512 127 15 19 0.021
239 285 23 23 0.021
281 191 21 27 0.021
901 231 25 94 0.021
99 215 16 14 0.021
268 207 37 45 0.021
558 122 16 16 0.021
957 201 19 33 0.020
