8_Election_Campain_Election_Campaign_8_578
32
617 296 60 83 0.880
261 157 57 68 0.878
489 211 67 86 0.843
96 379 85 139 0.801
767 218 103 175 0.730
753 252 22 28 0.720
116 256 19 23 0.710
164 240 25 36 0.659
78 279 11 13 0.529
471 267 8 9 0.468
339 262 13 15 0.465
641 257 13 16 0.458
711 273 13 15 0.439
595 247 13 16 0.418
93 277 10 13 0.368
443 268 8 10 0.287
423 292 9 10 0.195
155 245 27 33 0.135
364 273 9 12 0.125
379 274 9 10 0.113
470 264 12 15 0.075
441 288 8 10 0.072
363 273 25 11 0.066
712 274 14 21 0.064
461 275 9 10 0.047
367 272 13 14 0.047
624 255 23 13 0.033
622 253 13 14 0.032
450 276 19 9 0.031
460 279 8 11 0.026
590 250 15 19 0.023
587 247 14 17 0.021
