8_Election_Campain_Election_Campaign_8_449
419
498 495 108 135 0.893
677 483 105 115 0.874
326 181 69 85 0.868
811 403 78 93 0.867
559 190 63 74 0.863
593 379 80 101 0.862
132 429 110 138 0.862
299 414 96 118 0.861
178 260 71 89 0.859
385 345 85 102 0.857
939 434 85 110 0.854
498 365 76 87 0.841
691 342 50 58 0.840
439 169 63 72 0.840
785 254 36 42 0.838
957 262 41 46 0.829
86 279 53 58 0.828
929 368 56 70 0.824
743 250 38 43 0.815
0 524 34 124 0.814
844 250 38 44 0.811
60 367 96 107 0.808
969 324 46 57 0.799
126 229 37 44 0.798
846 328 49 57 0.797
844 295 38 43 0.791
84 233 46 53 0.790
687 243 33 39 0.787
274 585 128 88 0.783
721 295 42 51 0.780
983 237 32 37 0.779
774 182 24 28 0.774
11 84 25 29 0.770
733 152 19 25 0.765
642 155 21 25 0.765
92 143 29 32 0.763
765 224 28 30 0.761
269 163 31 39 0.757
704 189 25 32 0.754
951 224 29 37 0.753
656 271 35 49 0.748
845 187 21 25 0.738
510 116 17 20 0.733
706 130 17 20 0.729
401 187 31 36 0.728
801 89 12 16 0.725
359 101 19 23 0.721
491 135 20 22 0.720
911 176 19 24 0.719
389 141 24 27 0.710
112 88 21 23 0.709
753 400 55 73 0.708
465 113 17 18 0.693
210 98 22 24 0.687
492 204 32 38 0.678
58 194 33 40 0.676
672 133 16 19 0.676
586 129 16 20 0.673
0 340 52 95 0.672
547 129 17 20 0.670
688 119 13 16 0.669
566 139 18 22 0.666
412 118 20 24 0.666
86 122 23 26 0.662
772 132 17 21 0.655
26 325 45 54 0.651
246 221 37 44 0.645
728 131 17 20 0.641
499 94 15 18 0.640
818 162 17 21 0.631
619 136 17 20 0.630
449 91 14 18 0.621
838 104 14 16 0.620
172 125 26 30 0.614
501 176 25 33 0.609
667 115 13 16 0.608
531 106 16 17 0.608
888 242 28 32 0.603
916 326 34 41 0.595
373 130 18 23 0.595
306 124 19 23 0.589
416 95 15 17 0.561
471 70 11 13 0.551
135 138 28 32 0.551
555 88 12 14 0.546
346 80 14 16 0.546
728 103 11 14 0.541
426 70 11 13 0.536
532 78 11 12 0.532
236 78 16 19 0.528
179 88 16 20 0.527
603 101 12 15 0.526
169 71 15 18 0.505
0 143 14 34 0.491
613 180 20 28 0.477
283 114 20 25 0.474
331 134 21 25 0.470
106 39 10 12 0.470
582 105 14 16 0.456
715 117 14 15 0.449
890 163 15 18 0.447
635 96 13 16 0.438
492 47 10 13 0.437
819 360 48 51 0.435
374 76 12 14 0.434
81 29 9 11 0.433
964 194 20 22 0.432
362 73 10 12 0.428
77 62 17 20 0.428
393 102 16 18 0.425
570 90 11 12 0.420
139 53 14 17 0.416
194 55 10 12 0.416
664 157 19 22 0.400
193 77 14 19 0.398
237 55 11 13 0.396
245 138 28 34 0.379
672 96 10 12 0.378
1 54 14 18 0.373
652 95 13 14 0.372
1005 195 19 24 0.355
8 122 20 27 0.347
122 72 18 19 0.336
253 56 10 13 0.329
875 167 15 20 0.327
354 39 10 12 0.325
863 103 11 13 0.324
44 92 25 33 0.315
520 59 9 10 0.314
557 68 10 10 0.310
911 112 11 13 0.306
227 133 23 31 0.303
477 90 12 15 0.299
497 70 10 12 0.294
660 246 27 30 0.293
88 44 10 12 0.276
293 121 25 26 0.276
96 25 8 10 0.274
385 47 9 10 0.264
438 48 10 12 0.262
0 223 29 53 0.258
289 55 10 12 0.254
625 80 11 14 0.250
552 132 20 24 0.237
594 86 9 12 0.237
563 89 21 13 0.235
876 164 29 20 0.229
527 92 13 20 0.229
131 89 15 18 0.224
3 126 19 43 0.223
505 113 20 31 0.223
918 230 26 30 0.219
373 56 10 12 0.217
308 76 14 16 0.215
922 116 11 11 0.209
1014 168 10 13 0.208
308 54 11 11 0.207
39 71 18 20 0.201
997 175 13 15 0.195
50 45 11 12 0.191
672 216 29 34 0.191
285 88 14 18 0.188
311 94 16 19 0.187
353 73 20 16 0.183
407 78 12 15 0.182
918 113 13 12 0.180
272 69 14 16 0.177
166 180 28 36 0.170
879 102 11 13 0.167
173 56 16 15 0.167
236 56 22 12 0.164
1 238 38 63 0.163
42 66 16 19 0.162
93 64 12 13 0.162
939 114 9 11 0.160
713 119 15 20 0.159
313 71 14 16 0.159
210 66 13 14 0.157
57 67 14 18 0.156
318 70 15 14 0.155
591 84 12 19 0.155
152 116 17 21 0.154
194 64 11 33 0.152
814 291 40 43 0.149
662 74 10 11 0.147
153 59 13 16 0.144
9 255 36 53 0.141
864 103 19 12 0.137
332 69 13 15 0.137
76 26 23 12 0.135
620 97 13 14 0.132
193 36 13 13 0.123
362 71 25 18 0.122
37 81 23 34 0.121
88 45 13 26 0.121
179 93 19 22 0.120
615 71 12 13 0.118
31 45 10 14 0.117
439 53 10 10 0.114
0 195 13 31 0.114
663 227 32 51 0.111
1014 242 10 41 0.110
733 127 19 42 0.109
904 112 12 13 0.107
658 96 28 13 0.106
938 155 18 23 0.105
190 54 29 13 0.103
888 251 32 38 0.102
1011 228 13 28 0.101
211 54 14 15 0.098
154 53 15 17 0.096
293 152 22 29 0.095
338 58 10 12 0.093
552 88 37 16 0.092
250 129 26 30 0.091
675 97 12 15 0.090
492 50 16 13 0.089
900 114 13 13 0.087
451 80 13 15 0.087
380 71 19 18 0.087
990 171 16 16 0.086
173 132 27 36 0.086
45 67 23 17 0.085
132 42 10 15 0.085
335 39 9 11 0.084
97 36 23 16 0.084
316 95 19 20 0.082
128 76 17 21 0.081
680 176 24 29 0.080
685 85 10 12 0.080
386 103 39 26 0.080
664 71 11 26 0.080
494 101 37 34 0.080
325 93 15 19 0.079
553 132 53 25 0.077
60 84 25 28 0.076
562 67 9 10 0.075
720 111 13 19 0.074
621 145 43 45 0.073
934 142 17 35 0.073
521 59 14 22 0.073
413 47 9 10 0.073
231 59 19 26 0.073
238 65 14 25 0.072
178 47 12 14 0.071
927 147 13 14 0.070
75 66 20 33 0.069
311 71 18 49 0.069
1010 234 14 37 0.067
211 190 37 49 0.066
309 60 23 33 0.066
140 36 10 10 0.066
407 74 16 14 0.065
597 70 9 10 0.064
488 73 13 13 0.063
17 46 11 18 0.063
35 46 28 11 0.062
873 102 12 12 0.061
402 51 9 19 0.060
929 147 21 18 0.060
491 172 36 48 0.060
10 230 39 53 0.059
677 82 14 15 0.059
556 66 13 17 0.058
677 168 25 51 0.058
716 75 9 10 0.058
28 48 15 12 0.057
702 128 48 28 0.057
670 94 25 66 0.057
132 149 26 31 0.056
60 43 18 16 0.056
943 160 19 22 0.056
129 94 29 22 0.055
702 110 13 14 0.054
249 157 26 36 0.053
328 56 21 15 0.052
731 81 10 13 0.052
159 36 11 10 0.052
372 136 21 23 0.049
288 103 23 26 0.049
245 198 39 48 0.049
165 129 28 34 0.048
205 36 13 29 0.048
622 69 19 21 0.048
339 24 11 12 0.048
311 53 25 16 0.048
689 91 10 15 0.048
665 159 30 24 0.047
671 205 29 31 0.047
234 249 31 44 0.047
156 71 14 17 0.047
616 187 22 33 0.046
376 45 19 20 0.046
949 326 46 56 0.045
389 47 23 12 0.044
38 153 26 32 0.043
157 37 12 31 0.043
291 46 11 21 0.043
69 84 21 26 0.042
861 102 34 13 0.042
236 130 30 33 0.042
515 88 12 15 0.042
65 49 13 20 0.041
296 78 21 17 0.041
395 65 19 16 0.041
104 7 8 22 0.041
30 38 10 11 0.040
256 118 21 25 0.040
268 80 15 19 0.040
714 162 16 21 0.039
535 168 20 24 0.039
289 58 15 15 0.039
302 159 22 28 0.039
100 1 8 10 0.038
611 150 22 29 0.038
1016 253 8 47 0.038
94 58 14 17 0.038
410 48 19 9 0.037
115 23 13 27 0.036
263 76 14 18 0.036
548 71 20 26 0.036
41 124 23 29 0.036
0 75 9 24 0.035
203 91 23 27 0.035
66 13 11 10 0.035
201 34 19 11 0.035
255 124 26 30 0.035
171 33 14 10 0.035
269 55 20 16 0.035
53 25 11 22 0.035
384 46 13 14 0.034
56 16 8 9 0.034
461 67 9 11 0.034
254 147 24 27 0.034
268 255 41 46 0.034
385 94 17 24 0.034
638 64 10 11 0.033
66 221 31 41 0.033
603 68 9 8 0.033
463 53 51 42 0.033
120 93 22 25 0.033
639 160 22 27 0.033
221 28 10 10 0.033
172 55 42 40 0.032
835 253 32 38 0.032
230 27 11 11 0.032
333 140 30 30 0.032
322 46 16 19 0.032
312 123 18 22 0.031
859 110 11 13 0.031
878 139 15 17 0.031
688 105 18 22 0.031
56 15 11 21 0.030
9 326 53 61 0.030
278 73 37 44 0.030
683 168 22 23 0.030
147 181 27 33 0.030
262 173 35 39 0.029
85 70 17 19 0.029
0 284 28 53 0.029
678 187 21 28 0.029
126 32 21 16 0.029
112 11 12 27 0.029
161 36 20 11 0.029
598 70 30 11 0.029
624 208 29 34 0.028
218 69 16 17 0.028
636 80 15 23 0.028
185 97 18 18 0.028
257 38 12 30 0.028
678 78 10 11 0.028
909 234 30 34 0.028
531 50 27 103 0.027
451 70 18 18 0.027
634 69 17 14 0.027
18 80 23 27 0.027
37 50 15 26 0.026
730 78 11 11 0.026
162 39 22 20 0.026
928 111 15 15 0.026
404 47 20 24 0.026
1011 263 13 45 0.026
231 130 43 44 0.025
832 343 50 57 0.025
950 161 15 22 0.025
103 4 19 98 0.025
256 27 9 10 0.025
502 168 23 29 0.025
1008 171 14 21 0.024
953 155 14 21 0.024
40 30 21 12 0.023
539 52 12 24 0.023
778 125 18 19 0.023
397 149 22 26 0.023
7 224 36 44 0.022
121 63 24 33 0.022
370 32 13 16 0.022
213 41 24 22 0.022
18 89 26 29 0.022
95 14 26 21 0.022
257 136 29 30 0.022
983 170 13 16 0.022
603 185 29 38 0.022
627 59 11 11 0.022
113 105 19 23 0.022
179 144 23 29 0.021
58 24 18 21 0.021
1014 272 10 55 0.021
636 175 21 24 0.021
544 104 15 20 0.021
603 84 49 58 0.021
24 234 35 45 0.021
0 245 21 54 0.021
937 148 16 21 0.021
565 103 11 15 0.020
241 239 33 44 0.020
541 50 10 11 0.020
679 170 37 26 0.020
569 71 10 13 0.020
