8_Election_Campain_Election_Campaign_8_547
125
757 130 106 149 0.850
942 214 55 64 0.800
155 516 14 17 0.635
32 537 16 20 0.606
117 530 14 18 0.587
228 506 11 15 0.433
68 540 13 19 0.420
0 535 9 19 0.198
557 597 38 44 0.196
124 466 11 13 0.167
78 499 13 16 0.161
105 543 14 17 0.153
68 536 14 17 0.136
494 493 9 11 0.132
546 600 59 75 0.122
0 510 10 17 0.120
213 486 10 13 0.118
273 463 11 13 0.113
317 445 10 12 0.112
195 404 8 10 0.111
317 462 11 14 0.102
145 493 12 14 0.094
463 423 9 10 0.088
32 392 11 14 0.088
1005 229 19 52 0.088
0 529 13 25 0.087
108 527 16 18 0.080
2 529 14 17 0.077
132 478 12 15 0.076
33 425 10 13 0.072
119 480 14 16 0.072
296 424 9 11 0.072
30 396 10 12 0.072
74 403 15 17 0.068
30 445 13 17 0.068
0 411 9 13 0.066
285 495 11 15 0.066
928 229 32 47 0.062
93 479 15 16 0.061
106 500 15 18 0.060
0 515 13 33 0.059
413 468 9 11 0.058
0 538 12 23 0.058
7 393 11 13 0.057
123 474 20 18 0.056
14 416 10 15 0.053
0 543 9 24 0.053
319 442 9 32 0.053
330 429 9 10 0.052
350 429 8 12 0.050
125 464 13 26 0.050
102 524 14 18 0.050
330 494 11 14 0.050
49 481 15 34 0.049
199 468 13 14 0.049
209 601 25 22 0.048
316 447 11 20 0.047
88 481 13 15 0.047
272 463 28 12 0.046
70 532 21 15 0.045
289 444 11 14 0.043
50 495 14 18 0.043
207 480 17 25 0.043
50 394 10 11 0.043
480 412 10 12 0.042
51 478 15 18 0.041
113 483 17 20 0.040
145 536 12 15 0.040
162 468 14 13 0.039
444 428 9 14 0.039
282 449 16 23 0.039
292 472 12 14 0.038
122 462 13 22 0.037
14 420 12 19 0.036
127 457 11 22 0.036
79 477 17 18 0.034
468 451 8 11 0.034
272 437 11 18 0.034
353 460 9 16 0.034
114 544 16 18 0.034
92 527 20 17 0.033
31 416 11 17 0.033
289 450 17 18 0.033
94 447 13 17 0.032
106 491 14 24 0.032
417 419 9 10 0.032
465 425 10 11 0.032
368 464 10 14 0.031
32 443 15 16 0.030
460 446 12 12 0.030
619 349 8 9 0.029
73 469 14 19 0.028
116 535 15 19 0.027
42 534 16 21 0.027
99 374 9 12 0.027
461 450 14 12 0.027
157 440 12 20 0.027
275 489 11 15 0.026
71 539 19 18 0.025
203 434 11 12 0.025
415 455 10 11 0.025
288 463 24 17 0.025
369 454 10 22 0.024
179 441 12 12 0.024
197 485 16 18 0.024
178 487 13 22 0.024
227 510 12 19 0.024
32 544 14 18 0.023
399 455 9 11 0.023
1 514 13 17 0.023
0 434 10 28 0.023
491 491 12 16 0.022
197 473 14 21 0.022
272 426 11 25 0.022
928 234 54 55 0.022
272 440 29 12 0.021
0 457 10 18 0.021
225 544 13 16 0.021
547 483 7 8 0.021
125 479 18 23 0.021
1010 211 14 51 0.021
56 474 23 18 0.020
204 414 10 16 0.020
330 453 20 10 0.020
444 434 9 15 0.020
