8_Election_Campain_Election_Campaign_8_345
91
636 476 53 66 0.873
823 242 62 77 0.847
554 256 36 48 0.841
646 159 42 53 0.839
508 333 30 40 0.823
611 437 24 30 0.803
894 204 27 35 0.802
554 485 22 28 0.783
587 417 30 38 0.778
473 108 20 25 0.775
608 580 21 28 0.775
779 209 31 41 0.760
603 331 22 27 0.753
696 134 19 24 0.748
689 583 20 26 0.721
541 168 15 19 0.717
618 134 22 28 0.707
978 407 9 10 0.647
435 293 13 15 0.636
1004 577 15 19 0.628
402 126 19 24 0.588
497 96 10 13 0.482
490 314 17 20 0.466
530 244 17 24 0.447
112 362 9 10 0.426
366 94 13 17 0.407
121 267 7 7 0.356
398 99 10 11 0.277
195 441 10 11 0.267
504 174 11 13 0.257
693 443 16 20 0.230
459 94 12 18 0.187
148 157 6 6 0.139
146 156 6 8 0.118
108 198 7 7 0.107
87 234 7 7 0.084
89 233 7 8 0.082
111 465 11 14 0.080
613 548 20 24 0.079
141 205 6 8 0.075
611 564 20 41 0.072
424 244 11 11 0.069
528 92 8 9 0.067
986 390 8 9 0.064
24 110 6 6 0.062
111 218 6 8 0.056
564 159 11 14 0.056
270 628 14 18 0.055
549 164 17 20 0.046
399 222 8 10 0.045
48 142 6 9 0.044
36 191 8 8 0.044
110 365 8 9 0.044
60 209 7 8 0.044
554 526 19 26 0.042
84 261 7 8 0.040
565 174 11 14 0.040
4 185 7 10 0.039
498 396 12 16 0.038
465 264 8 10 0.038
986 287 10 11 0.035
969 179 9 11 0.035
307 79 7 8 0.034
1002 258 11 12 0.034
110 213 6 10 0.033
123 108 7 10 0.032
564 156 10 29 0.032
558 101 10 11 0.031
90 182 10 8 0.031
519 310 15 15 0.031
558 544 22 26 0.030
440 149 17 23 0.030
999 318 7 8 0.030
470 193 10 12 0.028
24 108 6 14 0.028
980 437 10 11 0.027
85 249 6 10 0.027
117 420 9 9 0.027
501 243 15 19 0.027
200 502 9 10 0.027
558 532 20 29 0.025
544 80 9 10 0.025
475 103 20 23 0.024
580 473 16 20 0.024
110 194 5 39 0.024
528 239 15 22 0.023
198 308 8 9 0.023
984 288 9 10 0.022
19 190 7 8 0.022
47 571 10 11 0.022
334 95 9 11 0.021
