22_Picnic_Picnic_22_592
27
735 299 43 48 0.840
433 197 41 52 0.837
96 105 41 55 0.836
633 293 34 42 0.686
330 323 36 39 0.593
594 303 33 36 0.458
496 308 42 33 0.276
31 137 8 10 0.267
247 452 33 37 0.263
511 309 38 31 0.118
253 439 29 30 0.102
629 284 32 42 0.098
789 128 9 10 0.075
584 294 30 36 0.066
271 468 39 41 0.055
966 152 9 9 0.054
492 302 30 34 0.047
49 146 8 9 0.043
178 149 14 17 0.038
966 149 8 8 0.035
633 131 10 11 0.030
167 541 68 56 0.026
574 289 26 33 0.026
528 299 29 34 0.025
64 566 65 89 0.025
23 152 7 8 0.022
997 144 8 9 0.021
