22_Picnic_Picnic_22_533
32
960 674 26 32 0.732
851 647 24 31 0.722
748 671 23 28 0.719
275 683 28 34 0.713
431 628 37 40 0.708
165 683 30 39 0.690
905 598 24 29 0.629
404 661 30 36 0.552
609 673 28 30 0.454
55 742 28 38 0.421
434 570 21 26 0.419
153 959 25 27 0.411
117 820 25 31 0.308
205 767 25 32 0.289
549 679 22 27 0.187
70 965 27 30 0.089
312 928 26 27 0.084
661 810 34 50 0.069
462 833 29 33 0.064
134 882 41 37 0.062
73 924 23 26 0.052
577 676 20 24 0.048
399 659 26 33 0.043
617 662 28 31 0.037
66 749 23 31 0.033
637 647 19 24 0.028
151 889 32 34 0.025
392 647 33 40 0.024
999 867 25 38 0.022
471 821 21 34 0.021
125 815 28 34 0.021
197 747 27 45 0.020
