22_Picnic_Picnic_22_103
33
168 461 15 19 0.768
873 609 13 16 0.711
233 515 14 17 0.686
282 503 14 16 0.666
835 612 13 15 0.661
443 570 16 20 0.639
643 508 10 11 0.505
675 507 10 12 0.448
770 621 14 15 0.382
471 575 13 18 0.300
99 536 13 17 0.251
152 574 14 20 0.239
199 426 17 21 0.117
225 604 16 17 0.103
222 605 14 20 0.077
561 540 11 12 0.069
774 619 14 17 0.068
93 536 15 18 0.060
74 440 17 18 0.059
151 582 13 18 0.055
798 544 9 12 0.053
475 576 14 18 0.053
114 582 15 20 0.045
233 601 13 16 0.030
229 513 14 19 0.030
768 623 11 13 0.029
452 581 16 20 0.027
109 585 16 20 0.027
248 515 13 16 0.024
192 618 16 21 0.024
440 576 15 19 0.024
123 602 17 19 0.022
451 588 14 19 0.021
