22_Picnic_Picnic_22_387
34
676 60 38 50 0.828
903 106 30 37 0.807
512 107 24 29 0.768
57 71 29 33 0.760
431 92 18 22 0.752
301 249 32 36 0.751
737 85 26 31 0.730
218 109 30 34 0.714
120 92 13 16 0.374
280 121 12 15 0.287
292 141 17 21 0.281
1 102 15 19 0.221
608 120 7 9 0.116
304 104 9 10 0.116
262 95 11 11 0.079
379 160 10 11 0.073
330 98 8 10 0.073
257 93 13 15 0.068
284 122 12 14 0.064
301 102 11 12 0.058
123 91 11 14 0.053
375 102 7 8 0.050
231 105 29 28 0.049
251 100 14 16 0.046
182 76 12 15 0.045
890 108 15 24 0.040
631 104 8 9 0.031
228 111 22 27 0.028
266 96 10 9 0.027
954 94 8 10 0.026
633 103 7 9 0.023
209 112 26 34 0.021
325 102 9 9 0.021
332 96 8 9 0.021
