22_Picnic_Picnic_22_542
458
723 504 15 16 0.795
789 532 19 22 0.763
497 499 13 17 0.756
656 512 16 19 0.744
23 489 12 14 0.739
921 466 12 14 0.733
894 493 17 18 0.721
597 496 13 16 0.720
938 497 15 17 0.716
571 493 12 15 0.709
750 482 12 13 0.706
834 448 11 13 0.705
715 469 11 13 0.677
797 502 14 16 0.675
830 425 9 10 0.670
473 497 12 15 0.669
114 490 12 14 0.668
406 487 11 13 0.668
542 503 14 17 0.663
225 482 12 14 0.662
127 453 10 12 0.657
1008 437 11 13 0.649
322 475 11 15 0.644
681 466 10 12 0.642
347 465 10 12 0.639
833 501 16 18 0.634
354 488 12 16 0.633
495 470 10 12 0.631
604 477 11 13 0.627
932 392 8 9 0.625
274 478 13 14 0.620
406 458 10 11 0.612
859 451 10 12 0.609
650 438 9 10 0.608
171 449 11 12 0.592
634 470 10 14 0.590
562 467 10 12 0.586
568 448 8 11 0.585
260 462 11 13 0.575
489 444 9 10 0.559
270 437 10 11 0.557
517 497 13 15 0.540
230 451 10 12 0.534
72 492 12 13 0.520
460 433 8 10 0.519
796 482 12 14 0.518
448 499 13 16 0.517
368 479 11 13 0.515
767 457 10 12 0.505
674 435 8 9 0.504
441 463 9 12 0.495
837 470 11 14 0.490
657 469 10 11 0.489
855 429 9 10 0.488
551 425 8 10 0.487
162 430 9 10 0.487
875 376 8 10 0.484
801 462 10 11 0.482
370 466 10 12 0.479
241 443 10 11 0.460
273 423 8 10 0.447
625 404 8 9 0.446
595 452 9 11 0.443
601 429 8 9 0.441
835 388 8 9 0.437
383 440 9 10 0.434
583 461 10 12 0.426
857 389 9 11 0.403
881 443 10 12 0.389
680 502 12 15 0.388
534 471 10 13 0.388
194 479 12 14 0.379
52 374 6 8 0.376
779 386 8 9 0.374
81 387 7 9 0.374
439 434 8 10 0.371
439 416 8 9 0.368
317 424 9 10 0.365
462 456 10 11 0.364
219 381 8 8 0.361
684 418 8 10 0.360
740 464 9 12 0.357
207 454 9 11 0.351
749 385 8 10 0.351
717 427 8 9 0.339
273 389 8 8 0.335
295 404 7 8 0.326
377 423 8 10 0.321
319 457 10 12 0.319
617 418 8 9 0.318
774 420 8 10 0.317
514 443 9 11 0.313
104 437 9 10 0.308
643 418 8 10 0.307
409 421 8 9 0.306
140 392 7 8 0.306
663 405 7 8 0.300
226 415 9 10 0.289
147 420 9 10 0.287
799 393 8 9 0.286
205 376 7 9 0.285
328 442 9 9 0.270
236 424 9 10 0.269
300 445 10 11 0.259
958 413 9 11 0.256
682 391 8 9 0.255
346 420 9 9 0.251
671 473 10 12 0.250
185 371 6 8 0.247
919 372 7 8 0.247
95 391 8 9 0.245
734 479 12 13 0.243
363 421 9 9 0.241
745 364 7 9 0.239
883 400 8 9 0.239
427 446 8 11 0.237
594 385 8 9 0.235
235 445 14 15 0.231
345 365 7 7 0.229
39 478 13 14 0.229
684 362 7 9 0.228
350 437 9 10 0.223
688 447 9 10 0.222
424 415 7 10 0.219
247 370 8 8 0.218
296 460 10 11 0.212
492 423 8 10 0.211
327 410 7 10 0.208
752 420 10 11 0.207
123 404 8 10 0.207
220 433 8 10 0.206
550 390 7 8 0.202
279 461 10 12 0.200
572 392 8 8 0.196
514 422 9 10 0.196
172 410 8 8 0.195
231 419 14 12 0.195
800 364 8 9 0.194
723 456 9 11 0.191
577 427 9 10 0.191
504 439 8 11 0.189
732 385 9 10 0.184
334 393 8 12 0.183
450 502 13 16 0.181
527 399 8 10 0.178
441 415 8 10 0.177
216 467 10 12 0.176
687 504 16 16 0.176
271 428 8 24 0.176
941 370 7 8 0.174
320 366 6 7 0.174
353 484 22 13 0.173
627 385 7 8 0.172
173 392 7 8 0.171
621 435 8 10 0.168
866 465 10 12 0.168
363 393 7 12 0.166
756 422 8 10 0.165
332 468 20 14 0.164
703 390 9 11 0.163
589 453 14 15 0.161
396 463 11 15 0.161
84 419 9 11 0.160
91 469 10 11 0.160
274 389 11 9 0.159
954 412 11 10 0.155
664 385 8 10 0.152
745 423 9 12 0.151
110 417 9 10 0.149
56 412 8 9 0.149
592 413 8 9 0.149
756 504 13 15 0.149
828 373 8 8 0.148
692 506 14 16 0.148
776 386 8 9 0.144
516 491 12 15 0.139
387 393 10 8 0.139
140 443 10 11 0.139
778 370 7 9 0.138
861 456 11 14 0.138
187 407 10 10 0.138
573 420 8 10 0.135
424 485 11 14 0.135
823 387 8 9 0.131
273 437 16 11 0.130
530 456 12 12 0.130
595 380 7 17 0.129
653 468 12 14 0.128
578 365 7 7 0.126
278 462 11 26 0.124
618 437 11 11 0.123
707 365 7 7 0.122
803 367 8 14 0.121
245 390 11 10 0.118
110 439 10 12 0.114
327 439 9 17 0.114
385 482 11 13 0.114
341 419 16 10 0.113
701 423 12 10 0.111
114 442 8 10 0.110
383 464 16 13 0.109
282 438 12 10 0.109
743 422 16 10 0.109
798 459 11 34 0.108
146 419 9 19 0.107
541 443 9 17 0.107
759 455 9 11 0.107
503 385 7 14 0.105
720 458 26 12 0.105
837 499 15 17 0.104
369 359 7 7 0.103
201 428 8 10 0.100
816 389 17 8 0.099
307 361 7 7 0.099
757 417 8 9 0.099
108 397 6 24 0.098
447 406 12 12 0.097
382 460 15 13 0.096
511 452 12 18 0.096
166 442 12 16 0.095
238 473 12 13 0.095
731 377 10 20 0.095
367 421 22 9 0.094
720 391 12 10 0.093
440 462 29 10 0.092
231 361 7 8 0.091
269 364 8 9 0.091
520 499 12 17 0.091
738 433 9 12 0.091
806 372 7 26 0.091
251 422 22 10 0.091
63 436 9 10 0.090
198 454 15 13 0.089
295 439 17 11 0.089
333 365 9 8 0.086
207 453 30 12 0.086
236 422 23 10 0.086
742 419 8 11 0.086
320 464 11 26 0.085
620 420 23 10 0.084
535 451 9 23 0.084
504 462 10 15 0.083
916 371 8 8 0.082
831 408 10 10 0.081
759 365 8 9 0.080
721 374 9 19 0.079
704 385 8 19 0.078
660 383 10 15 0.077
225 448 13 15 0.077
973 435 10 12 0.076
409 432 7 34 0.075
474 421 9 13 0.075
471 414 12 17 0.074
791 417 15 10 0.074
638 359 7 8 0.073
809 425 9 10 0.073
50 403 9 9 0.072
395 427 11 20 0.072
787 467 11 13 0.072
567 486 12 17 0.072
247 367 7 7 0.071
637 468 10 12 0.070
211 397 6 18 0.070
528 395 7 30 0.070
55 398 7 31 0.070
662 504 41 16 0.069
108 376 7 8 0.069
890 380 8 8 0.069
21 387 7 8 0.068
261 407 13 9 0.067
182 424 9 10 0.066
109 415 18 12 0.066
591 410 8 23 0.065
44 473 11 13 0.065
656 384 13 20 0.065
466 387 7 22 0.065
186 365 6 24 0.065
625 424 10 18 0.064
938 481 10 13 0.064
710 402 8 13 0.064
549 424 8 21 0.063
71 497 14 17 0.063
699 423 9 18 0.063
575 418 12 20 0.063
200 429 19 11 0.061
203 423 8 16 0.061
789 444 9 9 0.061
81 422 11 18 0.061
527 420 9 16 0.060
965 416 8 10 0.060
924 378 10 13 0.060
221 400 11 18 0.059
622 456 10 12 0.059
173 409 25 8 0.059
550 453 11 13 0.059
515 418 28 10 0.058
203 379 23 8 0.058
502 384 9 24 0.057
742 410 9 15 0.057
414 354 7 16 0.057
739 440 8 22 0.056
190 477 12 15 0.056
348 394 7 33 0.056
515 462 10 12 0.055
426 483 11 13 0.055
700 426 24 10 0.055
516 419 7 43 0.054
631 465 12 16 0.054
440 373 10 21 0.054
720 366 10 23 0.053
683 390 31 9 0.052
362 395 26 9 0.052
479 358 5 35 0.052
224 447 34 16 0.051
374 388 6 41 0.051
348 418 9 35 0.050
777 461 15 14 0.049
74 388 13 12 0.049
439 404 10 25 0.049
644 384 7 23 0.048
694 398 9 22 0.048
184 469 13 16 0.048
467 412 12 27 0.048
798 386 6 36 0.047
619 382 19 13 0.047
320 478 11 14 0.047
154 389 7 23 0.046
346 357 7 30 0.046
783 445 14 10 0.045
427 383 7 33 0.045
664 379 7 35 0.045
890 444 10 12 0.045
190 399 10 17 0.044
112 375 7 7 0.044
398 399 7 31 0.044
228 393 10 36 0.043
197 405 23 9 0.043
54 415 15 8 0.042
195 448 13 14 0.042
720 364 10 7 0.041
551 376 6 30 0.041
76 436 10 10 0.040
490 377 7 40 0.040
313 463 53 31 0.040
841 427 26 14 0.040
356 436 13 20 0.039
393 418 28 14 0.039
235 383 7 31 0.037
151 462 10 11 0.037
78 410 18 12 0.037
387 352 6 7 0.037
490 442 8 20 0.036
152 401 8 30 0.036
415 354 7 7 0.036
662 414 14 13 0.036
80 385 26 15 0.036
107 373 9 27 0.036
41 380 20 8 0.036
568 429 16 18 0.035
308 426 15 23 0.035
660 357 5 16 0.035
564 350 8 8 0.035
396 485 23 15 0.035
704 396 13 27 0.035
328 430 18 20 0.035
86 401 11 24 0.035
899 471 15 19 0.035
421 432 27 16 0.034
696 369 8 33 0.034
68 500 14 16 0.034
316 366 26 11 0.034
545 441 18 20 0.034
383 390 33 11 0.034
398 434 9 31 0.033
931 434 10 12 0.033
318 390 26 16 0.033
467 373 6 38 0.033
803 422 22 12 0.032
532 399 11 27 0.032
345 377 9 43 0.032
804 365 7 7 0.032
355 441 27 77 0.032
253 398 16 29 0.032
491 418 29 19 0.031
269 357 8 31 0.031
370 487 12 15 0.031
221 375 7 41 0.031
399 358 5 32 0.031
134 401 19 24 0.030
575 360 11 21 0.030
257 440 19 15 0.030
593 440 12 39 0.030
181 406 14 26 0.030
248 363 6 43 0.030
681 364 30 14 0.030
233 353 5 41 0.029
353 459 22 13 0.029
613 390 15 27 0.029
532 472 13 28 0.029
422 470 12 19 0.029
313 384 16 24 0.029
880 378 9 9 0.028
11 402 7 8 0.028
308 366 9 39 0.028
591 359 7 16 0.028
423 371 7 31 0.028
646 371 6 30 0.028
849 424 14 17 0.028
881 398 11 15 0.027
339 456 16 15 0.027
1 502 7 15 0.027
155 393 6 7 0.027
245 367 31 14 0.027
424 360 5 53 0.027
319 471 11 15 0.027
827 507 16 18 0.027
725 362 18 9 0.026
836 387 28 9 0.026
293 360 25 8 0.026
194 483 12 15 0.026
939 408 11 13 0.026
173 446 18 22 0.026
912 500 13 17 0.026
684 358 14 14 0.025
627 357 14 31 0.025
244 387 27 16 0.025
400 364 7 42 0.025
780 418 9 26 0.025
896 379 6 8 0.024
532 452 25 56 0.024
770 366 9 8 0.024
463 395 12 32 0.024
661 355 7 19 0.024
92 386 24 25 0.024
330 362 20 20 0.023
423 397 13 31 0.023
190 409 16 26 0.023
931 391 14 20 0.023
20 388 16 9 0.023
760 366 27 17 0.022
701 357 17 31 0.022
786 414 8 13 0.022
363 355 8 40 0.021
185 514 13 14 0.021
512 438 16 26 0.021
739 438 13 28 0.021
292 372 17 31 0.021
218 346 7 9 0.021
749 361 24 23 0.021
40 374 7 35 0.021
750 382 17 17 0.021
457 430 12 16 0.021
604 354 12 23 0.021
52 406 23 15 0.021
363 383 11 49 0.021
238 445 17 20 0.020
109 374 15 26 0.020
344 367 14 40 0.020
