22_Picnic_Picnic_22_111
38
790 324 29 42 0.850
609 366 34 39 0.845
968 305 32 40 0.843
467 394 37 43 0.832
344 400 43 50 0.825
569 312 28 32 0.825
839 298 32 39 0.821
733 375 36 44 0.819
796 420 38 52 0.813
234 228 23 28 0.801
367 248 25 30 0.790
722 194 22 28 0.787
15 210 19 23 0.784
896 197 21 25 0.782
82 208 18 24 0.774
792 190 22 25 0.769
890 41 18 21 0.763
130 292 26 30 0.757
129 175 18 21 0.755
809 49 17 21 0.733
700 457 43 67 0.728
235 177 19 21 0.725
297 184 18 21 0.721
986 33 18 20 0.720
341 303 23 30 0.701
370 191 16 20 0.695
1010 93 14 23 0.666
43 173 15 18 0.638
352 464 30 52 0.597
758 114 15 19 0.478
567 237 16 18 0.297
343 475 30 50 0.161
18 198 21 38 0.071
762 112 14 18 0.053
348 419 33 40 0.031
1015 24 9 17 0.028
603 576 39 55 0.025
993 32 21 20 0.021
