22_Picnic_Picnic_22_183
33
296 455 38 45 0.812
467 438 34 38 0.797
164 405 44 56 0.791
702 454 40 50 0.769
426 381 41 44 0.759
199 174 21 24 0.758
653 253 30 32 0.717
575 123 35 41 0.689
126 213 16 18 0.674
141 176 19 22 0.644
411 176 19 22 0.549
298 185 16 17 0.538
35 184 21 22 0.509
371 121 21 26 0.448
912 193 17 19 0.415
338 196 19 20 0.343
487 172 16 18 0.269
582 484 31 34 0.254
369 95 24 29 0.222
369 104 23 33 0.136
327 166 19 21 0.119
451 173 15 18 0.116
415 147 19 21 0.085
331 175 21 34 0.076
449 147 16 21 0.064
350 108 23 27 0.044
413 148 41 19 0.038
4 204 11 17 0.036
333 147 16 20 0.029
40 180 21 24 0.024
75 219 15 16 0.022
297 192 16 19 0.021
29 180 19 21 0.020
