22_Picnic_Picnic_22_756
46
60 285 13 15 0.672
363 354 21 23 0.633
212 297 19 23 0.590
483 411 22 23 0.587
293 369 18 22 0.492
74 354 16 20 0.427
917 295 9 9 0.267
419 334 12 14 0.261
355 283 9 11 0.228
825 295 12 14 0.188
457 435 18 30 0.181
742 321 12 14 0.180
287 371 18 21 0.176
24 286 11 13 0.159
316 343 18 21 0.153
878 331 12 15 0.149
361 332 13 16 0.128
678 292 8 9 0.109
80 292 12 15 0.109
525 334 14 19 0.104
409 363 14 21 0.086
281 373 14 17 0.082
432 303 10 11 0.075
831 293 13 16 0.072
824 298 10 13 0.048
29 286 10 12 0.045
31 390 20 27 0.041
76 260 10 11 0.040
676 289 9 10 0.039
836 293 13 16 0.037
54 285 11 20 0.037
828 296 13 14 0.036
19 287 11 14 0.035
335 281 9 10 0.034
51 299 11 13 0.034
314 335 15 17 0.032
919 306 9 11 0.031
628 307 9 11 0.028
282 264 8 8 0.028
445 302 10 11 0.025
348 281 16 10 0.024
432 282 9 10 0.022
528 340 13 16 0.022
916 292 11 20 0.022
241 379 12 14 0.022
524 331 12 15 0.020
