22_Picnic_Picnic_22_63
79
651 388 27 32 0.826
331 521 39 40 0.815
418 230 21 25 0.806
876 258 36 42 0.795
742 415 25 30 0.779
475 234 22 27 0.777
992 221 17 22 0.770
543 244 16 19 0.767
184 353 20 26 0.757
474 404 21 27 0.753
916 240 19 23 0.752
974 311 18 22 0.749
290 398 21 24 0.741
256 282 14 18 0.740
116 483 33 32 0.721
220 387 17 21 0.717
573 414 22 26 0.713
203 541 34 27 0.687
74 262 14 19 0.685
48 438 22 30 0.685
613 263 16 20 0.653
103 233 16 18 0.645
496 456 33 32 0.626
17 227 15 19 0.624
353 372 24 27 0.616
669 280 15 17 0.580
408 417 22 23 0.557
747 267 21 22 0.546
204 281 12 16 0.509
378 408 22 27 0.500
519 343 20 23 0.478
555 303 16 19 0.403
564 287 14 15 0.316
503 349 18 22 0.236
560 292 16 19 0.218
785 226 16 24 0.212
196 434 19 23 0.207
665 263 12 14 0.134
724 431 18 20 0.112
59 234 13 16 0.098
678 255 13 13 0.095
513 341 22 23 0.091
667 267 18 22 0.089
697 501 21 29 0.085
383 479 20 30 0.078
725 246 16 26 0.067
711 266 15 20 0.066
275 469 26 23 0.063
0 238 7 20 0.062
718 248 23 32 0.057
195 279 18 16 0.056
332 433 21 26 0.054
864 250 16 19 0.054
720 236 12 16 0.050
722 241 14 23 0.049
904 226 14 17 0.046
186 426 21 25 0.044
362 367 19 22 0.044
695 261 32 24 0.040
258 326 27 19 0.039
177 428 19 23 0.036
593 507 27 26 0.035
520 334 26 29 0.035
257 323 16 25 0.033
180 424 21 23 0.033
186 276 17 16 0.031
668 259 13 14 0.029
285 468 21 23 0.028
688 277 16 19 0.028
376 400 20 25 0.028
49 243 15 18 0.026
683 253 17 17 0.025
671 273 53 20 0.024
275 328 15 17 0.023
631 278 12 18 0.023
709 265 56 23 0.023
271 471 21 23 0.022
0 492 8 29 0.022
197 314 13 19 0.022
