22_Picnic_Picnic_22_18
47
911 204 39 51 0.856
771 403 31 37 0.796
536 417 30 36 0.766
86 376 21 27 0.747
492 255 15 17 0.726
329 455 25 33 0.701
698 297 17 23 0.700
122 362 17 22 0.673
608 293 16 19 0.667
534 323 22 22 0.658
698 406 22 33 0.651
224 428 32 38 0.637
799 300 14 20 0.606
319 270 14 17 0.600
767 299 14 19 0.588
170 366 19 23 0.543
476 263 14 16 0.445
209 273 16 18 0.141
339 373 20 22 0.100
32 401 18 30 0.088
157 398 17 32 0.079
674 303 16 20 0.078
218 363 17 17 0.063
641 521 40 62 0.053
330 305 16 16 0.051
178 367 18 21 0.046
0 399 10 28 0.041
971 310 25 24 0.041
473 255 14 17 0.040
668 302 32 19 0.039
768 293 17 22 0.036
693 415 25 36 0.034
680 310 14 18 0.033
472 252 11 12 0.032
994 303 15 20 0.031
205 262 16 24 0.031
667 302 15 19 0.029
556 345 20 23 0.028
615 323 15 16 0.027
321 274 15 15 0.026
209 415 31 38 0.025
206 256 14 15 0.025
11 402 35 30 0.024
615 293 13 16 0.024
327 295 16 21 0.024
204 277 15 21 0.023
986 305 21 22 0.020
