58_Hockey_icehockey_puck_58_191
82
475 134 41 50 0.803
505 24 16 20 0.791
446 58 16 19 0.774
810 83 41 51 0.773
916 59 19 22 0.770
925 25 17 20 0.750
451 23 16 19 0.750
674 26 16 19 0.750
561 54 15 18 0.741
503 58 16 20 0.739
738 63 16 19 0.737
97 14 16 21 0.729
869 28 16 20 0.726
574 27 16 19 0.719
139 35 17 20 0.703
593 33 19 20 0.698
741 28 15 18 0.691
796 34 17 19 0.668
75 18 15 19 0.640
26 25 15 20 0.622
398 63 13 17 0.521
1010 60 13 22 0.515
1012 33 11 17 0.402
794 65 14 18 0.400
514 0 15 11 0.391
343 140 10 13 0.386
768 0 14 16 0.376
141 21 16 18 0.328
253 34 15 21 0.323
140 26 17 23 0.314
373 26 16 19 0.312
297 0 14 14 0.286
878 0 16 17 0.241
796 68 34 32 0.201
903 7 14 17 0.181
824 0 17 20 0.131
326 3 12 15 0.123
43 20 15 18 0.109
43 33 18 22 0.108
923 0 15 10 0.097
805 27 20 19 0.086
61 15 11 15 0.085
817 21 18 21 0.082
821 0 18 38 0.080
881 2 32 18 0.080
774 52 13 16 0.072
215 16 15 18 0.071
530 10 18 20 0.061
361 0 14 10 0.059
822 17 16 21 0.057
0 42 14 21 0.048
300 2 41 16 0.043
445 48 19 32 0.043
44 16 23 19 0.042
537 13 13 17 0.042
642 52 15 20 0.041
812 21 16 18 0.039
537 3 13 23 0.039
526 14 14 18 0.038
48 10 17 20 0.038
979 0 15 16 0.037
595 8 12 15 0.036
790 63 21 25 0.035
578 0 13 10 0.034
521 0 18 14 0.032
368 25 15 20 0.029
520 0 23 29 0.029
254 23 14 20 0.029
219 19 14 17 0.029
418 26 15 29 0.028
908 0 14 16 0.028
821 25 17 20 0.028
799 66 42 46 0.028
586 127 19 21 0.027
325 114 13 15 0.027
358 15 17 19 0.027
531 0 18 11 0.024
420 40 14 20 0.024
0 28 10 32 0.022
816 33 17 17 0.021
415 16 17 29 0.020
337 135 13 17 0.020
