58_Hockey_icehockey_puck_58_306
52
465 124 27 33 0.791
570 129 23 26 0.761
295 133 31 39 0.750
956 44 17 20 0.741
869 155 24 29 0.740
515 165 28 35 0.720
773 62 15 16 0.711
589 167 25 27 0.708
121 134 34 34 0.708
928 43 15 18 0.675
870 19 15 17 0.617
823 45 16 19 0.583
688 131 22 28 0.553
734 61 14 16 0.540
785 0 23 21 0.388
814 77 13 15 0.360
323 94 23 27 0.354
389 90 25 30 0.299
998 86 13 16 0.190
811 165 27 27 0.182
813 60 12 15 0.167
430 136 20 24 0.147
695 129 22 28 0.144
742 150 25 35 0.128
304 130 31 37 0.101
996 66 10 12 0.097
394 128 23 25 0.082
859 42 15 15 0.076
456 89 22 25 0.067
812 54 15 18 0.059
316 131 24 33 0.054
878 38 13 16 0.052
692 108 18 27 0.052
668 153 25 32 0.050
687 117 20 36 0.044
395 118 32 31 0.041
673 145 25 33 0.037
865 37 27 17 0.037
332 97 19 24 0.033
391 100 29 31 0.033
994 60 14 18 0.031
725 75 13 16 0.030
750 155 31 33 0.030
853 37 15 17 0.025
358 120 32 31 0.025
810 145 29 38 0.024
866 42 18 17 0.023
681 129 20 27 0.023
416 126 23 25 0.022
693 105 15 19 0.022
792 0 21 16 0.021
801 143 29 44 0.020
