58_Hockey_icehockey_puck_58_558
64
490 305 37 48 0.822
153 391 32 41 0.819
347 157 31 41 0.818
169 209 33 43 0.817
850 89 29 39 0.798
122 170 27 37 0.796
165 85 30 36 0.767
293 113 28 40 0.756
880 162 29 34 0.753
370 106 25 39 0.742
256 168 30 35 0.742
456 326 32 44 0.728
775 62 31 35 0.727
494 51 31 40 0.711
230 217 27 39 0.701
552 0 31 34 0.701
875 48 28 36 0.693
211 124 28 33 0.640
957 85 28 43 0.625
289 48 25 35 0.609
469 43 20 26 0.605
430 94 30 36 0.601
919 123 28 40 0.596
347 65 24 29 0.574
199 57 22 27 0.487
0 113 8 37 0.442
109 26 23 31 0.430
403 34 23 31 0.421
48 160 25 28 0.402
303 5 28 32 0.388
330 260 31 38 0.305
159 266 23 27 0.251
5 194 21 25 0.186
47 113 27 37 0.174
649 120 54 50 0.167
165 16 25 29 0.146
59 204 24 31 0.116
281 11 22 26 0.113
992 22 18 24 0.111
981 0 22 20 0.102
254 0 23 17 0.096
149 92 21 29 0.086
647 119 37 40 0.086
50 134 23 27 0.081
78 106 21 32 0.067
48 113 21 25 0.059
897 42 21 24 0.052
115 426 31 37 0.051
779 76 26 31 0.048
521 304 29 40 0.042
719 5 26 25 0.040
321 107 21 30 0.036
58 213 26 32 0.035
492 39 29 33 0.033
476 43 23 33 0.033
255 0 41 24 0.032
477 101 22 31 0.026
1011 19 13 31 0.024
445 97 28 35 0.024
669 120 39 41 0.023
0 113 14 33 0.022
296 126 25 34 0.021
67 109 27 33 0.020
406 19 26 37 0.020
