58_Hockey_icehockey_puck_58_440
29
137 168 38 45 0.857
808 195 37 46 0.849
298 181 32 36 0.843
766 158 32 40 0.836
501 180 29 32 0.828
732 199 31 37 0.828
537 285 35 40 0.826
549 182 30 33 0.812
692 180 31 37 0.811
393 166 26 27 0.807
667 298 32 38 0.804
648 181 31 34 0.801
403 275 37 44 0.794
345 182 31 34 0.790
246 168 32 35 0.788
452 196 29 32 0.788
352 254 34 37 0.785
760 258 37 44 0.779
170 254 41 52 0.775
602 169 26 29 0.741
303 272 44 51 0.739
530 163 22 27 0.597
333 150 27 28 0.589
205 484 45 45 0.427
799 467 37 35 0.336
210 491 51 49 0.150
666 313 32 36 0.050
802 453 48 44 0.028
239 486 39 50 0.026
