58_Hockey_icehockey_puck_58_719
45
444 158 22 26 0.848
662 89 19 25 0.844
256 158 20 24 0.844
782 155 21 26 0.839
515 157 21 26 0.839
837 96 21 25 0.838
647 152 20 26 0.837
900 104 21 27 0.836
519 90 20 24 0.836
154 37 19 24 0.836
711 154 22 27 0.835
351 22 20 24 0.834
286 26 20 23 0.830
861 159 21 23 0.830
723 93 20 25 0.828
848 27 19 24 0.828
787 101 19 24 0.827
582 150 21 27 0.827
595 89 20 23 0.827
383 164 21 26 0.825
91 37 18 23 0.824
108 152 23 27 0.823
222 29 19 23 0.820
198 87 18 22 0.820
953 49 19 24 0.819
967 112 21 25 0.819
619 17 20 24 0.819
787 34 19 23 0.819
147 87 19 22 0.817
319 156 22 25 0.812
901 40 21 27 0.812
491 13 18 23 0.812
95 89 20 24 0.811
190 149 20 24 0.810
444 93 19 24 0.810
729 33 19 22 0.809
681 30 19 21 0.809
36 40 19 24 0.808
428 19 18 23 0.808
264 92 20 25 0.807
327 97 19 22 0.801
53 99 22 26 0.800
388 85 19 24 0.786
554 24 19 23 0.766
979 51 19 22 0.519
