58_Hockey_icehockey_puck_58_427
63
41 207 112 105 0.877
549 204 82 89 0.869
254 160 25 30 0.777
68 70 49 56 0.769
802 17 43 61 0.765
185 152 26 31 0.755
392 136 18 22 0.748
131 102 19 21 0.738
332 142 17 20 0.726
363 156 20 24 0.719
219 121 18 21 0.716
670 141 17 19 0.636
482 150 16 18 0.630
580 141 16 19 0.503
625 147 18 20 0.458
724 124 16 21 0.451
529 162 18 21 0.444
349 195 25 25 0.396
163 224 25 28 0.327
437 149 16 17 0.324
166 127 19 23 0.272
530 150 17 21 0.217
576 147 18 20 0.182
502 160 15 19 0.134
463 166 16 20 0.125
659 129 11 15 0.106
33 87 15 19 0.103
251 130 19 20 0.099
266 216 26 27 0.098
565 161 18 20 0.097
693 143 16 21 0.097
708 129 27 19 0.091
429 146 18 19 0.085
502 152 16 20 0.080
123 103 53 26 0.073
250 123 16 16 0.070
706 132 18 19 0.070
153 148 17 19 0.068
479 155 19 22 0.065
482 164 16 18 0.062
650 185 18 17 0.057
252 138 20 21 0.054
0 142 11 27 0.054
703 130 16 16 0.048
692 151 16 20 0.045
150 187 34 35 0.043
532 145 15 17 0.043
883 43 35 45 0.043
269 210 22 24 0.042
293 170 15 19 0.040
428 153 20 22 0.033
623 144 29 23 0.030
155 224 29 37 0.029
422 152 17 20 0.028
712 137 14 17 0.027
242 146 25 22 0.025
631 151 19 19 0.025
570 161 20 20 0.025
699 128 13 14 0.022
620 153 16 19 0.022
264 224 24 27 0.021
790 91 22 32 0.021
327 190 19 21 0.021
