58_Hockey_icehockey_puck_58_105
245
527 144 40 48 0.828
637 134 33 42 0.797
55 262 19 23 0.765
293 72 12 14 0.757
332 35 13 16 0.754
576 57 11 15 0.751
433 121 12 15 0.742
428 148 13 16 0.737
551 80 12 15 0.728
35 127 14 17 0.725
199 113 10 13 0.724
454 49 12 14 0.722
616 49 11 14 0.713
472 144 14 17 0.713
63 176 14 16 0.711
226 131 12 15 0.709
797 35 10 12 0.709
247 84 13 15 0.706
603 56 11 15 0.698
468 7 12 16 0.694
366 41 12 15 0.691
5 100 13 16 0.680
101 202 17 20 0.679
992 147 10 12 0.678
330 7 12 13 0.677
13 171 16 20 0.673
868 201 11 14 0.659
18 261 19 25 0.650
671 27 11 13 0.644
765 64 11 14 0.642
585 142 16 19 0.639
992 164 11 14 0.633
990 279 13 17 0.632
914 223 11 14 0.631
866 73 11 13 0.629
267 90 12 13 0.620
168 155 13 16 0.613
115 177 14 16 0.608
949 139 10 13 0.601
42 217 16 19 0.600
85 128 12 15 0.594
196 72 11 14 0.589
219 117 11 12 0.586
799 65 10 12 0.583
9 207 14 18 0.583
866 165 10 13 0.583
851 151 10 11 0.580
506 101 12 15 0.577
484 104 12 15 0.574
0 60 8 13 0.566
242 71 11 14 0.566
24 90 11 13 0.565
125 125 13 14 0.565
936 43 9 11 0.564
40 158 14 16 0.563
827 179 13 14 0.559
771 0 10 11 0.559
917 143 11 13 0.557
65 240 14 18 0.557
925 162 12 15 0.557
900 211 10 12 0.550
158 82 11 12 0.538
111 81 12 15 0.535
860 187 10 12 0.530
7 230 18 21 0.526
348 116 44 43 0.524
872 40 10 11 0.519
903 15 9 11 0.513
473 121 13 15 0.509
937 16 9 11 0.503
209 56 10 12 0.488
51 93 10 13 0.485
419 60 11 13 0.484
985 16 9 10 0.483
135 160 13 14 0.478
184 91 12 14 0.473
971 48 10 12 0.459
1008 80 9 11 0.458
962 147 11 13 0.455
504 150 13 17 0.453
886 138 12 15 0.451
727 61 11 14 0.437
833 151 9 11 0.398
889 162 10 12 0.377
934 73 10 11 0.374
65 159 12 15 0.374
1016 153 8 11 0.373
1014 278 10 13 0.372
987 83 10 12 0.354
169 100 12 14 0.352
221 233 20 24 0.329
821 5 10 11 0.316
563 51 9 12 0.312
143 101 10 12 0.312
737 29 10 11 0.311
42 242 16 20 0.309
1009 190 12 15 0.306
4 232 17 24 0.300
3 245 14 18 0.292
608 53 15 16 0.291
968 6 7 9 0.283
711 14 9 10 0.282
741 0 8 10 0.279
381 57 9 12 0.275
339 57 11 12 0.272
65 102 12 17 0.262
445 142 10 12 0.261
90 155 14 16 0.253
801 157 11 12 0.234
853 88 11 12 0.228
35 58 11 11 0.222
477 114 14 19 0.221
0 122 9 15 0.214
787 137 10 14 0.196
89 95 11 15 0.193
190 77 13 16 0.192
95 113 11 14 0.184
105 94 12 12 0.183
302 0 9 10 0.182
117 173 23 16 0.181
980 174 11 13 0.177
184 245 23 21 0.157
685 151 31 41 0.157
201 113 14 15 0.155
415 62 11 11 0.152
175 105 11 14 0.150
50 94 19 15 0.147
897 140 11 13 0.145
597 56 12 15 0.142
607 89 11 13 0.141
441 64 13 16 0.141
46 176 13 16 0.139
11 129 12 15 0.137
86 134 14 22 0.136
130 168 22 17 0.133
67 107 11 13 0.133
429 61 14 14 0.130
1018 262 6 11 0.125
529 102 9 12 0.124
476 100 14 41 0.121
353 96 47 58 0.119
422 58 12 13 0.119
94 151 13 15 0.118
182 162 12 16 0.118
13 232 19 19 0.116
1016 264 8 18 0.115
586 132 15 19 0.113
1015 205 9 13 0.111
445 68 13 17 0.106
296 97 11 13 0.104
113 170 38 21 0.103
930 78 11 15 0.101
1013 234 9 10 0.100
141 101 23 12 0.099
431 146 13 15 0.099
118 177 16 18 0.092
790 33 17 30 0.092
589 122 13 15 0.091
501 147 20 25 0.086
927 83 11 12 0.084
3 125 20 18 0.083
863 160 30 20 0.081
38 198 13 15 0.080
919 132 12 45 0.075
60 115 13 14 0.073
1 126 13 23 0.073
679 149 26 40 0.072
857 80 15 18 0.069
188 136 14 14 0.068
850 203 10 11 0.066
42 185 14 21 0.065
175 133 12 14 0.065
128 114 11 16 0.065
831 146 10 14 0.061
695 157 28 37 0.061
83 63 9 12 0.058
35 99 25 60 0.058
146 174 12 13 0.057
934 11 10 12 0.054
610 87 11 13 0.052
249 116 11 13 0.051
623 75 11 12 0.051
55 111 18 22 0.050
177 137 21 13 0.048
109 77 13 16 0.048
987 87 12 12 0.048
796 155 12 16 0.046
1011 165 10 13 0.046
33 223 14 20 0.046
432 119 12 32 0.045
23 60 9 12 0.044
113 112 19 14 0.044
87 84 11 14 0.044
135 98 18 15 0.043
823 2 8 10 0.043
874 43 11 12 0.043
31 57 11 12 0.043
656 0 9 8 0.042
861 202 12 14 0.042
1017 150 7 10 0.042
894 56 9 11 0.041
361 84 41 53 0.039
901 140 22 14 0.038
847 90 11 13 0.038
934 48 10 46 0.037
140 176 17 17 0.037
12 74 10 14 0.035
1 157 10 29 0.035
122 211 14 18 0.035
8 145 11 21 0.034
726 23 23 17 0.034
2 140 12 23 0.033
881 234 10 12 0.033
93 181 14 16 0.032
180 243 20 21 0.031
166 255 15 17 0.030
201 131 14 16 0.030
1011 292 11 15 0.030
165 152 13 17 0.030
279 101 12 14 0.030
12 218 33 89 0.030
176 247 21 21 0.030
787 155 12 15 0.030
930 1 9 9 0.029
982 176 12 13 0.029
374 56 30 14 0.029
921 162 12 14 0.027
738 0 10 36 0.026
151 104 15 14 0.026
274 97 21 14 0.025
842 103 9 13 0.024
28 89 22 14 0.024
187 52 18 99 0.024
250 115 13 20 0.024
935 45 52 12 0.023
68 87 46 31 0.023
201 110 10 13 0.023
502 141 13 25 0.023
690 162 23 27 0.022
931 198 9 12 0.022
149 73 48 51 0.022
823 181 12 15 0.022
60 94 12 14 0.021
36 63 12 17 0.021
458 64 17 15 0.020
