58_Hockey_icehockey_puck_58_405
46
542 3 29 33 0.830
517 235 35 42 0.826
685 70 33 42 0.824
624 3 34 33 0.819
132 61 36 45 0.818
756 177 33 38 0.808
601 80 30 39 0.805
673 188 30 37 0.804
418 85 30 40 0.803
959 30 28 33 0.786
291 1 33 30 0.782
862 0 31 30 0.764
897 151 30 37 0.736
502 268 31 42 0.705
481 96 33 39 0.705
604 190 28 36 0.680
430 0 36 30 0.665
622 279 30 35 0.611
182 26 33 42 0.610
364 102 32 36 0.597
737 254 33 46 0.388
760 2 36 28 0.380
381 201 30 33 0.251
721 266 36 43 0.220
713 0 31 27 0.184
808 119 29 36 0.182
257 0 28 19 0.116
280 114 49 50 0.105
500 0 31 27 0.095
271 43 38 45 0.081
688 30 27 30 0.079
367 270 36 50 0.078
622 184 31 33 0.074
277 58 42 51 0.065
77 0 35 33 0.064
285 88 48 48 0.054
582 270 19 36 0.049
303 135 49 57 0.045
140 0 33 27 0.037
398 4 26 24 0.032
369 2 31 34 0.029
488 270 29 36 0.028
769 256 26 33 0.025
807 107 29 36 0.023
170 0 26 22 0.023
840 398 27 36 0.021
