58_Hockey_icehockey_puck_58_937
104
226 52 25 29 0.843
640 81 23 29 0.835
588 134 20 24 0.824
452 87 22 28 0.813
26 6 22 25 0.811
37 277 29 32 0.810
671 120 21 29 0.809
226 94 21 27 0.808
133 67 22 27 0.803
883 43 22 26 0.802
524 117 20 25 0.802
4 61 25 32 0.801
866 81 23 29 0.801
173 36 21 25 0.800
89 135 21 29 0.799
928 72 22 26 0.798
226 181 21 26 0.795
458 209 28 30 0.791
844 23 20 26 0.788
427 89 20 25 0.788
251 3 18 22 0.787
509 93 20 25 0.783
601 83 22 27 0.780
329 60 23 28 0.773
524 60 21 25 0.767
397 136 19 24 0.766
227 22 21 23 0.751
494 1 20 22 0.748
595 54 20 22 0.742
448 50 18 24 0.741
630 29 22 24 0.741
13 145 25 26 0.736
370 9 19 22 0.734
157 132 23 25 0.724
961 46 20 23 0.718
798 1 18 18 0.696
292 271 28 27 0.658
556 0 20 20 0.652
984 9 19 22 0.630
375 79 20 24 0.629
303 89 18 28 0.611
958 118 20 26 0.599
949 0 19 12 0.566
883 115 20 25 0.566
92 84 17 25 0.498
139 12 21 23 0.497
433 31 19 23 0.431
756 0 20 14 0.400
158 91 23 27 0.348
352 132 18 23 0.347
725 0 23 20 0.315
766 67 23 26 0.284
330 123 19 26 0.254
538 1 19 18 0.240
892 1 19 19 0.228
841 51 17 22 0.222
814 200 26 39 0.181
333 127 40 26 0.175
26 219 22 24 0.153
1001 73 14 27 0.150
781 3 41 14 0.129
434 0 17 17 0.128
915 1 20 21 0.104
339 126 21 25 0.100
448 21 21 26 0.095
371 74 19 25 0.086
959 198 20 25 0.081
289 0 25 12 0.076
438 14 24 33 0.070
548 73 18 21 0.066
890 2 45 17 0.066
763 55 22 26 0.055
1012 55 12 29 0.051
760 51 20 21 0.051
413 22 22 22 0.050
377 87 18 22 0.048
281 0 24 12 0.047
452 27 20 46 0.041
793 162 19 27 0.040
551 235 21 35 0.040
624 12 22 34 0.040
146 18 25 23 0.037
172 85 19 27 0.036
953 3 22 21 0.036
624 11 17 21 0.035
902 192 17 19 0.033
581 114 16 21 0.030
718 1 21 19 0.027
762 3 24 15 0.026
161 138 21 25 0.025
499 86 16 24 0.024
22 209 24 27 0.023
979 126 20 28 0.023
170 3 16 18 0.023
259 0 20 20 0.022
155 23 17 20 0.022
157 109 22 27 0.022
1008 75 14 29 0.022
622 1 19 18 0.022
294 2 20 21 0.022
605 23 16 17 0.021
292 279 26 25 0.021
447 64 17 20 0.021
533 0 18 18 0.020
