58_Hockey_icehockey_puck_58_429
66
667 224 85 103 0.848
387 221 71 91 0.837
243 188 32 37 0.795
110 126 75 111 0.781
729 76 25 33 0.764
300 129 28 34 0.761
186 80 29 36 0.759
891 64 24 30 0.723
0 140 25 39 0.717
966 131 27 36 0.713
826 97 21 30 0.686
964 223 60 108 0.660
470 152 29 35 0.628
313 87 22 27 0.608
739 127 21 30 0.558
675 83 26 30 0.502
338 181 31 42 0.474
247 76 26 30 0.315
618 97 27 30 0.217
277 102 22 30 0.204
207 131 25 33 0.188
832 177 45 50 0.177
320 100 23 28 0.177
250 79 31 36 0.123
459 153 34 42 0.120
338 150 25 33 0.105
768 121 21 27 0.093
398 49 38 33 0.093
257 76 25 27 0.085
1008 144 15 23 0.085
919 110 24 32 0.084
0 48 14 47 0.081
207 125 22 27 0.072
768 80 19 28 0.069
1002 497 22 38 0.061
550 83 24 26 0.060
24 137 25 38 0.050
894 151 26 35 0.049
845 180 47 59 0.048
869 46 18 24 0.043
750 107 22 24 0.042
928 142 34 36 0.041
600 267 50 60 0.040
956 216 54 87 0.038
507 102 36 45 0.037
667 87 28 31 0.037
165 192 29 41 0.037
385 135 34 31 0.036
982 247 42 108 0.033
370 131 23 30 0.033
759 91 23 31 0.032
603 186 45 63 0.032
988 229 36 90 0.031
443 152 41 47 0.031
581 88 23 27 0.031
1011 452 13 30 0.031
503 58 28 33 0.029
758 109 26 31 0.029
325 99 22 57 0.028
30 73 27 30 0.026
905 145 54 36 0.024
817 159 49 58 0.024
506 115 28 37 0.023
625 100 28 31 0.023
460 95 33 45 0.022
641 159 46 53 0.020
