58_Hockey_icehockey_puck_58_164
289
705 320 29 32 0.782
680 176 15 18 0.767
13 125 14 17 0.766
570 153 13 15 0.766
814 125 13 15 0.765
752 131 13 15 0.765
75 179 14 17 0.760
154 102 13 16 0.754
283 145 15 18 0.753
636 173 14 18 0.752
151 146 14 16 0.751
814 71 11 14 0.751
276 175 14 16 0.748
53 120 14 17 0.748
327 21 14 17 0.746
189 102 13 16 0.744
844 93 11 14 0.742
894 151 13 14 0.741
661 35 11 15 0.741
676 50 12 15 0.739
489 118 22 26 0.736
688 31 12 14 0.736
971 152 11 14 0.736
710 89 11 14 0.734
195 123 13 16 0.734
603 89 11 14 0.733
718 176 13 16 0.732
116 189 14 16 0.731
850 36 11 14 0.730
554 83 11 13 0.730
27 74 13 15 0.729
185 179 14 18 0.729
193 63 10 13 0.728
65 150 15 18 0.727
78 92 12 14 0.726
776 64 12 15 0.723
763 36 11 15 0.722
314 39 14 16 0.720
819 89 12 16 0.718
55 60 12 14 0.717
969 196 14 17 0.715
625 86 11 14 0.714
774 94 11 15 0.714
936 155 11 14 0.712
925 91 12 14 0.710
949 68 12 15 0.709
630 109 12 15 0.708
107 129 15 18 0.707
448 29 11 13 0.707
886 90 12 13 0.707
546 50 12 13 0.705
698 132 12 14 0.704
665 83 11 13 0.702
847 155 13 16 0.700
237 153 13 16 0.700
349 40 12 15 0.700
257 128 13 15 0.698
175 82 12 15 0.698
419 133 12 14 0.694
741 88 12 15 0.693
832 32 12 15 0.688
398 82 11 13 0.687
921 59 11 14 0.679
472 25 11 15 0.677
561 66 10 13 0.677
933 203 13 16 0.677
421 67 11 13 0.676
607 120 12 15 0.675
708 70 11 13 0.674
668 114 12 14 0.666
540 129 13 15 0.665
957 95 10 12 0.665
136 36 12 14 0.661
207 77 12 16 0.660
455 133 12 14 0.659
769 195 49 50 0.657
817 49 11 14 0.651
284 25 12 15 0.651
169 41 12 14 0.649
619 25 12 15 0.646
1004 178 12 15 0.644
847 73 11 14 0.642
663 132 12 14 0.642
794 55 11 13 0.641
238 105 12 14 0.641
937 131 12 14 0.638
79 61 11 15 0.633
439 156 13 15 0.632
620 161 12 15 0.630
880 72 11 14 0.627
439 86 13 15 0.626
753 52 10 13 0.626
645 49 11 14 0.622
534 71 10 13 0.615
981 83 11 12 0.610
147 63 12 15 0.609
7 191 14 19 0.603
0 56 9 13 0.600
606 187 14 17 0.600
571 119 11 13 0.600
38 2 11 12 0.590
666 146 12 14 0.586
381 108 14 17 0.583
481 61 11 13 0.583
152 23 11 12 0.580
716 49 12 15 0.572
436 48 12 14 0.571
38 86 11 13 0.568
494 182 16 18 0.565
360 81 12 14 0.562
1005 154 12 15 0.562
788 34 12 14 0.558
605 63 11 13 0.553
749 73 10 14 0.548
638 73 11 13 0.533
79 20 10 14 0.530
715 37 10 14 0.512
375 63 11 13 0.506
0 4 9 12 0.494
785 129 13 15 0.489
611 52 11 13 0.481
860 57 12 12 0.477
466 44 11 13 0.446
664 137 12 16 0.429
567 240 38 39 0.420
392 42 11 13 0.413
608 56 12 16 0.392
504 49 11 13 0.386
491 86 12 13 0.374
1005 115 12 14 0.369
853 130 13 16 0.366
1009 220 13 15 0.363
908 75 13 15 0.357
115 62 11 13 0.347
581 106 10 13 0.342
520 82 11 14 0.339
940 184 10 13 0.339
68 16 11 10 0.311
62 42 11 12 0.298
28 15 11 12 0.285
277 162 14 29 0.243
666 112 11 26 0.234
521 120 11 14 0.230
214 117 12 16 0.228
899 131 11 14 0.225
181 27 10 11 0.224
235 131 10 13 0.223
144 2 9 11 0.216
744 84 12 17 0.211
535 87 10 13 0.205
109 5 10 12 0.205
382 49 11 14 0.203
0 90 8 16 0.197
457 153 14 15 0.185
907 56 12 13 0.176
716 133 11 13 0.168
30 174 15 19 0.168
1016 88 8 13 0.162
579 238 29 34 0.162
33 8 13 15 0.157
687 84 11 14 0.156
631 49 12 13 0.156
17 46 11 12 0.152
936 68 29 15 0.151
809 68 13 16 0.151
519 76 11 17 0.149
293 41 13 15 0.148
601 139 14 15 0.143
42 196 14 18 0.143
1012 207 11 15 0.140
605 212 15 18 0.136
119 61 12 14 0.135
13 50 13 15 0.128
975 84 18 14 0.128
825 33 32 16 0.126
32 16 13 13 0.118
187 63 20 24 0.115
882 62 11 44 0.109
990 210 13 16 0.105
908 6 9 9 0.104
955 67 10 50 0.103
889 58 19 14 0.101
749 214 14 17 0.099
665 73 10 51 0.098
605 137 13 15 0.097
450 151 16 17 0.097
936 123 12 59 0.097
176 53 29 25 0.096
38 57 10 12 0.094
7 152 14 19 0.092
942 49 11 12 0.089
117 114 13 18 0.089
188 153 14 18 0.087
668 53 12 51 0.087
1000 115 14 15 0.087
792 33 16 43 0.084
516 108 9 13 0.083
338 69 12 13 0.079
677 83 19 14 0.078
994 212 23 16 0.077
1000 80 10 10 0.074
115 221 13 15 0.073
457 127 38 19 0.071
135 101 13 15 0.071
517 78 16 20 0.070
494 77 12 16 0.070
0 212 11 17 0.068
441 91 10 13 0.067
75 82 12 16 0.067
440 27 21 26 0.066
605 40 11 81 0.065
770 146 11 13 0.065
710 33 10 77 0.064
491 48 27 23 0.063
497 87 11 12 0.063
46 17 14 12 0.062
434 53 15 65 0.060
672 28 19 42 0.059
164 21 18 48 0.058
38 187 16 23 0.055
877 170 12 14 0.055
114 16 11 13 0.054
450 34 27 19 0.053
117 105 14 20 0.052
254 125 13 16 0.052
965 128 11 13 0.052
903 26 10 12 0.052
851 59 12 24 0.050
120 108 19 21 0.048
178 26 11 11 0.047
1 26 9 11 0.047
610 116 17 16 0.047
3 154 14 25 0.047
787 37 12 16 0.047
932 120 11 13 0.047
587 96 23 13 0.047
627 64 12 77 0.046
623 66 26 47 0.046
382 101 12 17 0.046
982 69 12 49 0.045
42 2 12 12 0.044
740 55 11 14 0.043
522 86 15 14 0.043
0 126 8 17 0.042
420 65 37 50 0.041
118 216 12 17 0.040
783 120 12 15 0.039
519 66 15 18 0.038
466 0 16 81 0.038
494 141 13 17 0.038
985 116 12 14 0.038
110 2 15 11 0.037
957 181 11 13 0.037
10 132 15 20 0.035
565 127 56 40 0.035
875 136 13 14 0.034
870 88 75 18 0.034
513 57 14 19 0.033
148 14 9 12 0.033
738 95 12 15 0.032
566 214 14 15 0.032
567 86 12 13 0.031
186 146 14 19 0.030
816 22 13 117 0.030
809 111 12 17 0.030
983 112 13 14 0.029
6 151 19 75 0.029
0 170 11 18 0.029
614 17 42 57 0.029
688 80 10 13 0.028
736 102 11 13 0.026
310 9 59 70 0.025
935 207 15 16 0.025
204 81 13 16 0.025
379 73 19 19 0.025
767 57 68 32 0.025
642 151 11 15 0.025
964 125 17 14 0.024
104 141 13 19 0.024
661 293 24 27 0.024
740 53 23 23 0.023
403 47 11 13 0.023
0 102 7 25 0.023
120 2 14 10 0.021
943 54 13 17 0.021
1006 201 14 19 0.021
978 86 12 15 0.021
769 214 38 41 0.021
72 50 11 14 0.020
