58_Hockey_icehockey_puck_58_289
37
131 384 37 48 0.878
626 368 39 47 0.857
568 426 39 50 0.855
120 262 34 42 0.852
241 342 37 50 0.848
813 228 38 47 0.845
714 377 39 45 0.845
914 187 35 42 0.844
322 347 38 49 0.843
408 372 39 48 0.837
304 290 33 40 0.836
464 214 35 45 0.835
812 316 40 51 0.835
528 199 31 39 0.834
749 238 36 42 0.832
608 232 31 39 0.831
712 285 37 42 0.829
532 243 32 45 0.828
181 255 39 50 0.827
330 199 32 42 0.826
195 209 29 37 0.823
507 355 36 39 0.821
862 216 32 41 0.820
896 277 35 51 0.813
689 225 32 38 0.809
84 208 35 42 0.809
345 110 25 30 0.806
585 196 31 36 0.806
423 237 28 39 0.705
651 210 25 33 0.126
791 220 25 33 0.069
511 205 21 33 0.063
291 361 20 24 0.055
1014 131 10 51 0.052
1015 150 9 42 0.043
413 245 26 37 0.041
1016 116 8 47 0.021
