58_Hockey_icehockey_puck_58_76
31
95 30 41 50 0.823
519 75 77 99 0.819
305 59 48 64 0.757
45 10 17 21 0.629
244 20 16 18 0.578
1 28 16 22 0.461
975 65 16 22 0.362
911 63 16 20 0.248
839 8 16 19 0.179
831 69 16 20 0.154
159 26 21 22 0.108
40 25 18 25 0.095
38 34 17 20 0.076
1 37 14 20 0.071
907 56 18 22 0.049
181 108 26 36 0.046
448 3 23 24 0.045
303 3 25 18 0.043
132 31 20 24 0.042
0 3 11 21 0.040
41 17 17 27 0.040
202 30 15 18 0.036
454 8 27 38 0.031
119 24 32 37 0.030
504 8 27 32 0.030
90 6 16 21 0.027
177 29 19 19 0.027
274 46 21 27 0.026
118 1 24 30 0.022
298 7 26 24 0.021
29 33 20 19 0.021
