58_Hockey_icehockey_puck_58_288
211
285 340 34 39 0.856
866 226 27 33 0.855
783 329 34 40 0.842
752 241 26 33 0.837
176 243 35 39 0.831
671 336 25 29 0.830
713 355 29 33 0.827
107 237 34 39 0.826
838 255 34 38 0.817
246 295 29 36 0.813
518 306 21 26 0.813
401 355 30 33 0.797
661 388 25 27 0.797
218 269 27 31 0.795
462 399 27 31 0.793
604 384 24 28 0.791
791 283 31 33 0.789
557 367 23 27 0.787
695 414 26 30 0.786
619 318 23 26 0.782
785 224 22 28 0.780
444 322 22 27 0.779
567 318 23 26 0.777
482 318 22 26 0.772
400 303 24 26 0.771
361 284 26 31 0.766
548 288 19 23 0.754
529 250 21 24 0.747
496 269 20 22 0.745
621 238 19 21 0.741
362 390 33 40 0.741
564 243 19 21 0.736
319 265 23 30 0.735
731 221 23 25 0.734
272 268 21 24 0.731
641 269 23 28 0.731
444 289 21 24 0.720
603 258 20 24 0.714
460 261 20 23 0.711
330 240 21 23 0.695
406 259 21 24 0.683
361 254 16 19 0.673
586 251 17 22 0.671
600 234 17 20 0.661
693 253 23 30 0.660
816 245 22 28 0.653
476 260 16 19 0.544
501 373 22 26 0.487
726 316 24 27 0.438
769 211 14 18 0.386
452 240 13 14 0.372
695 233 19 19 0.351
511 261 19 23 0.311
497 243 15 17 0.299
290 251 15 19 0.286
477 252 16 20 0.286
835 209 11 13 0.282
325 314 23 28 0.267
669 243 17 20 0.265
282 247 17 18 0.253
560 405 24 27 0.249
583 231 13 14 0.240
605 250 23 27 0.234
440 365 27 31 0.234
390 341 24 31 0.215
503 306 15 20 0.206
668 210 16 20 0.194
752 206 13 16 0.176
324 244 23 48 0.174
391 238 11 12 0.172
512 233 14 16 0.168
432 270 17 20 0.165
294 187 7 6 0.164
687 218 13 16 0.158
627 372 19 24 0.155
566 219 11 12 0.154
595 234 24 29 0.154
697 279 20 27 0.152
690 225 17 21 0.149
165 237 11 14 0.129
609 216 10 11 0.124
599 231 17 17 0.119
438 269 16 19 0.118
155 263 15 16 0.114
241 250 14 15 0.112
448 247 15 18 0.110
542 365 18 25 0.107
547 235 14 18 0.107
489 244 26 18 0.105
702 204 12 14 0.100
608 216 19 12 0.100
438 235 12 15 0.099
334 287 16 19 0.099
628 201 9 11 0.097
223 222 10 11 0.096
375 252 13 17 0.095
623 219 13 14 0.091
863 211 10 12 0.090
242 270 21 24 0.086
580 289 20 21 0.082
683 224 14 16 0.080
140 258 16 20 0.080
231 248 17 16 0.078
117 193 8 9 0.077
429 276 16 20 0.076
673 204 13 18 0.073
668 214 30 18 0.073
582 358 24 27 0.073
307 185 7 9 0.072
809 227 17 19 0.071
650 476 26 30 0.067
588 297 22 26 0.067
291 284 18 22 0.064
748 193 9 12 0.064
540 355 20 24 0.061
519 228 25 20 0.060
299 218 6 7 0.060
657 293 18 22 0.058
635 404 23 27 0.058
427 220 10 12 0.057
249 263 16 19 0.055
821 214 11 12 0.054
225 240 16 20 0.053
733 199 11 9 0.053
372 240 13 23 0.052
515 232 17 15 0.050
715 220 16 18 0.049
820 238 22 27 0.049
455 243 41 27 0.048
589 202 8 9 0.048
895 232 16 27 0.047
808 221 14 22 0.047
587 221 11 19 0.047
450 204 7 8 0.046
438 222 10 30 0.046
405 254 18 22 0.045
450 371 25 30 0.045
613 198 11 23 0.045
553 264 16 20 0.044
308 240 12 17 0.044
441 250 13 15 0.043
532 230 20 16 0.043
300 251 14 16 0.042
480 395 25 30 0.041
459 228 16 20 0.041
164 235 15 24 0.040
319 178 4 7 0.040
768 218 16 19 0.039
614 193 9 21 0.039
521 233 22 28 0.037
836 212 13 16 0.037
373 238 11 12 0.036
672 197 10 13 0.036
625 384 21 27 0.036
230 238 14 24 0.036
373 276 20 23 0.036
862 213 15 15 0.036
254 255 17 15 0.035
576 357 21 26 0.035
333 247 19 21 0.034
404 181 7 6 0.034
211 248 22 16 0.034
818 199 9 9 0.033
265 174 7 9 0.032
394 215 8 10 0.032
499 238 38 24 0.032
332 277 18 24 0.032
542 367 32 27 0.032
428 204 8 14 0.032
705 183 7 9 0.032
487 324 21 26 0.031
648 203 13 13 0.030
519 279 17 20 0.030
643 201 11 11 0.030
351 234 12 15 0.030
535 352 20 24 0.030
219 221 16 10 0.029
320 205 8 9 0.029
295 290 21 22 0.028
481 228 21 14 0.028
316 230 11 13 0.028
546 403 30 30 0.028
778 203 15 19 0.027
551 254 17 22 0.027
366 253 21 27 0.027
637 223 17 21 0.027
265 176 7 8 0.027
601 311 20 22 0.026
207 220 12 18 0.026
570 283 25 24 0.025
208 183 7 9 0.025
639 201 17 14 0.025
817 195 13 29 0.025
631 238 24 21 0.024
260 252 18 23 0.024
203 239 19 25 0.024
862 210 18 11 0.024
630 177 7 9 0.024
606 203 16 25 0.024
210 183 6 7 0.024
269 246 25 12 0.023
609 209 28 25 0.022
687 187 8 9 0.022
299 217 9 9 0.022
812 199 13 9 0.022
630 394 24 28 0.021
429 215 19 22 0.021
496 224 23 28 0.021
102 276 15 26 0.021
285 220 8 33 0.020
446 202 12 18 0.020
