58_Hockey_icehockey_puck_58_458
41
426 159 46 57 0.838
794 146 46 55 0.834
626 136 40 52 0.833
979 66 27 33 0.832
898 13 27 34 0.812
384 32 32 43 0.804
957 12 25 34 0.796
559 108 36 51 0.786
93 52 43 50 0.767
316 109 40 54 0.744
302 56 34 42 0.743
850 144 28 37 0.738
958 158 30 37 0.717
222 113 43 53 0.634
177 106 43 55 0.622
1 106 42 49 0.610
98 121 40 46 0.609
734 149 42 49 0.492
115 122 41 47 0.245
277 140 40 41 0.220
989 36 22 27 0.185
0 0 21 28 0.172
461 3 27 29 0.172
262 141 32 36 0.135
522 152 41 51 0.124
353 149 35 43 0.105
723 154 44 51 0.098
238 106 34 49 0.090
1016 20 8 42 0.072
1010 99 14 35 0.070
209 0 42 32 0.040
206 107 48 52 0.036
1015 16 9 30 0.032
356 2 25 28 0.031
527 171 41 42 0.030
745 0 26 28 0.027
700 143 36 49 0.026
685 0 23 24 0.026
933 162 27 35 0.024
1009 24 14 30 0.022
302 106 36 49 0.021
