58_Hockey_icehockey_puck_58_807
89
465 17 35 43 0.862
654 116 37 49 0.858
246 159 37 46 0.852
792 6 29 38 0.851
973 0 34 30 0.849
313 357 40 48 0.849
602 252 38 46 0.846
610 500 39 50 0.844
541 587 37 51 0.844
881 555 37 46 0.842
381 484 41 51 0.842
729 127 33 42 0.841
888 120 33 41 0.840
679 454 31 43 0.840
783 332 36 44 0.839
377 618 44 56 0.837
537 14 39 46 0.836
874 12 36 38 0.835
356 21 35 41 0.833
367 251 39 52 0.833
382 143 39 51 0.833
586 337 34 42 0.829
617 593 39 54 0.825
209 373 37 47 0.823
991 123 31 38 0.821
124 230 43 42 0.821
258 21 35 50 0.819
281 241 39 44 0.819
651 212 36 45 0.817
153 34 39 50 0.817
452 242 36 47 0.816
106 363 41 44 0.813
632 19 38 49 0.812
816 129 26 42 0.811
481 244 31 44 0.809
338 504 32 39 0.807
268 274 32 44 0.807
559 126 37 44 0.806
562 239 32 41 0.804
287 475 42 52 0.803
861 429 30 46 0.801
231 470 38 50 0.800
22 542 40 53 0.798
761 29 30 39 0.798
929 321 36 47 0.796
761 446 36 42 0.789
472 138 34 42 0.789
144 167 37 43 0.771
981 547 38 44 0.767
51 124 43 59 0.765
742 239 32 42 0.762
43 401 37 51 0.741
0 613 27 57 0.741
0 9 17 53 0.717
542 518 41 43 0.688
470 599 34 46 0.456
95 15 37 48 0.222
1005 384 18 43 0.142
799 456 27 29 0.126
17 307 39 45 0.109
1 331 29 40 0.104
582 135 29 36 0.093
57 148 33 40 0.076
11 0 37 45 0.065
4 0 30 52 0.065
469 576 36 50 0.060
279 9 31 48 0.059
164 325 30 41 0.058
6 340 21 44 0.058
271 634 41 36 0.055
1018 324 6 34 0.055
684 0 31 24 0.053
0 0 13 40 0.046
0 588 15 47 0.041
927 134 30 35 0.038
689 0 38 19 0.032
384 1 28 37 0.031
52 0 34 25 0.030
35 411 35 46 0.028
129 546 36 50 0.028
938 404 37 42 0.027
290 254 30 42 0.025
296 485 39 52 0.025
725 10 27 28 0.024
0 54 9 49 0.023
8 0 29 37 0.023
109 11 37 49 0.023
70 0 55 42 0.022
911 23 26 31 0.020
