24_Soldier_Firing_Soldier_Firing_24_541
52
150 181 24 30 0.685
294 221 17 23 0.635
464 256 15 19 0.620
54 144 23 32 0.597
225 212 22 26 0.496
342 234 18 21 0.474
414 247 16 18 0.457
513 278 14 17 0.411
554 285 14 18 0.409
659 287 13 15 0.337
230 213 30 25 0.187
352 234 16 21 0.177
244 221 19 23 0.112
289 216 17 25 0.104
337 235 18 22 0.104
417 252 17 19 0.101
641 291 12 14 0.099
601 290 17 16 0.096
220 213 19 24 0.091
232 206 21 26 0.071
430 260 15 18 0.071
434 264 14 15 0.070
613 271 14 16 0.066
626 291 12 14 0.063
367 223 18 23 0.062
293 215 17 21 0.059
514 274 15 18 0.058
592 293 13 15 0.056
477 281 13 15 0.052
585 257 13 17 0.049
586 251 15 18 0.048
365 217 18 21 0.042
472 271 15 24 0.039
246 215 17 21 0.037
400 243 17 21 0.037
393 251 16 21 0.031
368 234 16 20 0.030
423 261 15 17 0.028
285 213 15 20 0.027
389 256 15 19 0.027
439 267 13 16 0.026
409 240 17 20 0.025
199 224 18 22 0.025
250 228 17 21 0.025
580 282 16 16 0.025
332 240 16 20 0.024
398 239 16 18 0.023
426 247 15 18 0.022
191 226 18 21 0.022
372 232 16 20 0.022
609 277 21 20 0.021
534 280 13 14 0.021
