24_Soldier_Firing_Soldier_Firing_24_312
81
507 236 18 22 0.747
898 225 19 23 0.746
572 226 17 20 0.734
547 228 16 19 0.729
682 226 18 21 0.700
633 229 18 20 0.686
793 224 17 21 0.656
445 226 21 23 0.644
135 245 19 20 0.642
950 230 20 20 0.638
758 233 16 19 0.615
738 233 17 19 0.608
21 243 23 24 0.600
308 246 17 18 0.576
1004 232 20 20 0.571
245 232 19 20 0.563
719 230 16 19 0.555
376 243 18 19 0.514
424 235 12 15 0.495
187 229 18 20 0.476
70 243 19 20 0.443
493 235 12 14 0.427
832 226 14 16 0.426
333 245 15 17 0.421
821 239 13 16 0.406
528 230 14 18 0.385
495 232 15 19 0.350
594 232 15 16 0.333
875 222 15 18 0.327
424 233 21 19 0.269
823 235 17 18 0.265
971 234 15 16 0.251
723 230 33 20 0.244
979 227 17 19 0.202
355 249 11 14 0.188
453 223 20 23 0.187
495 233 29 19 0.184
600 234 16 17 0.184
923 231 14 17 0.162
611 237 13 15 0.160
855 227 18 19 0.128
94 243 13 15 0.123
84 243 22 18 0.112
399 238 14 13 0.109
464 228 14 17 0.108
826 226 43 17 0.101
165 245 13 14 0.082
591 229 14 16 0.075
406 239 11 12 0.070
53 242 15 17 0.068
277 237 14 14 0.068
349 248 14 16 0.067
65 239 17 18 0.061
408 239 27 12 0.056
496 231 12 13 0.056
0 241 9 19 0.055
814 237 13 16 0.052
943 233 71 18 0.051
611 235 24 18 0.046
868 235 13 15 0.042
842 225 20 18 0.041
860 232 13 16 0.038
244 227 17 19 0.037
857 221 15 17 0.036
702 229 14 16 0.035
179 236 18 17 0.031
107 244 46 18 0.031
163 240 26 19 0.030
239 233 16 19 0.028
111 244 21 17 0.027
597 230 14 14 0.026
100 245 19 16 0.026
573 222 17 18 0.025
458 230 16 19 0.024
100 243 14 13 0.023
641 231 16 17 0.022
316 242 14 15 0.022
467 226 15 17 0.022
969 231 22 23 0.021
685 220 16 18 0.021
447 219 19 21 0.020
