52_Photographers_taketouristphotos_52_327
89
124 726 68 42 0.755
407 699 12 15 0.667
866 694 16 25 0.655
278 733 41 35 0.622
517 701 12 14 0.588
457 708 13 15 0.538
736 700 9 11 0.474
430 696 11 12 0.396
751 688 8 9 0.394
807 673 6 9 0.298
340 702 11 14 0.256
675 679 8 9 0.252
716 700 8 9 0.242
495 702 9 10 0.228
383 685 8 10 0.212
620 715 8 12 0.187
389 700 11 11 0.169
576 694 9 11 0.164
335 699 12 16 0.126
577 691 9 9 0.113
643 693 7 10 0.113
212 691 6 8 0.101
453 684 7 9 0.101
465 708 10 12 0.100
574 692 15 11 0.093
584 693 11 9 0.091
860 696 15 21 0.090
588 694 7 9 0.085
976 684 8 9 0.080
945 697 8 10 0.080
384 683 9 26 0.079
693 699 8 10 0.077
381 688 9 10 0.074
331 703 10 11 0.074
731 699 16 14 0.058
614 679 6 6 0.054
335 705 11 13 0.054
250 688 8 9 0.053
915 677 8 9 0.052
331 686 11 12 0.051
726 686 8 8 0.051
213 692 9 9 0.051
231 697 7 9 0.050
521 700 11 13 0.049
724 684 7 9 0.046
872 691 12 17 0.042
96 706 7 10 0.042
84 688 6 7 0.041
677 702 11 9 0.039
11 691 8 7 0.039
864 684 8 9 0.038
299 696 8 9 0.038
977 682 11 11 0.038
620 701 8 30 0.037
661 700 7 10 0.036
341 692 12 23 0.036
901 690 11 16 0.036
245 697 9 19 0.035
603 687 13 12 0.034
425 691 10 9 0.034
245 718 9 11 0.034
392 698 15 14 0.034
669 677 8 23 0.032
423 693 14 15 0.031
599 689 21 8 0.031
133 682 6 9 0.030
95 701 7 22 0.029
248 702 11 9 0.029
900 695 12 16 0.029
541 682 7 8 0.028
40 699 6 7 0.028
509 680 7 8 0.028
114 696 7 9 0.027
492 708 9 9 0.026
863 683 20 11 0.026
249 685 7 28 0.026
751 708 8 10 0.025
297 692 11 13 0.025
623 699 8 14 0.024
7 691 6 8 0.024
668 701 19 11 0.024
555 690 10 15 0.023
392 690 23 23 0.023
239 750 18 18 0.023
788 677 6 9 0.023
43 692 6 6 0.022
569 696 11 12 0.022
247 718 9 12 0.021
611 686 13 22 0.021
