52_Photographers_taketouristphotos_52_9
27
208 658 19 22 0.585
760 574 46 84 0.567
451 444 189 202 0.509
53 260 19 24 0.471
369 659 23 23 0.418
327 273 17 19 0.340
129 265 17 20 0.300
249 683 11 14 0.146
255 270 18 21 0.139
773 581 50 83 0.138
19 617 10 11 0.116
75 655 11 15 0.077
175 664 12 13 0.070
178 664 14 15 0.064
601 292 29 36 0.064
568 316 17 21 0.062
114 660 13 16 0.059
374 303 15 17 0.055
367 662 29 31 0.042
683 559 53 60 0.039
1003 514 21 29 0.036
995 616 29 49 0.033
296 270 23 18 0.030
246 681 17 19 0.028
255 678 16 18 0.026
45 668 10 11 0.025
138 673 11 14 0.024
