52_Photographers_photographertakingphoto_52_801
36
283 828 37 47 0.832
492 842 19 24 0.654
617 839 16 20 0.581
43 832 25 30 0.539
137 822 23 28 0.464
359 830 14 17 0.415
229 853 23 27 0.277
677 829 18 22 0.259
0 844 20 30 0.162
29 834 28 32 0.142
702 804 18 22 0.142
138 818 29 58 0.139
139 852 40 56 0.127
792 787 20 24 0.124
0 844 41 34 0.058
657 860 15 18 0.052
342 839 15 19 0.052
563 828 15 17 0.047
221 846 27 36 0.044
904 772 12 13 0.035
232 859 24 30 0.034
351 830 15 18 0.032
695 805 19 21 0.032
15 860 31 36 0.032
599 841 15 17 0.032
997 743 13 15 0.032
879 810 10 11 0.030
588 837 22 18 0.028
660 844 18 28 0.027
679 835 18 21 0.026
67 828 21 24 0.026
143 816 28 37 0.024
991 743 22 17 0.022
522 838 15 17 0.022
232 839 25 32 0.022
969 757 15 15 0.021
