52_Photographers_taketouristphotos_52_760
45
989 9 19 24 0.795
802 3 16 21 0.785
915 12 17 25 0.784
689 9 15 19 0.778
862 11 18 24 0.778
733 8 16 20 0.771
650 5 14 19 0.766
448 215 9 10 0.431
839 184 14 18 0.334
692 210 10 13 0.328
275 213 9 12 0.282
612 236 13 13 0.209
663 193 11 13 0.195
471 181 7 9 0.127
552 188 9 11 0.125
866 179 12 23 0.124
402 207 8 9 0.120
800 347 10 11 0.109
615 234 11 11 0.108
607 241 12 13 0.090
705 343 15 17 0.085
76 277 11 13 0.084
277 213 10 13 0.076
864 185 15 26 0.074
543 222 9 10 0.065
927 3 13 15 0.058
868 169 10 24 0.052
411 218 8 10 0.046
812 202 9 11 0.041
869 165 10 13 0.036
915 7 21 24 0.034
547 245 13 17 0.034
657 197 11 12 0.033
653 229 13 14 0.031
841 180 12 17 0.028
274 210 9 9 0.025
413 205 9 10 0.025
402 204 18 23 0.024
542 225 11 13 0.023
547 241 11 14 0.022
834 353 9 11 0.022
792 111 15 18 0.021
821 22 14 19 0.021
528 201 8 11 0.021
603 177 8 9 0.020
