37_Soccer_soccer_ball_37_359
65
338 148 18 21 0.758
390 145 17 21 0.750
485 137 17 19 0.707
7 125 21 24 0.641
914 292 6 7 0.296
858 298 7 8 0.226
874 265 7 7 0.179
741 280 9 9 0.164
743 279 8 9 0.161
928 290 7 8 0.152
728 296 8 11 0.147
743 286 8 9 0.131
986 252 7 8 0.130
1016 254 6 8 0.116
753 284 8 9 0.114
898 292 7 7 0.110
844 271 7 8 0.104
941 287 7 9 0.102
888 266 6 7 0.096
1012 256 8 9 0.095
894 293 8 8 0.091
781 270 8 7 0.081
1013 294 7 8 0.074
833 260 6 8 0.074
889 265 7 9 0.074
895 295 8 9 0.072
555 297 26 28 0.066
759 279 8 9 0.064
1011 293 7 8 0.064
934 254 6 8 0.063
481 212 22 26 0.059
985 290 8 8 0.056
641 108 20 21 0.056
894 290 10 14 0.054
832 259 6 7 0.051
916 292 23 7 0.049
999 252 7 8 0.047
652 166 36 34 0.046
796 276 7 10 0.046
776 274 7 10 0.045
954 254 7 8 0.042
753 277 12 18 0.042
22 197 13 15 0.041
563 253 19 20 0.037
0 249 18 43 0.037
931 257 15 9 0.035
959 254 7 7 0.035
928 295 8 10 0.034
764 279 21 8 0.034
876 266 24 7 0.032
999 277 8 13 0.032
803 269 18 8 0.029
922 292 25 8 0.028
727 282 8 9 0.028
841 265 17 17 0.028
972 254 11 8 0.026
886 297 8 9 0.026
783 268 6 6 0.024
973 282 11 22 0.024
644 161 31 36 0.024
811 260 6 19 0.024
801 266 6 7 0.022
936 250 8 26 0.022
960 272 7 31 0.022
840 299 7 18 0.020
