37_Soccer_soccer_ball_37_15
124
282 329 13 16 0.777
417 321 14 18 0.777
243 330 14 17 0.774
658 378 12 15 0.768
236 369 14 17 0.764
585 339 14 17 0.753
498 344 14 16 0.745
391 338 14 16 0.737
575 357 13 17 0.723
339 335 13 16 0.723
322 387 14 16 0.699
656 335 13 16 0.694
318 359 14 16 0.693
612 363 13 17 0.690
706 355 13 15 0.687
332 409 14 17 0.684
544 351 13 17 0.678
470 364 12 15 0.678
294 404 14 17 0.667
830 345 13 17 0.659
626 343 13 15 0.657
532 378 14 16 0.653
781 368 13 16 0.640
806 356 12 13 0.635
287 350 13 16 0.627
684 361 12 15 0.627
754 336 13 15 0.626
746 373 12 15 0.608
723 348 11 14 0.601
200 339 13 17 0.600
286 379 13 14 0.592
820 367 12 15 0.581
948 468 12 15 0.547
984 537 13 20 0.546
23 666 17 21 0.524
373 378 13 16 0.478
779 348 12 14 0.450
678 347 13 13 0.405
347 359 11 13 0.405
314 546 12 15 0.402
373 381 14 21 0.334
373 393 14 15 0.321
952 510 14 18 0.315
872 615 14 20 0.304
888 530 13 17 0.298
275 394 14 17 0.276
891 528 13 17 0.269
812 728 18 19 0.265
850 362 11 13 0.260
476 347 13 16 0.257
282 385 13 17 0.254
119 688 17 19 0.229
583 337 13 27 0.219
820 687 12 17 0.217
261 545 13 13 0.209
1001 481 11 13 0.203
473 354 13 17 0.203
694 377 12 13 0.195
699 375 12 15 0.182
754 350 12 16 0.176
907 464 16 17 0.170
327 394 16 31 0.160
781 352 13 36 0.157
0 622 12 22 0.153
753 344 14 16 0.135
287 345 13 45 0.134
610 726 16 18 0.128
691 356 31 16 0.128
486 520 14 17 0.125
688 364 18 21 0.117
668 346 23 15 0.114
703 360 13 18 0.112
541 381 12 15 0.111
273 390 13 17 0.110
538 341 13 55 0.106
307 549 11 13 0.097
193 359 14 16 0.090
551 525 12 15 0.089
786 350 11 13 0.086
533 527 15 17 0.086
952 517 12 17 0.082
195 345 14 26 0.081
324 393 14 18 0.079
764 353 13 16 0.078
395 737 14 17 0.071
121 682 18 19 0.066
252 533 15 16 0.064
248 530 15 18 0.059
190 357 13 17 0.052
250 687 12 20 0.051
719 501 12 17 0.048
275 400 13 16 0.048
230 330 77 17 0.047
661 353 12 16 0.047
201 335 13 16 0.047
355 320 13 13 0.047
369 345 12 14 0.043
821 327 19 72 0.043
888 568 14 16 0.041
361 379 20 17 0.039
935 488 12 13 0.038
820 401 13 13 0.038
661 409 11 13 0.035
514 528 11 14 0.034
731 383 11 14 0.034
511 385 11 14 0.034
281 500 13 13 0.033
790 454 13 16 0.033
356 377 14 16 0.033
655 356 15 19 0.032
424 534 12 17 0.031
757 446 12 14 0.031
523 527 23 16 0.030
679 342 14 14 0.028
735 380 22 15 0.028
820 514 13 17 0.025
917 506 12 15 0.025
254 361 12 15 0.024
281 537 13 15 0.024
253 480 16 19 0.023
369 393 13 16 0.023
247 692 13 17 0.023
851 352 11 12 0.021
748 405 11 13 0.021
