37_Soccer_soccer_ball_37_573
49
663 223 35 46 0.823
636 262 31 40 0.768
349 24 45 41 0.699
970 384 13 17 0.311
183 371 29 34 0.248
153 390 19 26 0.198
794 413 12 14 0.131
180 367 26 30 0.130
900 418 11 13 0.128
159 388 20 27 0.075
927 399 10 13 0.072
902 399 12 14 0.071
190 368 34 30 0.069
184 386 27 27 0.058
852 425 9 18 0.056
174 368 24 33 0.056
819 426 9 21 0.054
147 394 18 22 0.053
844 393 8 21 0.053
761 478 7 8 0.050
893 399 20 12 0.049
206 369 24 27 0.042
817 431 9 12 0.042
873 408 8 21 0.041
1015 424 8 12 0.040
870 478 9 9 0.040
745 481 7 10 0.039
761 470 7 19 0.035
846 424 14 23 0.034
883 399 12 17 0.033
970 391 13 17 0.031
856 402 12 22 0.031
866 442 10 10 0.029
871 473 8 20 0.029
344 33 44 43 0.028
884 461 7 9 0.027
940 457 9 11 0.026
1016 410 7 28 0.026
897 391 13 21 0.025
818 442 9 25 0.025
818 493 8 10 0.025
827 413 21 21 0.023
819 393 10 36 0.023
1010 406 11 12 0.023
231 524 7 7 0.022
794 408 32 21 0.022
734 466 8 10 0.022
310 518 7 9 0.021
819 425 7 45 0.020
