37_Soccer_soccer_ball_37_619
154
539 271 23 29 0.830
488 49 23 29 0.823
264 51 22 29 0.818
219 294 22 29 0.815
176 320 23 30 0.814
555 190 21 28 0.807
676 53 23 28 0.806
440 38 24 28 0.803
709 274 23 30 0.801
195 124 24 28 0.801
413 304 21 28 0.799
440 294 26 34 0.798
562 349 29 36 0.798
795 280 23 28 0.798
346 180 22 28 0.797
746 172 24 29 0.796
27 175 26 30 0.794
636 182 24 28 0.792
759 379 23 29 0.791
595 62 21 26 0.788
270 358 28 37 0.787
252 194 23 29 0.782
547 159 21 27 0.782
53 301 24 31 0.781
415 200 23 29 0.780
408 91 24 29 0.780
298 194 22 27 0.778
677 315 25 32 0.777
981 272 22 27 0.777
127 139 23 27 0.774
80 74 24 31 0.773
188 199 23 29 0.772
685 125 23 28 0.771
738 116 21 28 0.769
81 294 21 28 0.767
709 244 24 28 0.767
175 66 21 26 0.767
877 243 22 28 0.767
941 197 22 29 0.764
1 92 22 30 0.761
328 43 22 28 0.757
587 137 21 25 0.752
925 76 21 27 0.749
531 333 22 27 0.745
123 203 21 26 0.742
509 5 20 25 0.733
123 73 20 25 0.730
500 333 26 37 0.729
835 266 20 27 0.720
118 326 21 29 0.717
791 256 23 27 0.714
842 372 22 28 0.702
741 46 21 25 0.700
935 39 18 23 0.692
0 328 21 31 0.686
960 351 22 31 0.680
913 149 20 25 0.680
248 0 21 23 0.672
954 10 21 25 0.664
274 283 20 25 0.661
836 149 20 26 0.659
290 304 21 27 0.638
659 121 19 26 0.636
465 130 25 33 0.634
366 268 22 30 0.629
628 262 20 25 0.621
955 136 21 29 0.612
853 293 21 25 0.588
48 224 20 23 0.565
970 370 22 27 0.542
882 375 19 27 0.478
464 295 20 25 0.476
659 330 19 33 0.471
790 309 20 25 0.466
962 357 26 33 0.430
115 43 17 22 0.419
18 216 21 24 0.383
637 15 18 21 0.354
988 330 20 28 0.309
425 13 18 22 0.280
579 0 21 16 0.254
120 246 22 28 0.251
968 40 19 22 0.244
42 236 28 34 0.243
122 251 28 31 0.219
279 286 24 28 0.217
119 45 18 43 0.205
259 100 20 24 0.205
804 140 18 25 0.204
937 0 16 17 0.187
756 281 19 24 0.180
115 250 19 27 0.167
670 103 18 22 0.165
298 0 22 16 0.132
879 297 25 28 0.115
88 191 22 27 0.110
924 386 17 24 0.108
527 39 21 26 0.108
987 77 17 24 0.106
671 23 19 25 0.101
108 116 21 23 0.101
850 2 22 23 0.100
127 245 21 26 0.097
640 299 20 34 0.096
130 258 22 26 0.090
803 24 19 23 0.083
328 120 25 30 0.082
915 181 18 23 0.080
455 104 20 25 0.075
302 142 24 30 0.071
131 110 19 23 0.071
428 146 20 29 0.065
66 173 19 24 0.064
39 242 22 28 0.062
645 287 17 26 0.061
115 115 30 24 0.060
835 323 19 24 0.059
638 306 32 38 0.059
945 7 21 24 0.057
897 229 15 21 0.053
750 151 18 21 0.053
981 310 23 26 0.048
621 261 20 25 0.043
132 147 22 27 0.041
48 233 22 27 0.040
0 375 7 33 0.040
802 132 17 25 0.040
889 297 21 28 0.040
9 250 16 24 0.039
209 207 18 23 0.038
946 275 18 21 0.035
70 179 26 26 0.035
850 376 20 27 0.034
463 302 20 27 0.032
392 199 21 26 0.029
504 10 21 28 0.027
669 15 20 25 0.026
475 345 24 32 0.025
992 308 24 26 0.025
81 189 22 27 0.025
630 345 17 23 0.025
878 381 19 24 0.024
914 162 20 32 0.023
613 342 31 26 0.023
489 105 23 27 0.023
1006 330 14 29 0.022
528 88 22 29 0.022
327 0 23 8 0.022
695 0 20 14 0.022
635 311 21 28 0.021
608 341 23 27 0.021
927 116 22 29 0.021
942 268 20 26 0.021
13 215 23 43 0.020
