37_Soccer_Soccer_37_709
32
76 345 36 45 0.816
830 268 28 33 0.798
526 211 32 42 0.523
1003 330 21 36 0.397
956 18 17 21 0.218
788 369 24 29 0.120
912 96 14 16 0.113
867 339 31 44 0.103
1009 213 15 20 0.088
485 153 30 30 0.079
820 9 17 20 0.056
979 264 15 17 0.054
623 286 26 33 0.049
956 12 17 20 0.046
845 295 27 36 0.035
895 39 20 24 0.034
905 210 11 14 0.033
990 193 14 15 0.033
855 336 30 45 0.032
989 269 27 25 0.032
974 198 11 14 0.031
889 84 14 17 0.030
782 370 22 28 0.029
1001 272 21 28 0.027
942 12 28 21 0.027
944 195 13 14 0.025
790 73 19 24 0.024
536 219 23 29 0.022
936 6 16 20 0.022
966 126 13 17 0.022
1012 6 12 14 0.022
980 50 13 16 0.020
