37_Soccer_Soccer_37_526
34
567 165 20 25 0.830
301 171 18 23 0.830
638 165 19 26 0.824
709 169 20 24 0.817
429 156 20 26 0.816
135 177 18 22 0.814
255 171 18 23 0.813
163 175 17 21 0.812
791 183 17 21 0.806
344 166 20 24 0.803
32 172 17 22 0.802
385 162 20 26 0.802
461 173 20 25 0.800
760 177 19 23 0.799
97 180 17 21 0.798
874 183 16 21 0.797
219 175 17 21 0.796
735 173 18 24 0.796
905 185 17 21 0.796
669 170 19 25 0.795
193 178 16 20 0.791
927 185 16 21 0.790
513 160 21 26 0.790
816 182 18 22 0.787
62 183 17 21 0.777
847 184 19 24 0.777
597 165 21 26 0.776
950 197 15 18 0.757
961 170 16 20 0.653
913 186 41 20 0.115
784 184 55 19 0.103
847 174 15 18 0.070
956 191 16 20 0.032
947 191 21 28 0.031
