37_Soccer_soccer_ball_37_89
330
916 187 37 51 0.825
636 166 37 46 0.820
22 195 27 37 0.792
521 205 37 44 0.775
762 218 42 52 0.712
164 140 14 16 0.635
334 347 42 35 0.624
361 140 15 18 0.595
440 155 16 20 0.571
66 136 16 20 0.559
748 117 16 19 0.548
557 133 17 19 0.529
30 157 14 16 0.520
171 157 15 18 0.503
154 113 17 19 0.498
90 173 16 19 0.497
116 135 18 19 0.497
399 152 14 18 0.492
390 191 16 19 0.491
96 153 17 18 0.488
366 179 15 18 0.477
435 190 20 23 0.475
331 85 15 18 0.462
138 156 15 18 0.459
597 137 16 17 0.454
699 128 15 18 0.440
730 156 15 18 0.422
258 86 14 16 0.422
322 155 16 19 0.413
330 62 15 17 0.394
169 63 14 17 0.394
191 93 14 17 0.391
225 135 16 18 0.381
592 11 15 20 0.380
155 92 14 17 0.379
473 151 17 19 0.377
264 151 16 18 0.369
298 62 14 17 0.367
322 109 15 18 0.364
753 13 17 18 0.362
442 94 18 19 0.358
354 198 16 19 0.352
258 127 16 19 0.350
122 92 15 16 0.345
291 159 14 18 0.342
519 143 12 15 0.331
999 174 19 21 0.330
469 128 16 19 0.326
963 192 19 24 0.326
773 159 15 18 0.324
227 110 13 16 0.323
349 110 16 18 0.316
364 66 18 18 0.315
488 186 17 25 0.305
335 125 15 20 0.299
600 92 15 18 0.297
56 101 14 17 0.291
629 93 14 17 0.289
427 131 19 20 0.285
266 109 15 18 0.283
488 190 22 30 0.280
239 61 14 16 0.277
28 127 14 17 0.276
64 181 16 18 0.272
737 96 14 17 0.267
491 82 16 19 0.267
718 174 18 20 0.254
498 111 18 21 0.246
221 186 17 17 0.244
385 29 19 25 0.243
442 227 19 23 0.237
559 0 16 16 0.234
53 70 15 18 0.232
267 67 14 16 0.230
526 16 20 22 0.229
852 11 17 18 0.228
29 89 15 18 0.225
795 101 17 19 0.206
639 127 16 19 0.202
86 23 15 17 0.197
325 111 19 23 0.197
473 172 15 19 0.194
173 85 13 16 0.193
218 87 14 16 0.192
496 133 18 21 0.184
0 118 10 18 0.184
908 17 17 20 0.183
631 110 15 19 0.179
783 118 15 17 0.174
121 65 17 20 0.173
495 12 16 18 0.168
565 103 16 19 0.161
997 67 14 17 0.161
524 107 19 23 0.158
758 93 16 18 0.156
181 21 14 16 0.156
460 37 16 18 0.154
331 65 15 38 0.152
380 109 16 18 0.151
757 177 18 20 0.150
59 102 17 19 0.150
1011 4 13 22 0.150
1 93 11 15 0.142
70 111 13 15 0.140
358 187 18 22 0.138
288 112 16 18 0.134
317 60 30 16 0.131
10 141 12 14 0.129
137 20 13 15 0.127
930 143 15 17 0.125
965 65 17 19 0.124
803 36 17 20 0.124
694 2 15 18 0.122
460 52 17 21 0.122
788 108 18 19 0.120
343 37 14 18 0.120
297 33 14 17 0.118
463 184 18 21 0.117
630 88 15 34 0.114
662 7 15 22 0.112
317 146 34 26 0.111
360 99 14 16 0.111
532 93 15 17 0.109
847 134 16 18 0.108
426 51 21 25 0.106
633 44 16 18 0.104
525 61 19 21 0.104
36 111 16 18 0.103
161 163 17 20 0.102
403 70 16 18 0.102
459 37 17 34 0.101
987 115 16 19 0.100
215 25 13 16 0.099
892 71 17 18 0.099
193 174 15 19 0.097
473 128 16 63 0.097
122 72 15 43 0.094
624 14 20 22 0.093
156 170 17 19 0.092
698 93 14 17 0.090
265 174 16 19 0.090
30 91 22 24 0.087
635 121 18 25 0.087
18 66 16 18 0.086
900 140 15 17 0.084
383 25 19 21 0.084
261 156 50 17 0.083
821 5 15 16 0.082
173 158 23 19 0.082
194 134 17 19 0.082
765 165 20 20 0.082
561 193 22 28 0.080
704 39 18 19 0.080
590 199 16 21 0.080
927 119 15 17 0.077
13 56 16 18 0.077
557 155 17 21 0.076
567 170 16 19 0.075
181 129 15 16 0.075
32 116 17 19 0.075
955 38 17 19 0.074
893 119 12 16 0.073
693 150 14 17 0.072
969 90 16 19 0.071
768 40 18 22 0.069
97 94 13 15 0.067
52 47 14 17 0.066
513 139 16 19 0.066
968 22 14 18 0.065
20 16 14 15 0.064
821 94 15 18 0.064
393 85 17 20 0.063
229 160 17 21 0.063
322 95 19 24 0.062
137 163 16 23 0.062
126 197 14 16 0.062
941 9 17 16 0.061
663 37 16 20 0.060
955 133 18 19 0.060
452 6 17 20 0.060
201 38 14 17 0.059
0 155 9 17 0.059
209 65 16 20 0.059
899 46 14 17 0.058
239 15 15 17 0.058
16 0 14 14 0.057
389 107 17 21 0.056
232 136 15 17 0.056
635 0 16 13 0.056
271 21 14 17 0.055
113 49 16 21 0.052
115 18 12 14 0.052
460 129 19 18 0.052
485 112 31 44 0.051
600 41 16 20 0.051
597 115 15 18 0.051
284 82 14 22 0.051
896 55 15 39 0.049
705 0 19 19 0.049
99 128 14 18 0.048
311 207 17 18 0.048
262 97 15 21 0.047
173 133 23 17 0.047
76 2 14 17 0.046
296 158 17 19 0.046
792 0 17 13 0.045
691 27 14 16 0.044
419 8 16 18 0.044
596 157 17 19 0.044
242 33 14 18 0.043
829 176 19 21 0.043
529 92 23 42 0.043
285 91 15 18 0.042
156 126 29 63 0.042
1 142 14 25 0.042
713 142 15 17 0.042
421 46 21 22 0.041
225 135 18 34 0.041
41 0 13 14 0.041
101 133 21 18 0.041
818 77 14 15 0.041
206 0 15 16 0.040
932 96 15 18 0.040
333 58 19 18 0.040
569 64 14 16 0.040
148 66 14 17 0.039
292 196 18 20 0.039
381 311 29 28 0.038
302 185 18 19 0.038
963 52 19 35 0.038
379 105 22 26 0.038
995 0 13 11 0.038
209 104 14 17 0.038
207 25 19 24 0.037
275 73 16 19 0.037
360 199 15 19 0.037
55 18 15 18 0.037
17 0 17 23 0.037
1 129 13 23 0.036
182 91 53 21 0.036
886 113 17 19 0.036
191 168 15 17 0.036
710 0 16 15 0.035
23 73 34 38 0.035
27 159 15 18 0.035
28 153 19 23 0.035
669 94 13 14 0.035
966 61 18 35 0.034
806 160 14 17 0.034
50 23 16 20 0.034
391 94 19 29 0.034
572 87 15 16 0.034
212 83 16 19 0.034
150 165 17 19 0.033
286 206 18 21 0.033
660 59 17 18 0.033
388 91 18 23 0.033
83 12 18 31 0.032
632 17 17 55 0.032
131 173 20 18 0.032
359 0 15 11 0.032
6 54 17 17 0.031
727 8 15 20 0.031
325 159 17 23 0.031
1009 206 14 24 0.031
250 209 16 19 0.031
787 135 14 17 0.030
966 146 18 23 0.030
350 353 38 31 0.030
305 196 22 31 0.030
857 118 16 18 0.030
859 0 14 7 0.030
324 68 33 83 0.029
233 65 45 45 0.029
412 169 17 20 0.029
662 0 15 50 0.029
830 38 16 18 0.028
559 39 20 21 0.028
278 26 16 18 0.028
223 126 20 33 0.028
701 98 16 18 0.027
470 155 21 47 0.027
285 200 16 18 0.027
423 58 20 22 0.026
491 0 15 11 0.026
497 32 18 19 0.026
865 91 16 17 0.026
983 9 15 18 0.026
953 8 15 16 0.026
96 103 14 18 0.026
1 79 15 60 0.025
47 29 15 17 0.025
254 195 16 20 0.025
187 115 18 24 0.025
529 0 15 13 0.025
570 90 16 23 0.025
660 0 15 16 0.025
325 147 18 24 0.025
180 44 14 15 0.025
788 0 14 8 0.025
158 180 16 19 0.024
589 7 21 32 0.024
175 20 28 19 0.024
958 114 17 19 0.024
694 144 30 21 0.024
600 162 18 19 0.024
564 150 20 82 0.024
509 93 27 82 0.023
161 131 19 28 0.023
19 304 23 24 0.023
384 0 16 15 0.023
456 16 17 33 0.022
138 10 15 22 0.022
466 187 18 25 0.022
256 184 19 22 0.022
284 213 15 18 0.022
550 191 26 35 0.022
878 109 15 18 0.022
469 149 17 19 0.022
718 200 16 19 0.022
890 0 16 15 0.022
125 179 19 27 0.022
563 37 17 37 0.022
357 0 29 12 0.022
797 4 15 16 0.021
89 88 18 18 0.021
718 183 17 30 0.020
100 0 12 11 0.020
880 24 16 19 0.020
51 17 16 52 0.020
