37_Soccer_Soccer_37_44
124
414 354 36 41 0.843
285 318 38 45 0.835
538 217 32 40 0.831
106 66 17 21 0.769
922 15 16 22 0.766
24 37 15 20 0.763
68 29 17 20 0.762
270 23 18 22 0.761
15 66 16 19 0.761
412 6 16 20 0.757
461 57 16 20 0.756
52 69 16 20 0.753
376 3 16 22 0.751
263 60 17 22 0.748
795 56 14 17 0.745
360 35 16 20 0.743
330 60 15 19 0.741
324 28 15 21 0.740
798 26 15 20 0.738
661 62 15 18 0.737
968 14 16 20 0.733
819 70 16 19 0.732
570 30 17 22 0.732
1006 14 15 21 0.728
756 33 14 19 0.726
626 65 15 19 0.724
518 13 14 18 0.721
623 25 16 19 0.710
329 5 16 20 0.702
465 11 15 21 0.700
839 49 15 18 0.684
499 62 15 18 0.678
377 60 16 22 0.675
194 4 17 20 0.668
290 20 14 18 0.662
454 38 14 17 0.659
757 2 14 17 0.654
627 5 16 18 0.652
759 56 14 18 0.635
35 12 14 18 0.630
539 21 14 19 0.611
505 44 13 17 0.592
865 58 15 17 0.580
723 58 14 17 0.580
803 7 13 14 0.580
148 7 14 18 0.574
684 0 14 11 0.569
838 29 13 17 0.565
843 10 15 18 0.546
540 62 16 18 0.529
714 28 15 19 0.458
591 75 16 18 0.453
477 43 14 18 0.400
3 35 15 20 0.360
662 41 14 17 0.353
956 60 15 18 0.349
895 6 15 17 0.338
587 0 14 11 0.288
252 0 15 10 0.281
956 2 13 14 0.270
827 275 34 41 0.268
0 11 9 18 0.264
839 37 14 27 0.242
661 46 15 24 0.238
539 40 14 19 0.193
545 64 17 19 0.187
887 78 15 17 0.173
707 35 14 17 0.170
422 56 14 17 0.168
327 3 16 36 0.165
719 41 17 39 0.157
576 0 22 11 0.144
574 0 14 11 0.139
290 0 13 11 0.139
372 4 39 20 0.138
2 19 13 37 0.126
525 56 15 19 0.111
774 8 14 16 0.109
501 49 15 23 0.100
931 0 12 11 0.096
197 0 21 14 0.079
518 0 14 11 0.078
517 3 16 18 0.074
192 38 19 23 0.071
4 0 12 10 0.070
543 0 13 10 0.069
817 311 31 39 0.067
189 44 19 22 0.065
552 67 13 17 0.062
920 0 11 11 0.059
150 26 15 20 0.059
713 54 15 19 0.058
231 23 19 21 0.054
525 51 14 17 0.050
67 0 13 15 0.048
139 31 21 19 0.047
923 0 19 11 0.046
322 19 48 60 0.046
105 11 15 22 0.046
460 7 15 94 0.046
889 64 14 30 0.044
716 10 15 19 0.044
1 2 14 17 0.044
722 1 15 18 0.044
585 81 16 19 0.043
556 83 15 17 0.042
15 61 22 28 0.041
893 39 13 19 0.037
414 32 13 16 0.035
530 0 25 11 0.034
134 33 15 19 0.033
704 15 24 19 0.032
200 32 19 20 0.031
703 14 14 17 0.031
108 16 16 23 0.030
208 0 14 11 0.030
39 5 14 19 0.029
892 58 15 16 0.029
593 35 13 16 0.027
835 6 17 17 0.025
236 26 16 23 0.024
794 49 18 28 0.023
845 1 15 15 0.022
509 0 31 93 0.022
