37_Soccer_soccer_ball_37_882
24
214 333 29 37 0.855
260 326 25 33 0.855
598 331 26 35 0.854
355 321 27 33 0.854
920 331 26 32 0.852
310 315 30 38 0.851
852 335 29 37 0.850
170 332 28 34 0.846
445 324 28 36 0.844
553 313 29 38 0.842
735 333 31 42 0.841
101 336 29 36 0.841
816 342 25 31 0.836
638 325 30 38 0.834
391 309 30 39 0.831
887 343 27 36 0.830
41 345 25 32 0.828
679 315 28 36 0.828
959 344 26 35 0.823
782 330 25 34 0.816
140 338 24 31 0.808
71 339 24 30 0.798
496 318 32 39 0.786
524 332 21 30 0.079
