37_Soccer_soccer_ball_37_494
26
664 275 21 25 0.796
507 267 18 23 0.748
373 279 21 24 0.706
585 210 17 21 0.695
453 205 17 20 0.635
294 305 7 9 0.159
248 287 7 8 0.135
561 446 21 22 0.116
59 275 6 7 0.115
699 221 7 8 0.115
857 275 7 8 0.084
621 178 9 9 0.062
201 279 7 8 0.058
400 434 26 24 0.058
672 211 9 9 0.039
293 300 7 9 0.038
363 214 8 10 0.037
434 175 15 18 0.034
490 194 10 13 0.031
203 283 6 7 0.030
58 280 7 8 0.029
543 184 8 9 0.029
285 230 8 9 0.028
404 202 8 10 0.024
672 216 8 8 0.023
732 208 8 15 0.022
