37_Soccer_soccer_ball_37_945
79
250 55 147 215 0.892
856 38 24 31 0.788
911 497 16 19 0.721
947 344 12 13 0.666
920 339 13 15 0.653
949 500 16 20 0.652
783 489 15 19 0.620
833 335 13 16 0.462
864 495 12 15 0.257
897 339 9 11 0.253
819 554 18 20 0.253
869 583 23 30 0.228
970 76 13 21 0.224
844 528 18 22 0.201
871 572 21 27 0.187
789 488 15 18 0.178
919 544 16 19 0.161
873 593 20 24 0.159
783 588 19 25 0.131
842 414 13 15 0.119
822 550 16 19 0.118
796 488 13 17 0.108
835 489 12 15 0.102
813 539 16 18 0.094
792 78 10 14 0.091
916 341 43 13 0.090
843 516 17 23 0.089
967 339 10 11 0.088
816 543 17 22 0.088
969 343 10 15 0.072
844 399 12 13 0.072
909 542 22 20 0.068
971 526 16 22 0.067
785 384 10 14 0.066
843 405 11 28 0.066
895 572 14 17 0.053
787 338 8 13 0.052
815 557 16 18 0.052
841 510 16 21 0.049
970 349 11 12 0.047
921 381 10 12 0.046
931 594 18 21 0.044
838 342 16 11 0.044
839 569 15 20 0.044
844 488 19 15 0.044
857 485 14 17 0.043
906 41 16 19 0.042
970 495 19 18 0.041
780 492 13 18 0.041
904 537 18 23 0.040
881 551 20 23 0.037
896 341 12 16 0.037
874 563 19 26 0.037
942 533 13 18 0.036
882 494 16 17 0.036
877 576 22 43 0.034
877 38 22 31 0.033
879 522 12 17 0.032
896 544 25 20 0.031
920 551 17 19 0.031
791 583 15 17 0.030
890 489 13 18 0.030
979 402 8 10 0.028
898 573 18 20 0.027
866 490 17 30 0.026
898 386 13 16 0.026
836 62 18 22 0.025
896 40 25 24 0.025
911 380 17 14 0.025
849 343 9 12 0.024
784 582 14 18 0.024
832 67 16 18 0.023
881 508 13 20 0.023
887 549 25 48 0.023
953 569 15 19 0.023
947 492 16 18 0.022
976 523 14 23 0.022
881 34 23 27 0.021
830 340 12 15 0.020
