43_Row_Boat_Rowboat_43_908
35
86 593 201 240 0.859
50 278 89 86 0.853
121 331 77 82 0.833
340 930 109 127 0.822
854 79 51 50 0.769
97 213 46 49 0.725
196 270 35 37 0.694
736 176 33 35 0.672
220 189 55 49 0.667
725 262 41 41 0.616
756 91 68 65 0.541
858 234 41 44 0.468
524 948 106 123 0.403
683 115 30 30 0.254
203 279 34 45 0.147
258 287 36 48 0.128
251 186 27 31 0.103
205 295 34 42 0.099
159 237 25 30 0.083
236 365 52 50 0.083
215 192 38 32 0.066
742 267 36 38 0.058
48 246 29 33 0.056
755 277 31 35 0.043
140 204 27 33 0.042
93 222 27 31 0.037
149 218 34 46 0.037
870 236 26 32 0.036
751 261 27 32 0.031
109 344 49 60 0.028
757 736 17 24 0.028
521 948 66 95 0.026
853 223 35 35 0.021
48 254 36 39 0.021
950 853 16 20 0.020
