43_Row_Boat_Rowboat_43_1035
85
378 127 30 41 0.879
246 52 22 30 0.802
589 257 35 45 0.799
417 24 23 28 0.798
257 180 27 33 0.790
805 216 24 29 0.782
859 33 21 27 0.780
799 13 18 24 0.777
641 42 23 28 0.773
495 54 23 30 0.772
737 6 22 26 0.767
742 219 25 29 0.759
861 93 19 24 0.759
282 125 24 28 0.748
277 2 20 21 0.744
795 102 22 25 0.742
771 84 20 25 0.728
138 174 29 38 0.725
465 20 24 26 0.722
862 171 22 29 0.718
808 192 19 23 0.716
580 24 22 28 0.714
338 56 21 27 0.711
860 206 25 30 0.707
843 160 18 23 0.678
259 130 25 27 0.640
865 123 20 24 0.619
182 121 23 28 0.601
397 100 22 25 0.601
166 32 20 25 0.584
327 249 36 43 0.560
358 54 20 26 0.409
169 155 26 30 0.409
834 214 18 24 0.408
560 36 20 28 0.405
213 209 28 31 0.398
860 2 17 16 0.364
800 152 22 26 0.356
699 5 22 23 0.283
728 194 26 28 0.249
708 164 25 28 0.247
268 160 25 29 0.237
137 103 15 31 0.212
704 126 26 27 0.190
403 1 21 21 0.170
786 231 17 23 0.161
653 282 34 43 0.149
292 221 20 22 0.129
331 16 18 20 0.116
430 249 35 41 0.088
440 199 33 36 0.079
170 164 23 31 0.078
391 85 21 22 0.073
496 33 23 23 0.072
551 221 30 34 0.069
701 131 20 25 0.067
691 217 20 24 0.067
788 50 18 19 0.065
877 147 16 22 0.064
562 327 34 34 0.062
177 135 27 36 0.054
714 126 24 27 0.051
689 18 19 25 0.049
321 176 22 25 0.047
792 201 17 23 0.046
165 180 25 28 0.043
382 371 46 52 0.042
790 222 26 24 0.042
651 292 40 50 0.042
868 4 18 16 0.039
875 19 16 19 0.038
160 123 22 23 0.037
706 160 20 23 0.031
366 55 22 26 0.030
846 195 22 26 0.030
563 309 44 44 0.029
710 6 21 21 0.029
809 205 24 32 0.028
791 161 23 22 0.025
879 2 12 13 0.024
138 85 17 35 0.024
649 274 29 37 0.024
583 12 19 22 0.023
203 185 22 25 0.022
130 104 18 30 0.021
