6_Funeral_Funeral_6_32
822
177 484 12 16 0.778
82 554 15 17 0.761
11 499 12 15 0.757
126 502 13 16 0.757
375 490 12 15 0.743
847 276 9 11 0.739
216 421 12 13 0.738
123 524 13 16 0.737
162 515 12 14 0.730
872 289 9 11 0.721
132 475 12 14 0.720
139 460 11 13 0.716
151 543 13 16 0.715
580 384 11 13 0.715
757 396 10 13 0.712
74 486 12 14 0.708
674 405 10 12 0.706
614 411 10 13 0.706
649 365 9 11 0.704
898 342 10 12 0.703
859 339 10 12 0.703
138 432 12 14 0.702
969 366 10 12 0.701
144 490 12 15 0.699
783 392 11 13 0.698
338 453 12 13 0.698
249 498 11 15 0.697
655 422 11 14 0.695
46 539 13 15 0.694
367 360 10 11 0.692
928 301 9 11 0.690
901 295 9 11 0.690
827 414 11 14 0.686
531 393 10 12 0.686
771 244 9 10 0.685
798 279 10 10 0.683
818 328 10 12 0.683
854 409 11 13 0.682
710 416 11 14 0.681
189 429 11 13 0.680
93 533 13 16 0.680
480 401 10 13 0.678
797 419 12 15 0.676
116 446 11 12 0.675
255 434 11 14 0.675
466 371 10 12 0.673
125 371 10 12 0.671
490 362 10 13 0.668
558 237 8 10 0.668
101 485 12 14 0.668
731 399 11 13 0.667
774 376 10 11 0.666
666 347 9 12 0.666
287 466 12 14 0.666
1015 390 9 13 0.665
569 335 8 10 0.665
916 372 10 13 0.665
327 513 12 14 0.665
385 472 11 13 0.660
160 465 12 13 0.659
57 451 12 14 0.659
766 335 10 12 0.658
58 479 12 14 0.657
238 418 11 13 0.657
284 431 12 13 0.654
716 344 10 11 0.653
669 254 8 10 0.652
579 240 9 10 0.652
692 386 10 12 0.652
415 481 12 14 0.652
221 456 13 14 0.650
629 379 11 14 0.650
210 520 15 17 0.650
94 511 12 14 0.650
22 478 13 16 0.647
177 543 12 16 0.645
557 390 10 12 0.644
295 276 8 9 0.642
605 246 8 8 0.642
1003 319 9 11 0.641
29 442 11 13 0.640
419 379 10 11 0.638
588 416 11 12 0.638
72 516 13 15 0.638
558 418 12 14 0.637
866 380 10 12 0.637
983 310 8 10 0.637
199 406 10 12 0.636
345 499 11 14 0.634
281 317 9 12 0.634
842 385 11 12 0.633
741 412 11 14 0.633
882 392 11 14 0.631
999 379 11 13 0.631
342 345 10 12 0.627
908 389 11 13 0.627
32 523 13 16 0.625
327 310 8 10 0.625
970 385 10 12 0.621
10 392 11 13 0.621
205 483 11 14 0.620
189 454 12 14 0.620
660 438 11 14 0.620
518 353 9 12 0.619
508 397 10 12 0.617
885 410 11 13 0.617
264 477 12 14 0.616
790 331 10 12 0.614
648 325 10 11 0.610
697 315 10 12 0.608
965 37 14 17 0.608
4 379 10 12 0.604
823 278 9 11 0.602
164 432 11 13 0.602
920 356 10 11 0.601
781 321 9 11 0.594
543 372 10 13 0.594
631 446 11 14 0.593
314 340 8 11 0.591
171 415 11 13 0.589
12 347 11 12 0.588
70 385 11 12 0.585
428 210 8 9 0.585
82 474 12 14 0.583
3 524 14 17 0.582
101 374 10 13 0.581
291 188 7 8 0.579
317 187 7 9 0.578
399 204 7 8 0.577
521 414 11 12 0.577
812 378 11 12 0.576
955 308 9 11 0.576
988 50 14 17 0.576
524 290 8 10 0.575
77 371 9 12 0.573
754 324 10 11 0.570
741 377 10 12 0.568
446 374 9 11 0.567
641 251 8 9 0.567
553 315 9 10 0.564
86 446 11 14 0.562
351 266 8 9 0.561
310 286 8 8 0.560
619 366 9 10 0.557
729 327 9 11 0.556
758 360 10 12 0.554
212 315 9 10 0.554
371 261 9 10 0.554
961 394 11 13 0.553
855 354 9 11 0.553
343 479 13 16 0.552
440 348 9 10 0.550
629 344 9 11 0.550
292 237 7 10 0.547
261 310 8 9 0.545
618 308 9 10 0.544
84 271 8 8 0.541
617 247 9 10 0.540
236 300 8 10 0.540
553 281 8 9 0.539
41 381 12 15 0.536
569 353 9 12 0.535
709 371 10 13 0.535
618 328 9 11 0.533
108 461 12 13 0.532
136 408 12 14 0.532
990 394 12 13 0.531
876 326 8 10 0.531
185 514 12 14 0.531
663 391 10 13 0.529
880 355 9 10 0.528
203 271 8 9 0.525
449 335 9 12 0.524
493 341 9 12 0.523
360 313 8 10 0.523
430 300 9 11 0.523
477 289 9 10 0.522
517 338 9 10 0.521
153 292 8 9 0.521
237 441 10 13 0.519
196 310 9 10 0.517
774 430 11 13 0.516
20 334 9 11 0.512
748 313 9 11 0.509
643 405 10 11 0.508
270 183 7 7 0.508
134 274 8 9 0.508
626 431 10 12 0.508
736 364 9 11 0.507
708 329 9 12 0.507
725 316 10 10 0.506
173 300 8 10 0.505
24 235 7 9 0.503
28 459 11 14 0.502
573 369 10 12 0.501
93 429 11 12 0.501
775 411 10 13 0.500
382 207 7 8 0.498
340 232 8 9 0.498
895 380 10 12 0.497
136 289 8 10 0.497
785 358 10 13 0.496
408 305 9 10 0.496
400 361 10 12 0.495
381 289 9 10 0.494
942 369 10 12 0.491
542 350 9 11 0.491
804 405 11 13 0.491
312 303 8 10 0.490
595 311 9 10 0.490
1 447 9 14 0.489
809 345 10 11 0.486
532 232 8 10 0.485
258 458 12 14 0.484
380 247 8 10 0.480
341 188 7 8 0.477
671 322 9 11 0.476
140 153 7 8 0.475
461 279 9 11 0.473
285 451 11 13 0.468
413 345 9 11 0.468
223 265 9 10 0.468
222 210 8 10 0.466
599 344 9 12 0.463
702 356 9 13 0.462
355 202 7 9 0.461
674 303 8 10 0.460
44 124 7 8 0.458
500 288 7 10 0.456
244 177 7 9 0.456
690 344 8 11 0.454
372 338 9 12 0.454
252 252 7 9 0.453
288 299 10 11 0.451
575 289 9 10 0.450
934 400 10 12 0.446
530 318 8 13 0.446
84 148 7 8 0.445
903 403 12 14 0.443
542 335 8 10 0.442
468 343 8 11 0.439
519 380 10 13 0.438
434 257 7 9 0.438
122 182 7 8 0.437
234 477 11 15 0.435
272 285 9 10 0.435
358 280 9 12 0.435
312 229 8 11 0.434
102 187 7 9 0.432
458 393 10 11 0.432
160 260 8 10 0.431
959 348 8 10 0.428
1007 51 12 15 0.426
719 383 10 11 0.426
646 310 8 10 0.421
300 315 9 10 0.421
200 202 6 8 0.418
204 251 8 10 0.418
152 276 9 10 0.417
607 317 9 12 0.415
134 254 8 10 0.413
416 254 8 11 0.413
467 262 7 8 0.412
703 403 9 12 0.412
382 233 7 9 0.410
631 314 10 11 0.409
110 549 13 15 0.404
594 351 10 13 0.403
306 248 8 9 0.403
450 294 9 12 0.401
503 320 9 12 0.397
93 252 7 9 0.396
401 285 9 10 0.396
177 279 8 12 0.390
81 245 7 9 0.389
332 283 8 11 0.389
741 426 11 14 0.388
648 340 9 11 0.388
274 508 11 14 0.387
261 225 8 10 0.387
32 221 7 9 0.387
178 252 7 9 0.386
684 421 11 15 0.386
882 354 10 13 0.386
314 235 7 9 0.384
358 296 8 9 0.381
749 343 8 10 0.381
595 372 10 11 0.379
290 223 7 9 0.379
936 385 11 14 0.378
316 471 11 14 0.377
44 495 12 14 0.376
424 273 8 11 0.375
606 438 11 12 0.373
877 47 13 16 0.372
479 333 9 10 0.372
4 331 9 10 0.369
26 128 7 8 0.367
1002 357 8 10 0.364
387 309 9 10 0.361
69 255 7 8 0.359
302 515 13 13 0.359
228 235 7 9 0.358
74 414 10 12 0.358
424 334 9 12 0.358
596 348 10 12 0.353
44 168 7 8 0.351
784 350 9 12 0.351
660 309 9 11 0.351
248 213 7 8 0.350
500 299 8 12 0.346
300 257 8 10 0.346
204 172 7 8 0.343
177 201 8 10 0.343
834 341 9 10 0.343
107 410 11 12 0.342
910 60 12 14 0.341
0 231 7 10 0.341
62 179 7 8 0.340
6 207 8 9 0.340
683 439 11 13 0.339
938 381 11 15 0.339
186 222 8 10 0.337
981 351 9 10 0.336
858 338 8 23 0.334
872 46 14 16 0.333
48 256 8 9 0.331
161 224 9 10 0.331
38 249 8 10 0.331
663 290 8 9 0.328
258 179 7 8 0.328
105 276 8 9 0.325
447 266 7 8 0.325
480 267 8 8 0.319
709 331 10 12 0.316
406 275 9 10 0.315
356 284 9 11 0.312
866 45 13 15 0.310
327 275 8 11 0.309
114 264 8 9 0.307
153 164 7 8 0.306
668 332 10 13 0.306
275 247 8 10 0.306
585 403 9 11 0.304
214 226 9 10 0.301
112 271 8 10 0.297
683 361 9 12 0.292
883 402 11 18 0.291
330 280 9 11 0.291
218 171 6 8 0.288
907 397 10 18 0.287
100 231 9 10 0.284
360 239 8 10 0.284
166 195 7 9 0.283
105 427 11 12 0.277
200 209 7 12 0.276
204 463 12 13 0.275
801 412 13 17 0.272
604 279 9 9 0.271
93 207 8 11 0.271
26 170 6 7 0.271
399 338 9 12 0.270
399 231 7 8 0.270
159 455 11 16 0.267
28 441 11 24 0.265
553 394 11 14 0.265
544 361 10 12 0.263
220 294 9 10 0.263
840 403 10 12 0.262
605 380 11 13 0.262
125 221 9 10 0.258
183 237 9 10 0.254
125 153 8 9 0.252
620 352 9 13 0.252
272 269 9 12 0.251
54 425 11 13 0.249
142 235 9 11 0.248
6 168 8 9 0.247
735 355 9 12 0.247
662 381 10 13 0.246
409 298 9 16 0.245
45 500 12 15 0.245
782 323 11 13 0.243
360 244 7 14 0.241
603 395 11 13 0.239
90 434 10 21 0.237
633 390 10 13 0.237
823 372 11 12 0.235
6 385 12 15 0.235
685 348 9 12 0.231
22 198 8 10 0.231
629 317 10 13 0.229
382 233 7 14 0.227
592 328 9 10 0.226
194 235 10 11 0.223
159 452 12 14 0.223
37 374 12 13 0.221
164 404 10 11 0.219
84 188 8 10 0.218
431 278 8 11 0.218
376 206 9 8 0.216
241 319 8 9 0.215
99 146 7 8 0.213
421 335 11 13 0.213
543 327 8 19 0.213
607 313 12 14 0.213
499 284 8 11 0.213
165 167 8 9 0.212
713 378 14 14 0.212
189 167 7 8 0.212
397 334 9 11 0.210
176 209 8 8 0.210
504 317 8 9 0.209
122 236 9 11 0.209
217 284 9 13 0.208
584 272 8 10 0.207
325 269 8 10 0.207
657 424 12 27 0.206
73 211 8 10 0.204
90 251 12 10 0.202
542 332 9 23 0.202
226 177 6 8 0.200
339 309 8 11 0.200
622 280 8 10 0.199
15 150 7 8 0.197
215 315 8 11 0.197
242 223 8 9 0.196
344 488 12 28 0.195
697 310 9 10 0.195
596 368 10 12 0.194
561 237 7 9 0.192
234 482 11 13 0.192
223 250 7 11 0.191
41 252 10 10 0.191
206 314 18 10 0.190
40 197 8 10 0.190
238 320 10 11 0.189
340 334 9 11 0.188
260 462 11 15 0.187
161 28 10 10 0.185
139 190 8 12 0.182
46 491 13 15 0.182
234 322 10 11 0.182
606 377 9 27 0.181
59 224 10 11 0.181
111 209 9 11 0.181
247 233 9 15 0.181
705 434 11 14 0.180
305 308 10 13 0.180
109 11 8 10 0.179
227 197 7 8 0.178
733 402 26 22 0.177
246 278 9 14 0.176
391 352 9 11 0.172
358 275 8 32 0.172
34 429 11 13 0.172
888 408 13 15 0.171
180 273 8 15 0.170
706 356 10 28 0.170
79 178 8 9 0.170
605 384 10 13 0.170
595 359 9 26 0.169
153 274 7 34 0.169
411 210 7 9 0.168
556 275 9 10 0.167
115 260 7 19 0.167
38 351 8 11 0.166
236 438 26 13 0.165
473 337 11 13 0.163
274 514 15 17 0.161
31 141 7 8 0.161
137 410 12 38 0.159
887 362 10 11 0.159
6 126 7 8 0.159
71 266 6 8 0.158
378 304 8 11 0.158
251 255 7 17 0.157
109 41 9 10 0.157
759 348 12 12 0.155
201 215 7 11 0.155
174 164 12 8 0.153
485 317 8 9 0.153
283 301 8 11 0.152
462 266 23 8 0.152
920 354 8 29 0.151
681 409 12 21 0.150
851 404 13 20 0.150
934 393 12 17 0.150
0 457 7 23 0.148
103 276 18 9 0.148
121 18 9 9 0.148
383 474 12 16 0.146
134 190 6 21 0.145
119 193 7 18 0.145
247 499 22 14 0.143
451 323 8 10 0.143
15 247 8 8 0.142
44 122 6 17 0.142
216 230 12 10 0.141
126 181 7 9 0.140
541 291 7 8 0.139
174 291 9 17 0.138
151 15 9 10 0.137
336 251 7 9 0.137
250 284 10 12 0.136
579 315 8 11 0.136
593 315 27 12 0.135
635 282 8 10 0.135
178 164 9 8 0.135
435 281 8 11 0.134
159 234 7 15 0.132
448 362 8 10 0.132
113 437 12 15 0.132
685 345 14 12 0.130
404 206 7 9 0.129
43 141 10 8 0.129
103 476 11 26 0.129
389 262 10 13 0.128
179 250 7 28 0.128
775 383 12 16 0.127
599 338 10 23 0.127
27 126 8 12 0.125
122 176 7 22 0.124
745 343 14 13 0.124
562 269 7 9 0.122
646 337 20 14 0.121
414 246 8 9 0.121
180 239 8 25 0.119
688 343 16 17 0.118
812 360 8 22 0.117
836 402 12 16 0.115
484 399 11 12 0.115
235 291 8 19 0.115
113 15 9 10 0.114
111 369 15 13 0.114
380 306 10 11 0.113
84 470 12 15 0.113
353 245 17 11 0.112
22 516 23 21 0.112
17 178 7 18 0.111
477 399 29 13 0.108
84 184 7 24 0.108
4 191 6 31 0.107
204 55 9 10 0.106
661 310 16 22 0.105
675 304 10 12 0.105
99 223 10 24 0.105
3 175 6 26 0.104
102 184 6 8 0.103
6 223 14 14 0.103
539 400 17 15 0.103
229 171 6 25 0.102
315 491 12 15 0.101
328 261 8 11 0.100
474 289 24 12 0.100
816 379 9 11 0.099
71 480 22 24 0.099
394 356 10 12 0.098
309 513 32 14 0.098
922 300 17 13 0.098
395 329 10 10 0.097
613 403 12 28 0.097
193 234 17 12 0.097
268 207 7 10 0.096
645 337 9 25 0.096
132 207 9 17 0.096
380 35 9 11 0.095
135 246 6 39 0.095
820 315 9 9 0.095
292 511 14 16 0.095
296 513 14 15 0.094
664 302 15 16 0.094
57 438 10 59 0.094
614 280 17 9 0.093
141 182 8 10 0.093
153 196 7 32 0.093
151 462 23 16 0.092
6 162 6 38 0.092
400 289 21 11 0.091
114 409 12 12 0.091
198 279 9 25 0.090
272 520 13 15 0.090
360 233 8 13 0.090
422 258 15 18 0.090
401 343 9 36 0.089
124 221 20 10 0.089
890 52 13 16 0.089
29 216 8 22 0.089
138 257 8 9 0.088
282 260 14 10 0.087
635 394 11 15 0.087
178 194 6 38 0.086
76 219 16 13 0.086
288 215 7 22 0.085
846 56 13 15 0.084
51 231 12 19 0.084
242 278 9 14 0.084
522 367 9 12 0.083
921 384 14 14 0.083
206 454 30 21 0.083
537 319 27 10 0.082
651 252 21 11 0.082
69 246 23 11 0.082
435 338 23 21 0.082
191 271 25 10 0.081
56 174 13 16 0.081
956 395 12 15 0.081
778 286 7 8 0.080
46 232 9 20 0.080
613 366 22 21 0.080
739 388 14 52 0.080
999 49 15 16 0.079
45 139 7 8 0.079
61 230 11 19 0.079
271 226 7 29 0.078
313 222 7 30 0.078
133 275 36 10 0.077
343 232 6 10 0.077
30 206 7 28 0.077
867 382 24 18 0.077
76 20 9 10 0.076
62 175 7 25 0.076
411 282 17 22 0.076
249 435 45 14 0.076
476 306 9 25 0.075
682 360 31 10 0.075
244 520 13 15 0.074
130 430 45 15 0.074
467 367 10 14 0.073
237 296 7 30 0.073
489 274 15 10 0.072
345 311 30 9 0.072
686 368 10 12 0.072
190 571 13 14 0.072
163 197 22 8 0.072
53 241 9 27 0.071
179 22 9 10 0.071
160 242 7 37 0.069
83 423 13 16 0.069
105 410 10 33 0.069
829 361 10 21 0.068
199 288 29 10 0.068
21 200 24 10 0.068
179 528 13 24 0.068
984 353 11 12 0.067
130 437 13 15 0.067
223 178 33 7 0.067
623 280 15 10 0.067
134 193 21 10 0.066
508 330 22 22 0.066
120 226 10 27 0.064
267 511 52 17 0.063
332 222 6 8 0.063
82 439 11 63 0.062
72 554 55 16 0.062
252 274 20 12 0.062
166 404 12 13 0.062
303 282 36 10 0.062
84 188 29 8 0.061
153 199 17 12 0.061
576 324 21 16 0.061
967 367 11 14 0.061
689 387 21 13 0.060
200 406 14 14 0.060
49 205 14 22 0.060
40 174 6 34 0.060
80 222 29 11 0.059
622 304 9 15 0.058
154 12 12 25 0.058
126 474 12 84 0.058
91 193 9 33 0.057
803 375 9 11 0.057
142 213 7 36 0.057
110 11 8 15 0.057
197 20 10 9 0.056
891 388 28 39 0.056
85 528 57 24 0.056
517 390 19 37 0.056
318 186 6 8 0.056
14 150 7 30 0.056
246 208 6 37 0.055
443 333 16 19 0.054
163 25 14 11 0.054
198 18 7 8 0.054
45 197 10 28 0.054
423 328 8 12 0.053
8 129 33 6 0.053
295 269 8 40 0.053
1001 318 13 13 0.052
473 318 8 10 0.052
224 425 13 80 0.052
860 45 14 15 0.052
537 276 19 11 0.052
13 182 28 9 0.051
114 244 9 33 0.051
540 284 22 13 0.051
0 469 7 15 0.051
385 262 8 36 0.051
255 318 10 10 0.050
73 203 14 28 0.050
12 451 28 35 0.050
200 268 11 15 0.050
349 262 34 13 0.050
379 337 28 12 0.049
390 259 17 23 0.049
258 437 11 13 0.049
857 328 9 46 0.048
133 438 18 68 0.047
291 182 7 10 0.047
147 527 44 39 0.046
69 514 12 14 0.046
628 281 18 10 0.046
295 245 20 21 0.046
455 300 17 12 0.046
655 395 14 83 0.046
240 444 14 16 0.045
332 237 7 27 0.044
22 171 21 12 0.043
202 288 14 27 0.043
93 422 11 15 0.043
96 146 7 8 0.043
111 423 11 76 0.043
378 37 9 11 0.043
1 261 7 9 0.043
257 310 11 13 0.043
10 127 14 16 0.043
257 207 10 9 0.042
409 213 10 10 0.041
191 384 13 83 0.041
52 218 17 25 0.041
103 177 7 39 0.041
3 529 12 18 0.041
849 51 14 15 0.040
264 208 19 10 0.040
130 454 15 86 0.040
1002 44 14 17 0.040
873 373 21 76 0.040
371 330 12 25 0.039
67 395 17 41 0.039
192 395 9 104 0.039
83 494 14 104 0.037
650 334 10 60 0.037
1006 66 12 14 0.037
191 188 10 16 0.037
41 373 11 41 0.037
148 15 9 10 0.037
247 232 28 17 0.035
122 41 9 10 0.034
138 146 14 23 0.034
74 420 39 24 0.034
745 428 10 13 0.034
932 301 8 11 0.034
118 18 8 24 0.034
43 160 6 32 0.034
476 283 10 22 0.034
517 416 11 12 0.033
13 38 13 14 0.033
341 184 6 8 0.032
546 378 24 84 0.032
616 411 16 13 0.031
898 337 9 10 0.031
952 60 13 17 0.031
290 172 5 17 0.031
98 202 19 26 0.031
28 406 9 116 0.031
669 366 18 74 0.031
83 182 11 10 0.031
288 170 6 7 0.031
165 468 11 13 0.030
62 190 16 31 0.030
187 217 20 31 0.029
640 248 8 9 0.029
103 366 9 12 0.028
51 178 17 29 0.028
317 341 9 11 0.028
754 368 10 12 0.028
85 401 16 82 0.027
87 20 16 9 0.027
218 381 10 118 0.027
145 414 11 14 0.027
154 238 38 12 0.027
569 311 8 71 0.026
76 45 10 10 0.026
36 426 12 12 0.026
127 18 8 9 0.026
131 204 28 22 0.026
104 70 8 9 0.025
90 148 10 9 0.025
502 299 10 51 0.025
612 244 17 14 0.025
209 514 11 13 0.025
45 122 6 7 0.025
276 296 14 50 0.025
542 238 8 9 0.025
15 443 22 13 0.024
401 62 7 8 0.024
453 324 33 11 0.024
482 320 26 25 0.024
501 298 22 11 0.024
195 19 17 12 0.024
47 506 11 14 0.024
402 33 10 10 0.024
291 219 8 14 0.023
269 123 7 9 0.023
432 326 16 11 0.023
4 453 16 16 0.023
131 575 12 15 0.023
12 459 30 17 0.023
204 161 5 41 0.022
277 496 11 15 0.022
371 315 8 58 0.022
155 23 20 15 0.021
171 468 36 94 0.021
195 21 13 12 0.021
846 48 13 18 0.021
192 522 16 14 0.021
8 284 9 12 0.021
942 350 42 82 0.020
137 458 57 66 0.020
119 179 25 29 0.020
18 39 11 12 0.020
575 283 12 17 0.020
