6_Funeral_Funeral_6_602
35
597 137 52 63 0.882
151 105 47 55 0.881
548 148 37 48 0.832
297 138 38 44 0.831
29 120 54 64 0.826
655 132 40 56 0.815
677 159 53 66 0.812
968 234 27 33 0.807
435 117 35 42 0.805
892 206 41 55 0.795
521 153 30 44 0.760
729 154 55 69 0.739
1002 142 22 33 0.729
387 151 26 31 0.710
499 145 18 23 0.673
1004 271 20 46 0.621
229 135 16 19 0.450
1010 244 14 34 0.248
498 144 29 29 0.221
0 123 20 46 0.184
244 148 15 20 0.167
966 205 21 28 0.118
369 162 14 21 0.057
333 148 22 28 0.052
275 167 17 20 0.052
378 155 27 27 0.047
207 141 19 23 0.043
426 140 22 29 0.041
529 149 33 44 0.041
268 170 23 23 0.032
213 130 16 21 0.031
257 165 36 31 0.028
208 131 19 26 0.026
262 174 24 25 0.026
813 180 43 51 0.021
