6_Funeral_Funeral_6_127
38
383 229 26 33 0.851
418 239 25 32 0.833
854 258 38 43 0.821
904 222 30 35 0.814
291 230 26 33 0.813
34 253 32 36 0.810
946 205 24 31 0.798
360 221 25 31 0.784
336 240 23 31 0.776
114 247 25 30 0.766
995 231 21 31 0.736
223 230 23 33 0.735
962 142 24 28 0.612
608 232 31 33 0.308
352 167 10 12 0.181
389 168 10 11 0.172
0 217 5 22 0.154
0 399 8 36 0.097
406 171 9 9 0.095
378 160 10 12 0.093
356 155 10 13 0.066
424 183 9 11 0.062
90 253 17 22 0.056
112 429 41 47 0.052
343 187 8 10 0.046
743 58 13 16 0.046
140 472 23 42 0.045
1008 136 16 28 0.040
1007 172 17 23 0.031
0 394 12 56 0.030
385 165 12 15 0.028
0 431 27 59 0.025
0 212 11 31 0.025
412 147 10 12 0.025
799 162 10 11 0.024
970 142 22 26 0.022
536 286 20 26 0.022
36 218 16 19 0.020
