6_Funeral_Funeral_6_340
61
887 217 31 35 0.724
718 278 23 27 0.715
529 319 20 24 0.660
247 420 16 18 0.628
151 420 18 20 0.621
288 419 14 16 0.605
169 420 18 20 0.568
632 295 23 30 0.533
490 374 21 24 0.494
511 297 21 23 0.490
305 421 15 17 0.462
320 418 14 16 0.436
614 331 25 29 0.421
723 373 23 25 0.286
71 419 11 13 0.275
416 390 17 20 0.210
57 423 13 15 0.204
309 418 25 17 0.203
99 456 13 15 0.199
434 414 17 20 0.191
438 383 17 20 0.164
628 304 24 31 0.158
268 420 15 16 0.149
383 389 16 18 0.128
369 386 16 24 0.123
346 419 19 16 0.118
150 418 31 23 0.114
58 421 20 15 0.106
368 399 14 17 0.103
354 418 16 18 0.096
285 420 56 16 0.095
611 371 22 24 0.094
436 393 17 47 0.093
83 431 10 13 0.090
417 375 17 20 0.076
346 420 15 24 0.073
517 372 21 25 0.072
360 402 22 16 0.072
73 423 16 16 0.065
66 420 18 18 0.063
425 393 24 46 0.058
447 418 15 17 0.057
335 419 26 16 0.055
371 385 37 23 0.052
488 370 19 23 0.051
630 290 21 23 0.049
100 450 13 14 0.048
329 420 20 16 0.043
356 392 26 47 0.042
388 376 18 19 0.040
983 227 25 29 0.039
382 377 20 21 0.038
505 371 28 25 0.036
488 381 19 23 0.036
368 376 17 20 0.033
350 404 16 17 0.033
443 393 20 20 0.030
431 381 27 28 0.028
448 400 18 32 0.025
518 358 21 26 0.023
454 392 16 19 0.023
