6_Funeral_Funeral_6_173
76
772 151 16 20 0.695
606 137 14 19 0.676
498 154 12 15 0.624
698 158 12 15 0.616
386 155 9 11 0.614
742 153 12 15 0.579
352 165 8 10 0.563
162 162 8 10 0.546
312 171 8 10 0.486
290 165 9 11 0.475
237 162 7 9 0.441
687 139 12 14 0.436
549 158 11 13 0.418
667 141 14 16 0.375
293 167 7 9 0.360
643 142 13 14 0.357
196 152 7 10 0.321
650 143 14 14 0.318
211 157 8 9 0.296
106 155 7 8 0.283
246 171 7 9 0.245
121 155 7 8 0.237
21 136 7 7 0.215
674 139 26 14 0.184
258 161 10 9 0.182
44 134 7 7 0.173
532 185 9 11 0.164
264 161 10 11 0.155
134 143 7 8 0.155
205 156 15 9 0.151
81 142 8 9 0.138
550 154 10 12 0.133
648 142 38 15 0.128
149 150 10 11 0.127
67 144 7 7 0.118
24 134 7 7 0.097
112 153 19 9 0.085
43 137 8 7 0.085
267 161 9 9 0.082
156 157 13 16 0.080
255 161 19 11 0.079
193 153 7 8 0.074
78 142 16 8 0.071
553 160 11 12 0.071
337 164 8 10 0.068
236 161 14 20 0.067
740 158 13 15 0.061
242 167 8 10 0.060
504 159 12 13 0.060
502 154 11 13 0.056
338 161 8 9 0.056
130 143 19 9 0.054
115 144 9 7 0.053
287 163 8 8 0.053
663 147 26 17 0.052
55 137 8 7 0.050
671 154 13 14 0.045
553 154 11 11 0.044
673 140 22 25 0.042
197 151 7 8 0.042
120 147 13 18 0.042
677 161 12 13 0.041
639 145 11 13 0.040
245 172 16 9 0.036
772 147 13 15 0.036
58 139 19 14 0.035
149 146 14 10 0.034
86 143 18 12 0.032
355 166 9 9 0.031
337 167 8 9 0.027
146 153 10 9 0.026
530 210 8 10 0.023
40 137 34 7 0.022
550 150 11 11 0.022
267 167 11 11 0.022
94 143 28 7 0.021
