6_Funeral_Funeral_6_27
297
699 206 20 24 0.829
86 447 19 24 0.820
1002 208 18 22 0.816
772 143 17 19 0.815
444 74 16 19 0.814
208 171 18 22 0.813
875 122 17 21 0.811
785 160 18 21 0.811
628 157 18 22 0.810
385 127 17 23 0.810
835 157 18 21 0.809
744 171 18 21 0.809
419 229 19 22 0.808
976 245 21 25 0.808
525 174 19 22 0.808
699 287 22 26 0.807
299 94 15 19 0.806
638 67 16 20 0.806
773 91 18 21 0.805
924 197 18 24 0.804
723 232 20 23 0.803
289 53 15 19 0.802
874 209 18 22 0.801
658 46 16 19 0.801
571 259 19 22 0.801
505 69 16 19 0.800
241 146 17 21 0.800
909 234 19 22 0.799
479 162 17 20 0.799
872 261 19 24 0.799
581 290 18 21 0.798
476 111 17 19 0.798
850 237 20 26 0.797
342 131 17 21 0.797
223 43 15 20 0.796
795 188 19 22 0.796
95 123 17 19 0.795
344 188 17 21 0.795
736 261 19 22 0.795
640 308 20 24 0.795
237 384 21 29 0.794
789 251 19 23 0.794
142 165 18 21 0.794
774 226 18 21 0.793
921 262 21 24 0.793
458 214 18 22 0.792
251 202 19 21 0.791
568 94 17 20 0.791
582 143 19 23 0.791
677 157 17 21 0.791
382 203 18 21 0.791
906 171 17 23 0.791
445 97 15 20 0.790
755 286 22 25 0.789
753 118 17 20 0.788
294 141 17 21 0.787
486 86 17 21 0.786
546 223 20 25 0.786
559 196 19 24 0.786
969 110 16 21 0.785
353 85 16 21 0.785
206 63 16 20 0.784
377 239 17 21 0.784
97 144 19 22 0.784
957 225 18 22 0.784
509 266 22 25 0.784
723 149 18 20 0.783
37 139 17 21 0.783
849 175 19 23 0.783
58 354 20 25 0.781
569 172 18 21 0.781
440 253 19 24 0.781
641 278 19 22 0.781
882 147 17 21 0.781
752 197 17 22 0.781
617 94 16 18 0.781
12 370 16 23 0.780
109 390 20 24 0.780
895 99 16 20 0.779
307 206 20 25 0.779
688 270 19 22 0.779
260 35 15 18 0.778
526 110 15 19 0.778
507 205 20 24 0.778
658 211 19 23 0.777
991 182 18 21 0.777
611 192 19 23 0.776
485 141 17 20 0.776
431 187 18 22 0.775
437 124 16 18 0.775
723 79 15 19 0.775
672 238 19 23 0.775
617 247 18 22 0.774
995 83 16 20 0.773
804 113 16 20 0.772
927 145 16 20 0.771
440 146 18 21 0.771
856 109 16 20 0.771
623 137 16 19 0.771
35 62 16 20 0.770
715 100 15 19 0.770
571 120 17 20 0.769
851 51 16 20 0.767
820 139 17 20 0.767
993 154 18 22 0.766
623 116 15 18 0.766
353 113 16 19 0.766
697 179 18 22 0.766
662 115 17 19 0.765
546 86 14 18 0.764
740 37 15 19 0.763
921 119 16 19 0.763
814 271 21 26 0.762
179 17 15 19 0.762
309 33 15 19 0.762
186 371 22 26 0.760
688 61 15 19 0.760
566 67 15 18 0.760
1 13 14 18 0.758
488 239 19 23 0.758
934 87 16 19 0.757
667 86 17 19 0.757
703 126 18 20 0.756
597 223 19 21 0.755
70 78 16 19 0.753
281 1 13 15 0.753
473 36 14 17 0.753
517 13 14 18 0.751
32 33 15 18 0.750
471 183 17 22 0.750
824 89 16 19 0.750
129 52 14 17 0.748
345 46 15 19 0.748
6 59 13 17 0.747
821 217 18 21 0.747
272 20 14 16 0.746
775 70 17 19 0.742
533 134 17 20 0.739
617 58 16 19 0.736
385 157 17 22 0.736
434 31 17 19 0.734
113 16 13 16 0.734
314 16 14 17 0.732
11 335 20 25 0.732
675 137 16 19 0.731
172 35 15 18 0.727
758 48 16 18 0.727
397 81 16 20 0.726
45 407 17 22 0.725
245 102 16 20 0.721
167 74 15 19 0.720
486 10 14 18 0.720
139 72 16 20 0.720
136 429 19 24 0.719
1011 138 13 17 0.719
356 28 14 17 0.718
525 70 14 17 0.715
951 165 17 20 0.712
876 74 16 19 0.712
662 191 18 21 0.711
42 458 18 25 0.707
23 6 12 15 0.707
144 131 18 20 0.705
392 53 13 16 0.702
332 0 14 15 0.700
298 165 18 22 0.698
82 17 12 15 0.692
201 136 17 20 0.692
242 124 16 19 0.685
594 75 17 20 0.678
133 31 15 19 0.677
339 172 14 17 0.672
924 75 14 17 0.669
159 2 14 17 0.663
383 172 18 22 0.653
22 92 15 18 0.652
197 116 16 19 0.651
299 115 16 20 0.642
116 364 15 20 0.641
199 149 18 22 0.641
0 306 14 20 0.638
703 54 14 17 0.628
70 26 14 17 0.623
981 148 14 17 0.623
383 29 13 15 0.612
856 334 23 22 0.611
494 405 19 25 0.597
1012 103 12 18 0.585
437 173 17 20 0.548
133 19 14 18 0.517
152 119 17 18 0.515
527 150 18 20 0.469
148 123 18 21 0.464
460 40 12 15 0.463
79 60 14 17 0.458
108 496 19 29 0.446
223 11 14 18 0.441
60 2 14 17 0.424
220 17 15 22 0.394
702 35 12 15 0.362
929 80 20 22 0.359
0 459 6 30 0.319
247 0 11 11 0.310
853 30 15 17 0.310
637 25 13 15 0.303
76 17 18 18 0.302
117 0 12 11 0.278
216 1 11 13 0.275
200 123 16 30 0.268
806 248 13 16 0.267
200 132 16 41 0.266
284 0 15 16 0.253
964 0 13 12 0.241
393 97 15 18 0.239
267 152 11 14 0.236
779 39 14 17 0.232
992 155 17 52 0.227
218 5 14 18 0.226
484 135 15 38 0.219
347 40 16 24 0.219
969 56 11 13 0.210
210 56 18 24 0.194
736 257 26 33 0.194
244 110 15 36 0.194
624 66 33 19 0.190
929 25 17 19 0.189
385 124 16 44 0.186
319 6 16 22 0.186
1012 58 10 14 0.181
799 247 18 20 0.176
527 107 16 35 0.176
769 223 35 22 0.171
483 3 13 38 0.167
733 157 26 27 0.165
306 189 14 17 0.163
573 144 19 53 0.161
174 12 16 46 0.155
47 23 12 15 0.154
990 146 18 39 0.149
666 13 12 13 0.148
294 3 13 15 0.147
545 56 15 15 0.147
54 26 32 17 0.146
222 22 13 43 0.135
42 364 15 22 0.134
484 82 15 44 0.133
642 12 10 11 0.131
627 126 17 57 0.127
35 25 13 56 0.127
81 1 10 12 0.125
414 36 15 17 0.123
584 78 39 21 0.123
131 15 15 36 0.115
775 229 23 31 0.114
923 132 17 23 0.113
222 8 26 17 0.105
750 193 53 20 0.102
78 57 13 16 0.101
889 102 34 25 0.098
444 26 14 16 0.096
622 245 17 21 0.085
622 90 14 70 0.079
680 134 15 19 0.078
500 261 21 25 0.075
71 6 21 58 0.075
667 36 14 90 0.073
70 164 12 15 0.073
745 118 48 47 0.059
0 418 12 26 0.057
321 144 13 14 0.052
570 2 11 12 0.051
114 489 18 27 0.051
652 12 14 13 0.050
795 86 11 15 0.049
1010 0 11 12 0.045
926 0 10 9 0.044
597 2 10 11 0.043
835 78 20 24 0.043
852 26 13 16 0.039
68 56 14 16 0.038
939 8 10 12 0.038
542 55 13 15 0.035
433 180 19 25 0.035
178 68 12 15 0.030
190 1 11 12 0.030
544 65 15 22 0.029
858 19 13 18 0.028
192 99 17 30 0.027
380 22 14 17 0.026
631 386 14 21 0.026
630 239 14 16 0.025
511 112 24 17 0.025
543 81 23 25 0.023
133 421 19 24 0.022
174 76 16 18 0.022
668 20 15 16 0.021
60 0 34 22 0.021
