6_Funeral_Funeral_6_670
40
238 397 28 35 0.822
141 430 20 24 0.748
587 492 15 21 0.638
485 576 29 34 0.595
66 381 15 21 0.517
22 396 13 15 0.503
420 411 9 11 0.480
189 394 11 14 0.413
281 394 20 28 0.410
395 416 11 13 0.352
294 394 21 26 0.339
384 401 8 9 0.283
426 397 8 9 0.182
386 398 8 20 0.122
345 432 11 12 0.121
401 391 8 9 0.114
461 395 9 9 0.106
967 485 15 17 0.099
446 395 9 9 0.087
440 396 15 10 0.079
955 489 18 16 0.068
421 394 9 10 0.053
401 412 33 13 0.053
442 395 8 9 0.052
474 395 9 13 0.051
951 491 15 16 0.051
442 397 26 9 0.048
407 413 13 12 0.047
60 381 17 21 0.046
357 417 9 11 0.044
277 398 17 22 0.039
398 393 26 8 0.036
355 419 12 19 0.035
133 462 16 16 0.032
353 428 14 13 0.028
433 413 8 8 0.027
431 411 9 12 0.024
57 385 17 20 0.024
478 398 8 11 0.023
23 394 26 18 0.020
