6_Funeral_Funeral_6_41
30
664 396 81 77 0.853
57 249 32 37 0.806
91 173 21 24 0.771
115 216 32 39 0.762
450 167 86 113 0.754
280 213 73 107 0.754
30 179 25 29 0.749
0 164 14 25 0.664
1 251 29 42 0.581
71 166 16 20 0.492
43 44 9 10 0.320
93 30 7 9 0.280
37 14 9 11 0.101
568 23 84 89 0.084
90 28 8 9 0.078
2 42 7 11 0.073
90 32 8 9 0.073
51 203 20 23 0.067
35 11 9 11 0.065
22 51 8 10 0.064
0 206 15 32 0.045
485 168 52 79 0.038
99 227 26 35 0.031
688 111 24 27 0.026
41 206 21 23 0.026
0 269 13 60 0.023
90 28 11 13 0.022
94 27 8 10 0.022
26 220 22 27 0.021
399 130 65 77 0.021
