6_Funeral_Funeral_6_91
122
676 52 26 36 0.717
787 62 36 45 0.669
471 39 16 20 0.558
746 51 31 36 0.533
919 63 30 34 0.503
533 47 19 25 0.490
205 70 13 14 0.448
576 57 21 30 0.424
32 68 19 23 0.420
363 59 16 17 0.352
129 71 15 16 0.349
306 65 10 13 0.339
500 53 19 24 0.303
24 69 21 22 0.293
249 71 10 13 0.278
261 65 11 13 0.261
434 60 13 16 0.248
51 52 16 20 0.236
277 71 10 11 0.212
231 66 11 13 0.201
75 75 12 14 0.199
412 70 15 19 0.196
222 69 11 13 0.177
968 57 16 18 0.176
499 38 17 25 0.167
40 68 16 23 0.166
224 68 18 15 0.155
281 71 11 11 0.153
203 70 28 13 0.141
248 70 20 12 0.130
331 69 13 14 0.130
432 110 18 21 0.127
613 48 18 23 0.125
863 53 17 18 0.118
1007 81 17 26 0.113
360 60 14 26 0.107
36 51 22 31 0.107
383 62 13 15 0.106
798 59 35 43 0.102
318 65 11 12 0.100
930 62 31 32 0.099
648 55 22 27 0.097
409 66 31 21 0.096
169 14 9 10 0.094
320 66 17 14 0.088
434 102 22 27 0.085
241 70 19 14 0.085
249 76 12 14 0.083
404 49 12 14 0.081
190 70 10 11 0.080
356 75 14 25 0.078
568 47 20 25 0.073
429 47 13 14 0.072
73 76 20 17 0.072
882 58 17 19 0.071
641 53 21 24 0.067
863 53 33 20 0.066
579 48 25 32 0.066
234 77 11 13 0.066
289 70 27 11 0.065
105 76 17 15 0.065
171 66 16 18 0.064
88 82 22 15 0.062
974 57 16 17 0.062
357 88 13 15 0.062
498 33 16 20 0.060
300 83 10 12 0.060
781 55 31 46 0.058
0 73 11 29 0.056
55 50 12 16 0.052
362 56 14 15 0.052
461 155 19 22 0.052
566 45 16 22 0.051
99 78 17 17 0.051
442 92 22 20 0.050
37 51 18 19 0.048
915 65 22 31 0.046
173 69 25 14 0.046
109 74 26 15 0.045
410 57 14 29 0.044
636 52 16 19 0.044
771 50 30 33 0.044
304 68 14 16 0.041
348 73 22 17 0.041
112 75 12 15 0.041
407 85 18 30 0.039
71 77 13 16 0.039
254 78 14 15 0.038
82 78 22 15 0.035
332 77 12 14 0.035
344 59 12 16 0.034
247 68 36 16 0.034
32 48 15 20 0.033
168 70 18 20 0.033
175 71 16 16 0.032
218 70 51 15 0.032
451 52 13 15 0.032
345 58 12 11 0.032
381 58 29 16 0.031
76 71 11 13 0.030
616 51 28 21 0.030
483 36 24 19 0.030
495 56 17 24 0.030
434 92 26 26 0.030
170 76 16 20 0.027
450 86 22 26 0.027
86 87 14 16 0.027
0 60 8 27 0.027
263 58 8 10 0.026
220 75 11 12 0.025
415 74 19 23 0.025
455 53 13 16 0.025
1010 69 14 34 0.025
570 64 19 26 0.024
531 54 22 27 0.024
207 74 13 13 0.024
606 52 19 22 0.023
333 56 11 11 0.022
653 61 23 29 0.022
468 36 15 18 0.021
163 118 46 84 0.021
299 88 10 12 0.020
