6_Funeral_Funeral_6_482
37
992 138 32 77 0.798
920 201 30 37 0.792
200 267 15 20 0.744
783 153 43 52 0.729
132 269 14 17 0.728
177 255 14 18 0.585
162 241 12 15 0.528
218 249 13 15 0.433
0 123 39 88 0.430
234 250 12 14 0.360
597 162 40 53 0.330
187 240 12 16 0.260
282 246 14 18 0.242
248 252 12 16 0.203
144 292 14 18 0.165
220 248 17 17 0.152
265 228 19 23 0.152
304 252 10 13 0.149
224 249 32 15 0.138
284 249 26 15 0.127
22 208 43 47 0.109
429 108 47 80 0.104
274 241 27 21 0.089
892 272 10 11 0.087
100 246 18 19 0.087
300 251 11 15 0.085
93 237 27 26 0.067
257 228 39 37 0.064
104 249 22 15 0.045
124 251 13 15 0.043
87 238 21 24 0.042
883 310 9 10 0.041
178 264 14 17 0.037
774 121 54 75 0.035
119 250 13 17 0.031
86 224 26 28 0.026
585 133 43 68 0.023
