6_Funeral_Funeral_6_116
125
474 580 51 64 0.845
613 586 63 74 0.833
126 631 57 74 0.825
80 516 59 70 0.822
576 812 58 78 0.811
739 473 58 75 0.809
117 422 49 63 0.805
971 486 52 64 0.803
325 489 52 63 0.793
27 291 44 58 0.783
866 420 45 57 0.778
567 128 33 43 0.752
344 607 51 58 0.751
636 470 48 61 0.750
451 90 35 43 0.741
234 528 48 59 0.726
759 223 31 46 0.723
387 107 37 45 0.716
463 405 38 50 0.711
526 400 41 53 0.698
734 52 26 34 0.695
702 429 43 55 0.689
396 363 33 45 0.589
507 136 30 39 0.570
1 556 44 62 0.523
152 138 38 49 0.515
299 164 36 51 0.509
467 520 47 52 0.498
255 435 32 52 0.445
0 342 29 60 0.445
540 525 37 54 0.442
397 25 27 35 0.408
302 566 46 59 0.399
504 287 33 44 0.339
430 362 38 44 0.322
986 105 22 29 0.278
90 380 41 52 0.270
365 142 34 44 0.253
528 50 30 38 0.250
78 467 39 45 0.228
687 92 26 35 0.226
762 431 38 44 0.224
684 40 29 32 0.213
154 41 33 44 0.207
596 9 27 35 0.204
363 68 30 35 0.188
822 407 37 49 0.179
343 157 33 47 0.171
124 156 34 46 0.162
487 278 38 47 0.158
305 552 45 51 0.157
479 276 32 44 0.147
487 9 29 35 0.134
560 79 28 35 0.121
578 42 33 38 0.116
385 24 37 52 0.112
427 120 27 38 0.108
322 68 30 41 0.108
1000 372 20 42 0.101
669 23 41 44 0.093
357 442 40 50 0.091
342 38 29 35 0.087
996 326 28 37 0.087
330 369 34 42 0.085
566 61 32 44 0.085
123 3 30 36 0.081
505 363 39 44 0.078
348 43 36 42 0.072
588 12 34 51 0.067
11 540 42 73 0.067
387 365 32 46 0.067
227 48 29 41 0.064
367 55 39 40 0.060
329 36 38 56 0.060
550 524 32 42 0.059
387 546 42 49 0.058
478 4 30 35 0.055
351 156 35 41 0.053
487 127 36 45 0.052
3 466 33 63 0.052
422 0 31 29 0.048
548 70 38 34 0.047
419 38 38 39 0.044
387 42 30 38 0.044
434 48 29 33 0.043
152 126 34 41 0.042
983 152 26 29 0.041
642 17 29 38 0.040
372 127 38 46 0.039
385 55 29 35 0.039
653 13 41 42 0.036
974 87 29 41 0.035
557 408 34 44 0.034
994 329 30 63 0.034
577 232 32 40 0.033
294 588 49 52 0.033
490 19 27 37 0.033
474 0 30 29 0.032
507 385 51 60 0.031
786 421 49 51 0.031
453 367 33 45 0.030
106 50 29 45 0.030
98 366 34 46 0.028
294 182 33 43 0.027
972 82 25 27 0.027
985 95 23 29 0.027
351 246 39 44 0.027
1002 381 22 48 0.027
442 414 33 43 0.026
483 125 28 36 0.026
629 35 29 38 0.025
519 0 25 27 0.025
313 0 31 38 0.025
706 447 43 57 0.025
228 133 37 47 0.024
674 12 35 39 0.024
922 28 25 32 0.024
341 358 34 45 0.024
387 0 25 19 0.023
0 326 22 49 0.023
817 420 41 51 0.022
280 90 32 44 0.022
949 86 42 32 0.021
590 46 40 33 0.020
624 47 28 34 0.020
