6_Funeral_Funeral_6_714
63
617 297 131 158 0.885
807 364 136 195 0.874
406 327 45 58 0.860
492 349 51 61 0.857
496 447 45 64 0.830
54 348 41 52 0.819
226 119 37 51 0.811
31 332 27 37 0.802
198 105 37 48 0.785
11 348 24 34 0.779
81 315 27 31 0.519
465 523 6 6 0.115
385 479 8 8 0.113
441 501 6 7 0.079
70 315 39 50 0.078
77 481 8 9 0.074
134 481 7 9 0.072
163 479 9 9 0.066
135 460 8 8 0.065
380 458 10 8 0.058
17 455 7 10 0.057
82 460 6 7 0.052
351 478 8 10 0.052
334 481 8 9 0.050
437 501 12 8 0.049
128 502 8 9 0.048
449 523 6 6 0.046
16 334 41 45 0.046
41 501 9 11 0.044
341 460 9 7 0.043
410 481 7 8 0.043
107 479 8 9 0.042
372 457 10 9 0.041
126 503 8 8 0.040
178 438 7 9 0.040
44 499 10 11 0.040
119 457 7 10 0.039
769 38 42 38 0.038
303 483 9 8 0.037
305 483 9 8 0.036
440 499 7 7 0.036
67 316 30 30 0.035
198 333 14 16 0.034
127 460 19 8 0.033
128 483 17 8 0.032
113 484 15 7 0.031
362 442 9 8 0.030
50 440 7 8 0.030
101 481 20 8 0.030
407 503 23 7 0.028
90 479 9 12 0.026
355 481 23 9 0.025
75 479 7 9 0.025
331 483 15 9 0.025
86 324 23 32 0.025
185 481 8 8 0.023
31 436 7 8 0.023
278 500 8 9 0.022
413 494 8 26 0.022
145 499 9 12 0.021
409 479 8 17 0.021
362 458 31 7 0.021
146 370 8 7 0.020
