6_Funeral_Funeral_6_108
55
941 52 33 42 0.850
432 42 42 52 0.836
639 65 37 53 0.827
523 35 39 53 0.806
669 47 34 46 0.804
868 62 37 47 0.795
3 79 26 32 0.793
188 77 41 58 0.788
62 66 32 44 0.788
222 57 33 42 0.785
813 81 36 46 0.783
724 70 28 38 0.781
145 71 28 41 0.771
350 70 36 45 0.753
587 85 33 40 0.746
266 57 33 45 0.732
289 65 30 40 0.732
787 82 24 33 0.728
750 82 34 44 0.726
104 76 26 31 0.699
690 87 23 30 0.675
919 72 27 39 0.674
995 88 29 40 0.645
558 83 26 29 0.602
322 67 24 38 0.463
401 65 19 26 0.445
373 71 27 34 0.296
42 85 21 26 0.290
848 86 19 30 0.285
981 90 30 34 0.254
484 76 21 25 0.249
592 62 23 26 0.231
785 82 63 38 0.230
475 76 19 25 0.221
490 75 16 20 0.186
339 66 31 44 0.091
203 73 38 51 0.088
318 77 21 28 0.087
404 58 25 34 0.074
979 87 21 27 0.069
46 80 24 30 0.067
170 75 37 45 0.057
114 74 29 32 0.056
625 77 19 28 0.052
92 68 21 36 0.043
310 65 32 45 0.037
403 74 20 28 0.031
552 77 22 29 0.030
852 81 16 27 0.028
490 76 22 28 0.028
226 77 29 36 0.027
150 84 25 36 0.025
678 77 22 35 0.022
360 69 39 45 0.020
88 69 17 26 0.020
