6_Funeral_Funeral_6_368
42
668 24 54 70 0.850
234 67 49 60 0.843
800 88 33 43 0.841
911 125 26 33 0.829
949 120 30 38 0.791
382 129 31 38 0.768
0 317 21 49 0.746
861 128 23 29 0.736
447 150 37 44 0.730
177 102 31 36 0.711
15 126 26 33 0.692
492 121 31 45 0.664
42 147 25 32 0.655
415 170 32 41 0.640
0 107 18 39 0.637
401 167 29 39 0.633
528 113 32 47 0.537
580 119 27 33 0.506
316 145 28 33 0.422
88 128 22 28 0.296
201 119 29 35 0.294
13 306 28 43 0.282
539 107 32 45 0.218
150 116 27 32 0.202
551 106 26 37 0.174
123 117 30 35 0.122
970 121 27 36 0.115
882 147 23 24 0.112
1015 115 9 32 0.080
129 115 39 37 0.079
168 102 28 38 0.073
281 132 23 27 0.063
512 127 36 46 0.055
121 106 27 35 0.038
305 146 30 36 0.035
0 365 12 40 0.033
120 124 22 30 0.027
977 119 37 35 0.024
918 246 24 27 0.022
570 110 38 46 0.020
365 152 18 24 0.020
378 336 26 33 0.020
