6_Funeral_Funeral_6_12
43
184 231 35 47 0.840
705 207 32 46 0.840
597 206 34 45 0.834
112 205 36 44 0.832
230 199 36 49 0.828
126 277 34 44 0.826
20 113 31 39 0.825
0 149 18 46 0.823
42 174 41 53 0.819
265 194 30 40 0.816
911 215 38 46 0.812
313 209 28 36 0.809
102 171 31 37 0.806
137 134 31 40 0.797
164 152 25 35 0.794
162 205 30 39 0.786
223 169 27 34 0.778
0 87 23 36 0.768
57 92 24 30 0.765
51 125 27 35 0.763
81 132 29 38 0.761
267 167 25 31 0.761
188 152 26 32 0.750
190 201 26 33 0.744
287 241 30 35 0.740
803 215 33 46 0.716
29 91 26 31 0.573
900 203 31 41 0.561
1016 311 8 23 0.254
118 144 18 27 0.220
297 215 43 45 0.181
963 252 23 28 0.148
683 246 27 32 0.115
95 134 24 34 0.110
24 93 27 37 0.097
355 225 28 32 0.090
371 190 23 30 0.063
28 164 28 39 0.052
997 413 15 18 0.050
350 217 22 28 0.043
475 215 17 19 0.042
373 201 19 24 0.038
360 233 27 30 0.024
