6_Funeral_Funeral_6_122
36
320 251 30 35 0.839
603 168 27 35 0.836
772 14 26 29 0.831
841 113 25 33 0.822
826 63 23 30 0.822
543 152 26 33 0.822
463 178 25 31 0.819
941 76 26 34 0.819
208 303 28 36 0.819
372 215 29 37 0.815
701 4 28 32 0.814
691 118 24 31 0.806
266 276 28 36 0.805
737 113 28 33 0.800
647 125 25 31 0.796
877 100 26 33 0.786
780 105 24 30 0.785
689 151 24 31 0.768
69 304 23 31 0.767
527 0 22 16 0.679
498 218 27 35 0.663
884 53 24 30 0.626
602 0 22 17 0.623
691 121 24 60 0.308
538 128 24 26 0.275
436 508 19 29 0.181
444 0 22 21 0.134
693 168 24 32 0.122
621 164 26 33 0.118
435 0 24 21 0.103
876 62 20 28 0.072
886 62 24 32 0.047
451 0 16 16 0.039
434 5 20 20 0.034
264 263 25 30 0.024
881 67 22 26 0.024
