6_Funeral_Funeral_6_44
142
880 252 37 56 0.799
952 272 54 76 0.796
723 278 26 35 0.795
836 269 34 49 0.792
630 266 24 32 0.766
214 255 16 20 0.742
271 257 18 22 0.723
91 263 16 19 0.711
20 260 15 18 0.711
801 264 31 42 0.709
615 271 19 25 0.688
692 263 20 30 0.653
58 255 14 18 0.649
448 268 20 21 0.646
469 253 15 18 0.643
558 274 20 24 0.612
408 266 15 17 0.555
341 259 16 19 0.545
506 258 14 19 0.485
774 271 27 36 0.476
490 262 15 21 0.461
547 276 21 24 0.445
146 249 12 15 0.426
76 259 14 17 0.411
538 254 15 18 0.398
519 278 17 20 0.397
195 259 15 18 0.394
659 252 18 21 0.382
0 266 9 17 0.375
675 276 18 23 0.366
954 259 22 32 0.359
375 261 15 17 0.355
417 266 15 16 0.347
311 256 10 12 0.339
756 264 21 25 0.335
237 245 12 13 0.334
240 260 15 18 0.315
545 251 14 18 0.306
314 256 12 13 0.269
571 247 12 13 0.263
298 259 11 14 0.243
494 258 18 19 0.234
421 250 10 12 0.229
396 266 13 15 0.227
621 269 25 28 0.222
320 256 12 13 0.200
670 256 15 20 0.192
239 248 15 20 0.182
380 261 15 16 0.177
343 256 11 14 0.175
0 240 7 11 0.170
191 242 12 15 0.156
39 257 14 17 0.152
274 243 10 11 0.143
255 251 14 20 0.140
128 250 14 16 0.138
434 241 7 9 0.138
588 283 17 23 0.133
779 264 20 26 0.127
506 255 17 17 0.124
329 257 12 11 0.119
252 249 20 15 0.118
570 247 9 10 0.118
350 261 29 17 0.111
127 245 25 19 0.108
506 255 19 34 0.107
436 270 17 17 0.106
488 257 12 14 0.104
122 233 11 13 0.101
17 238 10 11 0.099
573 249 15 18 0.099
52 233 11 13 0.096
71 228 10 11 0.094
454 249 11 12 0.094
149 231 8 11 0.092
361 265 19 18 0.091
370 266 14 16 0.091
275 241 13 14 0.087
268 241 18 17 0.087
939 280 36 52 0.084
205 231 13 16 0.083
534 254 14 16 0.082
209 238 10 11 0.081
542 267 16 22 0.080
501 254 15 17 0.077
121 241 13 17 0.077
965 250 12 12 0.076
196 229 11 12 0.076
74 232 20 12 0.074
581 255 13 19 0.073
472 256 50 22 0.073
151 229 8 11 0.072
89 247 12 12 0.070
190 237 10 13 0.070
83 232 13 13 0.067
124 243 16 20 0.067
951 258 18 23 0.064
9 258 27 19 0.062
193 231 11 26 0.057
417 255 15 16 0.057
257 269 11 15 0.055
669 263 19 27 0.055
67 229 15 14 0.055
139 235 15 21 0.054
102 231 9 9 0.053
0 272 8 15 0.051
538 247 9 9 0.048
436 253 11 25 0.048
127 230 10 11 0.047
959 262 30 38 0.047
432 235 9 27 0.046
280 240 12 12 0.045
84 239 12 20 0.044
583 278 46 25 0.044
73 229 16 13 0.042
453 249 20 14 0.039
41 241 11 29 0.039
121 232 10 10 0.038
259 245 10 10 0.037
525 248 26 12 0.037
238 265 13 16 0.036
15 238 26 11 0.032
320 266 13 19 0.031
298 243 14 26 0.030
200 229 11 9 0.029
193 233 13 14 0.029
397 247 14 20 0.029
453 244 10 9 0.028
952 264 32 48 0.028
13 231 10 9 0.026
378 250 22 11 0.026
119 253 16 17 0.026
805 263 22 26 0.026
525 245 9 10 0.025
669 251 14 17 0.025
794 275 31 40 0.025
31 237 32 11 0.025
961 252 21 27 0.024
704 270 24 29 0.022
937 288 24 32 0.022
695 256 13 16 0.022
5 230 9 10 0.021
