6_Funeral_Funeral_6_208
49
850 388 55 68 0.866
63 260 16 19 0.486
687 251 8 10 0.273
884 282 7 9 0.185
885 262 7 8 0.155
927 323 10 11 0.140
157 263 17 18 0.135
624 236 16 19 0.123
904 289 8 10 0.110
878 309 8 10 0.105
830 259 7 7 0.094
566 248 11 11 0.090
832 283 8 10 0.089
828 259 7 8 0.076
529 251 9 10 0.068
926 284 8 9 0.066
1009 345 10 12 0.065
785 280 7 9 0.061
902 317 9 11 0.060
230 256 11 13 0.059
395 251 9 11 0.059
849 274 7 8 0.057
979 322 9 10 0.054
317 235 12 13 0.050
107 259 11 13 0.048
922 256 7 8 0.048
843 295 7 9 0.045
660 455 24 26 0.043
926 282 7 17 0.041
447 250 11 13 0.039
961 309 9 10 0.039
720 259 7 7 0.039
41 262 11 13 0.039
0 289 10 27 0.037
903 309 7 14 0.035
922 302 8 9 0.034
947 320 9 10 0.032
798 267 8 9 0.031
815 328 9 12 0.029
859 283 10 10 0.029
421 254 10 11 0.027
900 274 7 27 0.024
848 259 8 8 0.022
162 259 16 18 0.022
801 0 105 87 0.022
861 285 9 12 0.022
924 323 21 9 0.022
813 332 9 11 0.021
1 281 14 41 0.020
