38_Tennis_Tennis_38_679
75
761 757 29 36 0.793
696 673 26 33 0.792
640 729 25 33 0.786
770 673 26 34 0.783
413 756 27 33 0.783
501 755 27 33 0.779
599 604 23 28 0.779
753 603 22 27 0.778
614 689 23 28 0.775
398 682 25 28 0.770
873 560 23 28 0.770
725 725 26 33 0.770
671 767 25 33 0.768
112 688 26 30 0.764
907 594 22 30 0.761
168 698 24 29 0.758
733 569 24 30 0.757
685 632 25 34 0.751
609 640 25 32 0.747
855 498 23 29 0.744
840 691 26 34 0.740
838 538 24 30 0.727
904 535 22 28 0.719
156 650 24 30 0.718
888 507 22 26 0.714
93 645 22 30 0.682
266 538 22 26 0.682
786 722 27 32 0.660
758 646 23 28 0.657
145 735 26 31 0.655
873 732 28 30 0.652
823 646 24 31 0.626
911 646 19 32 0.535
814 791 23 28 0.519
473 471 42 46 0.508
167 756 25 29 0.493
909 772 23 30 0.478
675 606 22 26 0.440
524 1059 10 12 0.400
835 606 21 26 0.350
503 1054 9 11 0.328
824 636 23 30 0.300
416 734 26 28 0.242
912 637 18 27 0.217
863 550 33 34 0.201
100 1169 10 12 0.178
892 619 17 22 0.131
832 612 22 33 0.126
868 1158 17 24 0.096
447 664 23 26 0.089
584 333 14 17 0.080
669 600 23 32 0.068
101 1160 9 30 0.062
359 1122 9 10 0.060
156 1177 10 12 0.056
839 600 18 24 0.051
901 1140 15 20 0.051
416 1059 10 9 0.047
236 1178 8 9 0.043
98 1172 8 16 0.043
510 1058 23 12 0.040
95 1084 11 12 0.035
160 1170 9 27 0.034
877 754 24 30 0.033
463 651 22 27 0.033
820 621 23 31 0.032
831 598 22 26 0.030
689 638 69 29 0.030
405 1081 11 25 0.026
97 1144 10 16 0.025
782 1084 9 9 0.024
658 574 19 23 0.024
619 327 12 14 0.022
434 1065 18 14 0.021
832 1100 13 13 0.020
