38_Tennis_Tennis_38_322
28
456 234 13 16 0.767
103 241 17 20 0.756
287 54 7 9 0.482
225 58 8 9 0.433
927 218 14 23 0.423
96 84 7 9 0.327
195 63 8 8 0.325
439 9 7 10 0.270
838 304 8 8 0.213
291 234 17 28 0.181
394 26 7 8 0.140
954 169 6 9 0.132
268 37 7 9 0.113
915 250 10 17 0.097
553 172 10 12 0.095
258 55 7 9 0.092
257 53 7 8 0.054
268 34 7 7 0.054
259 47 7 21 0.051
311 38 7 8 0.049
268 39 7 16 0.048
954 172 7 8 0.034
382 31 7 10 0.032
195 61 7 7 0.030
257 58 7 9 0.030
461 6 7 8 0.027
394 177 8 9 0.026
386 25 10 18 0.025
