23_Shoppers_Shoppers_23_629
194
72 519 13 17 0.745
989 570 14 18 0.737
991 632 15 19 0.736
861 596 15 19 0.734
26 510 14 17 0.712
90 604 14 17 0.707
811 453 11 14 0.693
887 462 11 13 0.672
970 528 11 13 0.658
853 453 10 13 0.637
621 630 11 14 0.631
891 520 11 13 0.605
937 513 12 14 0.605
965 467 11 13 0.577
184 419 11 13 0.532
667 630 13 15 0.519
33 449 10 12 0.508
895 340 7 8 0.440
533 597 12 15 0.438
202 453 9 12 0.436
415 632 11 14 0.423
182 463 11 14 0.373
287 548 13 15 0.358
277 457 10 12 0.356
928 457 12 13 0.344
4 400 8 10 0.319
97 523 13 15 0.274
688 284 7 9 0.267
944 391 9 10 0.265
240 378 10 11 0.258
48 446 10 12 0.244
214 406 9 11 0.239
767 515 11 13 0.234
977 562 11 13 0.232
909 464 9 11 0.228
829 301 8 8 0.221
9 26 7 9 0.220
294 384 9 10 0.206
677 273 7 8 0.196
268 424 9 11 0.193
280 563 11 15 0.187
846 325 8 9 0.182
140 35 7 7 0.178
285 551 13 16 0.177
428 590 10 12 0.176
759 459 11 13 0.173
706 288 6 7 0.172
452 591 11 13 0.167
1002 497 10 12 0.166
85 30 6 8 0.165
112 26 6 8 0.163
811 510 10 12 0.158
1008 558 13 17 0.152
305 300 7 9 0.142
282 555 12 22 0.142
194 338 7 7 0.133
861 326 7 9 0.132
409 199 7 8 0.132
774 478 9 13 0.126
855 355 7 8 0.123
826 339 8 10 0.121
430 193 7 8 0.120
341 550 9 10 0.119
965 508 10 12 0.114
229 296 7 9 0.110
1015 468 9 19 0.109
41 503 11 13 0.109
846 321 7 9 0.107
789 316 8 9 0.106
735 297 6 7 0.104
964 471 10 14 0.102
756 304 8 8 0.102
136 28 6 8 0.100
236 34 7 8 0.100
163 26 6 8 0.095
36 448 13 14 0.094
279 455 11 12 0.093
110 26 6 8 0.093
807 512 11 13 0.091
753 630 11 12 0.088
401 289 8 8 0.088
810 311 8 10 0.082
925 534 9 12 0.082
931 454 11 12 0.076
310 623 12 14 0.075
758 446 9 12 0.075
1003 495 12 14 0.073
825 274 7 9 0.072
805 283 6 8 0.072
308 664 10 14 0.072
73 390 10 10 0.069
89 412 8 8 0.069
801 523 12 14 0.068
1015 478 9 23 0.067
9 447 8 11 0.067
222 31 8 7 0.066
865 315 7 9 0.066
161 351 7 9 0.063
177 461 34 14 0.063
879 309 7 8 0.063
207 31 7 7 0.062
838 291 7 8 0.061
182 413 11 16 0.060
335 282 8 8 0.060
671 301 7 8 0.055
432 590 10 12 0.055
279 569 12 15 0.054
357 76 6 7 0.053
864 308 7 13 0.052
778 632 10 12 0.052
354 202 7 8 0.052
530 594 12 16 0.050
374 298 8 8 0.049
198 454 10 12 0.049
316 289 8 8 0.048
298 32 11 9 0.048
1000 559 17 21 0.047
56 430 9 10 0.047
126 38 8 8 0.046
181 404 8 9 0.044
188 33 8 7 0.043
255 27 9 18 0.042
481 659 11 12 0.041
709 289 7 8 0.040
57 412 8 9 0.039
662 623 14 17 0.038
834 289 7 23 0.038
945 394 9 11 0.037
353 305 7 8 0.037
357 649 9 11 0.037
762 509 13 15 0.037
52 411 10 10 0.036
670 290 7 21 0.036
751 626 20 16 0.036
1013 464 11 17 0.035
364 295 12 8 0.035
212 404 9 11 0.034
221 27 8 18 0.034
797 294 7 22 0.034
216 40 9 8 0.034
760 478 11 14 0.033
1012 554 10 17 0.033
309 174 8 8 0.033
423 279 7 7 0.031
836 402 9 10 0.031
354 645 11 12 0.031
756 503 10 12 0.031
256 33 11 11 0.031
389 289 8 8 0.031
327 72 6 8 0.031
794 299 9 23 0.030
179 462 9 13 0.030
691 274 7 8 0.030
803 309 19 11 0.030
675 263 8 31 0.029
146 49 5 7 0.029
811 313 10 10 0.029
70 389 10 12 0.028
272 28 9 16 0.028
1012 280 8 9 0.028
4 401 9 11 0.027
471 469 8 9 0.027
499 290 7 7 0.027
38 404 8 9 0.027
975 332 7 9 0.027
320 256 7 7 0.027
893 464 25 12 0.026
868 508 10 11 0.026
789 303 9 22 0.026
89 408 8 17 0.025
357 176 7 7 0.025
1014 320 8 10 0.025
144 42 6 14 0.025
971 45 9 10 0.025
891 339 9 10 0.025
449 575 9 11 0.025
784 319 9 9 0.024
44 379 9 9 0.024
741 310 9 9 0.024
735 409 10 12 0.024
300 18 7 30 0.023
348 636 12 13 0.022
1003 487 15 27 0.022
446 192 10 9 0.021
760 363 7 7 0.021
285 456 14 11 0.021
839 401 10 11 0.021
55 410 8 29 0.021
13 372 8 9 0.021
356 170 7 30 0.021
311 266 7 12 0.021
1017 496 7 17 0.020
186 32 8 9 0.020
13 331 8 11 0.020
