23_Shoppers_Shoppers_23_182
48
287 244 32 37 0.764
369 229 27 39 0.717
539 245 13 16 0.678
704 247 14 17 0.604
619 248 13 16 0.395
882 244 15 18 0.390
686 247 14 18 0.344
510 262 9 10 0.301
904 252 15 21 0.246
447 261 8 10 0.233
668 260 11 13 0.228
622 248 15 16 0.214
564 255 10 10 0.129
703 250 25 13 0.128
506 261 11 10 0.115
444 264 10 11 0.115
881 247 34 19 0.088
345 238 8 10 0.086
652 255 13 14 0.085
452 273 8 9 0.085
716 248 13 14 0.085
721 254 27 11 0.083
447 257 8 26 0.076
727 251 12 12 0.073
552 252 21 13 0.071
744 258 9 11 0.071
357 238 21 29 0.064
631 252 21 15 0.063
735 258 24 10 0.061
734 257 10 11 0.059
675 259 14 14 0.054
569 254 10 11 0.053
344 238 10 15 0.046
902 260 15 20 0.046
747 258 20 10 0.041
403 250 14 18 0.040
740 254 12 11 0.040
755 258 11 10 0.038
613 271 10 12 0.034
762 258 9 10 0.028
489 277 11 11 0.028
442 259 13 15 0.027
511 263 12 14 0.026
407 247 14 19 0.025
473 257 10 26 0.025
44 423 36 58 0.025
473 275 16 9 0.024
388 235 24 31 0.022
