23_Shoppers_Shoppers_23_761
83
709 492 23 30 0.727
638 480 22 33 0.723
584 471 21 31 0.645
907 491 18 22 0.629
736 477 18 23 0.610
263 431 9 11 0.598
794 490 23 30 0.592
358 452 16 24 0.582
187 429 18 27 0.546
93 437 8 9 0.474
456 460 11 13 0.450
15 431 12 15 0.420
150 439 11 13 0.399
140 430 10 12 0.391
388 461 12 18 0.367
293 443 9 12 0.347
307 456 14 17 0.321
305 458 11 14 0.294
313 452 11 12 0.281
483 472 13 17 0.278
624 470 17 26 0.257
760 480 14 18 0.248
147 437 12 13 0.211
334 440 9 9 0.209
171 447 15 20 0.199
223 427 9 16 0.191
6 417 11 12 0.164
766 480 15 15 0.156
475 468 22 20 0.143
357 437 10 15 0.142
876 507 14 16 0.135
562 488 10 15 0.126
631 474 20 31 0.121
997 501 16 22 0.117
417 478 8 10 0.107
286 444 10 9 0.095
436 466 9 12 0.094
932 496 15 22 0.094
34 438 9 10 0.092
808 477 14 15 0.091
518 485 13 13 0.078
805 474 14 33 0.078
176 443 16 22 0.077
677 494 18 19 0.064
691 489 15 19 0.062
101 501 13 17 0.058
408 451 10 13 0.057
280 447 8 12 0.057
878 504 15 15 0.056
60 448 7 8 0.055
685 488 18 23 0.053
357 450 12 18 0.050
403 447 14 17 0.050
909 485 16 19 0.050
523 485 11 12 0.048
73 448 8 9 0.046
285 453 10 12 0.045
247 448 8 12 0.043
327 459 14 15 0.042
1007 499 16 22 0.042
9 420 15 20 0.041
697 488 17 22 0.040
477 459 14 21 0.038
866 507 21 19 0.036
91 435 11 13 0.036
478 474 14 16 0.035
453 489 13 15 0.030
488 471 19 21 0.028
812 477 20 21 0.028
419 477 9 12 0.028
562 482 10 14 0.028
513 482 13 15 0.026
125 452 7 9 0.026
983 512 20 21 0.025
28 404 9 9 0.025
279 562 7 8 0.024
357 434 10 11 0.024
164 438 15 14 0.024
810 488 22 30 0.024
796 478 25 24 0.021
63 444 9 12 0.021
982 518 13 16 0.021
849 508 21 17 0.021
