23_Shoppers_Shoppers_23_741
95
468 435 48 57 0.854
522 422 55 62 0.845
807 407 23 29 0.757
860 393 16 21 0.651
151 399 16 21 0.648
744 448 24 28 0.644
0 398 10 17 0.603
296 315 20 33 0.599
11 404 13 16 0.554
725 397 12 13 0.521
186 399 15 20 0.501
32 396 15 18 0.475
753 389 10 12 0.444
393 384 20 23 0.370
675 383 10 11 0.368
912 381 12 14 0.297
982 390 19 24 0.262
0 400 19 19 0.251
114 387 13 17 0.239
1006 385 18 27 0.227
833 380 10 11 0.201
405 387 17 18 0.192
938 376 11 12 0.174
74 390 12 15 0.164
8 400 41 16 0.164
16 401 15 17 0.118
609 402 17 21 0.108
980 394 23 28 0.107
805 382 10 11 0.102
30 263 9 13 0.089
993 386 30 30 0.084
30 268 9 12 0.082
431 394 13 16 0.082
784 390 11 12 0.080
32 261 8 9 0.080
956 402 19 22 0.075
129 402 13 15 0.074
835 381 14 13 0.069
43 393 14 18 0.069
512 392 11 12 0.064
119 394 56 22 0.061
788 394 12 11 0.057
12 265 9 12 0.057
713 395 55 13 0.056
608 396 16 21 0.049
68 389 14 15 0.047
10 270 11 14 0.046
887 372 10 11 0.045
915 408 14 18 0.044
1 260 7 10 0.041
112 392 20 18 0.039
52 390 13 15 0.038
770 380 11 11 0.037
422 481 27 34 0.037
667 380 12 11 0.036
582 407 18 18 0.034
0 411 7 18 0.034
492 388 11 13 0.034
999 372 11 12 0.033
741 456 23 27 0.031
962 401 23 24 0.030
433 398 13 21 0.030
541 390 9 9 0.029
697 388 10 12 0.029
606 378 9 12 0.029
775 381 16 19 0.028
413 386 21 20 0.028
404 389 24 20 0.028
186 306 9 11 0.027
84 389 20 15 0.027
430 419 14 17 0.027
490 389 23 11 0.027
904 455 61 69 0.026
507 420 20 30 0.026
342 422 19 22 0.026
624 384 15 12 0.026
490 387 13 25 0.025
845 381 12 12 0.025
768 379 16 19 0.025
991 381 33 21 0.025
431 391 16 45 0.025
995 374 11 13 0.025
730 384 11 24 0.024
714 379 10 10 0.024
102 404 13 20 0.024
732 379 11 13 0.024
179 280 8 9 0.023
989 395 30 33 0.023
805 388 15 14 0.023
987 383 16 18 0.023
604 376 11 22 0.023
458 406 13 14 0.022
770 389 13 11 0.022
966 370 10 12 0.022
701 391 16 11 0.021
