23_Shoppers_Shoppers_23_7
27
288 35 58 73 0.813
444 186 25 37 0.812
315 130 28 47 0.724
708 237 18 21 0.722
105 226 21 33 0.683
563 239 14 16 0.322
749 214 32 51 0.273
526 226 10 9 0.096
541 231 9 9 0.083
585 223 15 20 0.068
747 224 24 38 0.051
532 230 20 9 0.051
826 237 36 59 0.050
584 228 15 26 0.050
520 225 12 11 0.049
576 241 16 18 0.044
491 219 10 11 0.041
516 225 9 9 0.040
906 266 30 37 0.038
562 219 14 16 0.034
583 245 13 16 0.033
91 294 31 44 0.033
821 219 39 62 0.023
979 197 8 10 0.022
699 236 16 22 0.022
574 219 18 19 0.021
732 237 17 22 0.021
