23_Shoppers_Shoppers_23_6
38
808 60 44 55 0.843
918 50 41 56 0.840
524 67 36 49 0.837
94 108 40 54 0.814
564 72 45 65 0.809
352 40 42 55 0.805
473 69 29 37 0.802
742 15 31 35 0.801
213 13 26 32 0.796
140 11 25 35 0.794
9 42 31 40 0.778
503 0 24 21 0.761
535 20 29 36 0.727
870 1 23 29 0.724
17 23 30 39 0.709
599 0 24 17 0.694
843 45 29 39 0.633
389 0 25 16 0.560
63 22 18 26 0.309
715 9 19 20 0.273
790 39 26 30 0.267
189 0 23 10 0.155
718 11 20 26 0.092
782 7 16 23 0.080
726 26 22 28 0.073
717 10 32 39 0.069
633 1 16 17 0.067
811 0 12 16 0.048
398 1 21 20 0.045
314 28 30 37 0.044
427 45 20 27 0.041
254 39 17 34 0.037
1 48 27 35 0.031
358 0 21 21 0.030
710 6 18 20 0.028
596 0 30 12 0.026
410 12 18 22 0.024
787 37 22 25 0.023
