23_Shoppers_Shoppers_23_15
147
148 406 27 31 0.764
941 337 18 21 0.763
221 431 25 27 0.758
159 574 35 33 0.731
510 342 17 23 0.669
714 345 23 22 0.651
78 191 12 13 0.573
819 165 10 11 0.559
330 579 27 31 0.547
794 189 8 9 0.544
168 161 10 13 0.509
636 313 15 17 0.477
438 400 22 21 0.471
304 168 10 14 0.471
236 157 10 11 0.466
144 165 11 12 0.425
415 310 15 19 0.393
482 235 11 15 0.358
38 214 14 16 0.355
78 312 15 18 0.350
385 234 13 16 0.255
148 163 11 15 0.200
566 146 8 9 0.194
265 170 9 13 0.187
1010 230 11 14 0.184
817 321 15 18 0.164
960 204 11 13 0.162
606 154 9 11 0.159
850 169 8 9 0.157
338 170 9 11 0.157
26 353 17 23 0.156
830 274 10 13 0.142
401 141 9 11 0.137
287 166 9 11 0.134
702 186 8 11 0.131
342 284 13 18 0.130
642 313 15 18 0.130
394 126 7 10 0.128
247 174 11 11 0.127
299 166 16 13 0.124
391 117 9 9 0.123
402 227 10 14 0.110
936 318 13 17 0.108
825 179 9 11 0.108
390 95 9 10 0.102
844 312 17 22 0.099
263 167 11 13 0.099
771 278 11 14 0.098
266 164 11 16 0.096
257 172 17 11 0.094
632 310 15 16 0.091
234 159 12 15 0.089
843 319 16 19 0.089
232 172 11 11 0.088
525 94 10 11 0.086
797 188 8 9 0.082
166 92 9 11 0.081
848 304 15 18 0.079
554 119 8 8 0.072
356 195 9 13 0.072
425 397 19 22 0.072
979 180 11 14 0.069
886 168 10 10 0.069
406 282 15 18 0.068
579 132 8 10 0.067
323 104 9 11 0.066
1 117 9 14 0.064
976 222 12 13 0.056
861 85 20 26 0.056
846 309 19 20 0.056
724 179 9 9 0.054
366 215 11 15 0.053
447 400 18 22 0.052
366 100 8 9 0.051
840 316 14 17 0.051
11 122 12 13 0.050
357 116 8 9 0.049
353 198 11 14 0.048
1008 237 13 17 0.048
938 319 14 29 0.048
475 124 9 8 0.044
330 573 23 26 0.044
434 398 19 22 0.043
1 121 13 12 0.043
170 576 35 32 0.042
141 166 10 11 0.041
340 165 10 14 0.041
349 231 12 15 0.041
915 656 20 23 0.040
1014 255 9 13 0.039
403 279 14 18 0.039
197 289 13 17 0.037
406 229 10 13 0.037
394 132 8 16 0.037
633 122 8 11 0.037
703 180 8 10 0.036
268 156 11 17 0.036
717 141 7 8 0.035
37 271 19 16 0.035
843 338 16 18 0.034
308 238 11 15 0.033
924 355 17 19 0.033
7 239 12 14 0.032
430 109 9 15 0.032
982 142 8 9 0.031
355 190 10 14 0.031
717 144 10 8 0.031
830 278 13 14 0.031
853 302 16 19 0.031
934 342 17 19 0.030
724 345 21 20 0.030
264 143 9 10 0.030
937 244 13 15 0.030
59 0 13 12 0.030
666 173 7 8 0.030
651 305 14 18 0.029
829 271 17 34 0.028
885 126 9 10 0.028
961 187 16 37 0.027
641 192 8 9 0.027
359 107 8 21 0.027
744 335 13 16 0.026
412 285 13 17 0.026
554 149 20 9 0.026
360 98 15 13 0.025
237 172 19 13 0.025
287 165 15 14 0.025
1011 244 10 25 0.025
299 169 12 15 0.024
320 103 9 9 0.024
667 173 8 10 0.024
358 202 12 25 0.023
702 190 9 10 0.023
453 254 12 14 0.023
1009 172 11 11 0.023
918 212 11 11 0.023
48 271 12 15 0.023
834 320 17 19 0.022
679 212 7 8 0.022
729 147 11 7 0.022
388 70 8 11 0.022
867 319 18 19 0.021
11 126 11 20 0.021
732 180 8 10 0.021
7 118 14 26 0.021
771 275 12 12 0.021
431 96 10 12 0.020
