23_Shoppers_Shoppers_23_472
172
254 602 43 52 0.834
808 579 45 60 0.832
356 577 44 58 0.815
199 598 39 53 0.810
628 568 21 24 0.765
580 580 17 22 0.761
553 560 19 22 0.751
671 591 24 27 0.681
529 525 14 16 0.654
532 564 18 21 0.641
967 577 32 37 0.640
616 555 15 20 0.636
318 549 15 20 0.619
689 567 16 21 0.548
437 509 13 15 0.525
359 541 17 20 0.481
557 486 10 12 0.407
463 551 13 17 0.363
619 562 21 24 0.359
740 592 24 26 0.354
485 548 14 16 0.332
38 613 35 47 0.331
341 540 16 23 0.314
664 569 15 19 0.308
566 510 11 13 0.270
486 478 9 11 0.270
329 508 12 14 0.267
543 506 13 14 0.245
663 496 8 10 0.238
909 545 13 16 0.229
476 492 12 14 0.218
236 552 17 22 0.211
903 567 19 28 0.206
408 519 11 13 0.200
526 601 19 23 0.196
599 472 8 9 0.194
371 489 11 12 0.192
834 534 12 15 0.185
334 544 21 22 0.184
111 597 22 27 0.184
471 549 19 18 0.180
515 466 10 11 0.173
491 547 14 17 0.172
430 464 10 12 0.160
713 505 9 9 0.160
437 561 17 18 0.159
633 513 11 12 0.156
308 530 16 20 0.156
503 528 10 13 0.145
1 580 13 25 0.142
469 549 35 18 0.132
651 559 13 16 0.130
756 506 9 11 0.129
433 507 12 15 0.117
616 470 9 11 0.116
509 509 11 14 0.114
253 532 14 17 0.113
554 488 11 15 0.112
292 594 27 36 0.105
459 478 11 13 0.105
684 480 9 9 0.095
515 562 17 20 0.093
392 496 13 17 0.090
574 509 10 12 0.090
656 513 10 12 0.089
233 524 11 13 0.089
427 465 10 12 0.086
173 577 18 22 0.085
500 529 13 17 0.083
395 562 25 30 0.083
457 474 11 14 0.081
310 521 14 17 0.080
305 548 68 19 0.078
428 503 11 14 0.075
880 551 13 15 0.073
403 559 23 31 0.073
564 513 12 13 0.072
773 555 21 28 0.069
504 520 13 23 0.069
478 590 15 16 0.065
445 489 10 14 0.063
599 567 16 18 0.062
881 565 18 27 0.061
434 491 16 12 0.061
512 464 9 11 0.060
529 573 17 58 0.060
640 514 10 11 0.059
397 504 18 30 0.058
478 482 13 26 0.058
629 445 10 11 0.056
652 463 10 11 0.055
245 535 20 30 0.055
598 488 10 17 0.054
600 563 19 16 0.053
645 537 12 15 0.052
417 543 17 22 0.051
608 579 15 19 0.050
872 551 14 17 0.050
664 484 8 11 0.049
881 552 16 25 0.049
551 543 13 15 0.047
909 571 16 25 0.047
662 488 9 12 0.046
552 552 16 24 0.046
365 540 29 21 0.045
693 562 14 19 0.045
377 490 32 23 0.044
521 556 15 17 0.044
701 483 8 9 0.044
473 492 15 23 0.044
374 536 15 18 0.044
400 466 11 11 0.043
878 555 27 39 0.043
494 497 11 13 0.042
903 559 17 27 0.042
637 563 23 24 0.041
597 495 12 15 0.041
436 512 13 16 0.041
696 504 9 12 0.040
458 466 9 12 0.039
235 552 25 31 0.038
451 519 15 18 0.038
231 556 19 26 0.038
694 604 17 24 0.037
427 485 14 13 0.037
414 559 28 23 0.036
775 549 16 22 0.035
665 564 24 19 0.034
456 554 16 18 0.034
493 244 13 15 0.034
233 544 15 22 0.033
523 466 13 13 0.032
715 556 12 16 0.031
226 567 26 36 0.030
687 573 19 24 0.030
623 464 10 11 0.030
662 589 23 26 0.030
454 460 10 13 0.029
610 509 11 13 0.029
321 466 11 13 0.028
530 242 14 16 0.028
892 560 24 26 0.028
531 575 19 22 0.028
558 482 12 18 0.027
656 504 12 18 0.027
650 577 15 20 0.026
342 477 10 13 0.026
0 644 11 44 0.025
261 574 23 27 0.025
615 470 18 16 0.025
409 520 22 74 0.025
396 464 15 23 0.024
559 459 11 81 0.024
527 255 12 15 0.024
48 600 34 40 0.024
657 465 8 10 0.024
254 541 20 29 0.023
327 496 13 30 0.023
573 542 14 16 0.023
537 456 9 9 0.023
630 483 10 19 0.022
1017 588 7 36 0.022
383 503 15 18 0.022
373 528 13 22 0.022
560 469 12 9 0.022
635 489 10 13 0.022
883 550 10 11 0.022
877 577 19 30 0.021
528 494 12 12 0.021
371 488 21 14 0.021
344 516 13 15 0.021
370 483 12 15 0.021
