23_Shoppers_Shoppers_23_489
142
629 435 40 56 0.843
472 319 24 31 0.813
526 270 19 23 0.804
600 311 22 30 0.803
775 452 34 50 0.803
74 291 21 25 0.796
661 299 22 28 0.786
550 295 19 27 0.783
588 283 20 26 0.783
257 344 26 29 0.742
692 199 15 20 0.664
520 338 22 32 0.653
499 198 11 13 0.635
3 253 17 23 0.602
495 234 15 18 0.592
604 235 11 14 0.548
160 216 13 16 0.534
840 179 9 12 0.502
383 544 60 79 0.463
24 263 18 23 0.462
735 238 15 18 0.451
458 227 12 15 0.440
871 199 9 11 0.419
481 141 7 9 0.394
473 191 10 12 0.394
987 232 11 14 0.365
536 188 9 10 0.337
797 77 18 20 0.336
507 177 8 9 0.298
971 207 11 13 0.295
970 271 12 14 0.278
840 199 9 11 0.262
405 137 9 10 0.235
914 254 11 14 0.211
324 351 24 29 0.209
861 182 9 11 0.201
864 175 9 10 0.190
846 407 26 33 0.186
817 202 10 13 0.174
54 262 19 23 0.153
324 313 17 19 0.149
938 219 11 14 0.148
997 208 8 11 0.148
0 195 11 19 0.140
523 227 12 14 0.137
908 221 10 13 0.136
724 114 17 21 0.128
600 213 16 15 0.124
595 217 13 16 0.123
862 219 11 14 0.122
813 184 9 11 0.119
319 354 21 30 0.115
988 186 8 8 0.112
613 207 12 15 0.106
332 310 15 16 0.100
921 184 8 9 0.098
1010 192 9 10 0.094
881 185 12 13 0.093
562 269 12 18 0.092
841 175 7 22 0.088
271 180 10 12 0.082
423 204 9 12 0.081
816 184 9 10 0.081
269 319 18 27 0.076
938 222 12 14 0.076
0 325 8 35 0.076
322 317 15 17 0.075
895 205 11 12 0.074
557 226 12 15 0.073
867 188 18 23 0.073
648 175 12 17 0.071
6 195 16 18 0.071
868 195 11 29 0.070
861 90 6 7 0.068
865 212 12 17 0.067
402 136 10 10 0.065
609 204 12 16 0.063
876 91 7 8 0.061
84 253 16 17 0.060
579 172 8 9 0.058
858 90 7 7 0.056
559 225 20 15 0.056
991 219 12 24 0.056
606 208 14 24 0.055
690 177 9 12 0.054
0 200 9 17 0.053
259 163 9 11 0.053
698 197 17 20 0.049
690 175 10 22 0.049
394 137 8 8 0.048
610 189 10 12 0.047
531 186 9 10 0.047
913 184 19 9 0.047
541 189 8 10 0.044
510 180 10 12 0.043
476 190 10 12 0.042
815 192 12 25 0.042
870 232 11 13 0.041
51 252 14 18 0.040
619 203 12 14 0.039
489 238 14 18 0.039
552 229 13 15 0.037
562 216 13 19 0.036
570 225 12 15 0.036
984 229 12 15 0.036
620 208 12 15 0.036
1015 252 8 13 0.036
376 155 7 8 0.035
980 187 16 10 0.034
447 212 9 13 0.033
865 221 17 20 0.033
802 73 15 20 0.032
869 197 30 14 0.032
891 181 16 9 0.032
486 237 12 16 0.032
861 213 14 24 0.032
839 170 11 44 0.031
282 174 16 14 0.030
908 182 10 9 0.029
578 202 10 12 0.029
556 295 20 26 0.029
812 209 11 14 0.028
273 313 16 23 0.028
762 305 19 23 0.027
792 184 11 9 0.026
943 420 21 25 0.026
917 202 9 11 0.026
872 90 13 8 0.026
1 118 11 15 0.026
625 269 11 17 0.025
893 179 10 19 0.025
995 190 29 10 0.025
76 258 20 22 0.024
84 236 16 42 0.023
87 225 19 16 0.022
462 228 12 14 0.022
12 202 12 14 0.022
289 173 10 12 0.021
375 203 8 9 0.021
96 226 14 16 0.021
442 257 16 20 0.020
454 229 12 15 0.020
