23_Shoppers_Shoppers_23_9
38
677 282 19 25 0.762
923 289 23 28 0.749
85 309 12 16 0.719
493 281 17 21 0.718
381 328 11 13 0.716
389 310 11 13 0.686
24 314 11 13 0.619
139 307 13 15 0.611
345 315 9 11 0.557
434 317 11 12 0.527
366 326 10 11 0.467
859 316 11 15 0.352
780 317 11 12 0.295
299 327 7 8 0.280
384 312 11 31 0.195
371 327 21 14 0.183
365 326 20 11 0.161
592 289 14 20 0.128
161 325 9 11 0.126
215 326 9 10 0.097
563 303 11 13 0.091
653 302 12 15 0.074
777 340 9 12 0.055
431 315 11 12 0.054
792 265 14 18 0.051
596 286 13 18 0.038
28 311 10 13 0.031
392 319 11 16 0.027
561 299 10 14 0.026
287 327 21 9 0.026
830 309 10 18 0.025
652 299 11 13 0.024
589 294 15 18 0.024
858 328 11 15 0.022
857 308 13 18 0.021
825 370 9 10 0.021
438 313 10 14 0.020
567 303 11 14 0.020
