1_Handshaking_Handshaking_1_557.jpg
386
869 476 8 11 -0.17968249320983887
835 375 9 11 -0.29611706733703613
768 415 8 9 -1.240570068359375
887 515 7 10 -1.3370959758758545
808 422 8 10 -1.343056082725525
793 457 13 17 -1.6530014276504517
232 356 8 10 -1.676243543624878
872 491 8 10 -1.909562587738037
817 552 8 9 -2.0166726112365723
800 215 8 10 -2.0623350143432617
844 482 8 10 -2.0686888694763184
817 460 8 9 -2.1313836574554443
744 411 8 10 -2.2123653888702393
855 436 9 10 -2.276630163192749
1003 584 10 10 -2.278806686401367
752 428 8 9 -2.2793128490448
763 447 12 15 -2.3184568881988525
734 213 16 18 -2.3283207416534424
864 474 52 69 -2.4029700756073
601 297 15 19 -2.4823060035705566
856 510 8 10 -2.515658378601074
868 479 13 15 -2.524440288543701
848 504 8 9 -2.5250918865203857
712 386 8 9 -2.5589184761047363
984 319 8 10 -2.573561668395996
833 495 7 9 -2.578075885772705
809 128 8 9 -2.6135098934173584
772 468 50 60 -2.6148459911346436
751 447 9 10 -2.641916513442993
764 411 8 9 -2.713552951812744
737 407 14 17 -2.7150022983551025
336 389 15 19 -2.735764980316162
801 375 7 9 -2.7372379302978516
793 444 8 9 -2.7523937225341797
780 255 8 10 -2.7544710636138916
919 392 9 10 -2.7801709175109863
989 387 7 10 -2.7888383865356445
792 151 9 9 -2.7908780574798584
893 499 8 10 -2.7942113876342773
966 514 11 13 -2.7971763610839844
821 467 7 9 -2.8017778396606445
1000 371 8 10 -2.8118064403533936
23 259 8 9 -2.8251230716705322
879 489 8 10 -2.836850643157959
744 488 7 10 -2.8522825241088867
33 261 13 17 -2.8576366901397705
176 343 8 10 -2.865041971206665
799 264 15 17 -2.8696482181549072
769 260 49 54 -2.873629570007324
32 326 16 18 -2.8849077224731445
849 424 8 9 -2.9115257263183594
1004 572 8 8 -2.920804500579834
743 259 8 11 -2.9313724040985107
1004 543 20 40 -2.9446656703948975
783 286 15 17 -2.9457387924194336
220 349 7 9 -2.946737051010132
865 368 8 8 -2.953077554702759
31 372 9 10 -2.9535775184631348
955 566 9 10 -2.957897424697876
164 347 8 10 -2.959990978240967
816 596 7 8 -2.9756131172180176
985 564 7 9 -2.9776551723480225
739 145 26 30 -2.9876632690429688
376 344 7 10 -2.9920589923858643
800 103 17 18 -3.0058915615081787
868 520 8 10 -3.007744550704956
715 419 8 9 -3.0104126930236816
727 420 8 9 -3.0193421840667725
917 464 8 10 -3.0305583477020264
21 85 8 8 -3.0429606437683105
829 286 53 65 -3.044358015060425
977 400 7 9 -3.046351432800293
805 451 8 9 -3.0481998920440674
167 100 55 63 -3.0530107021331787
776 552 7 9 -3.054778575897217
210 348 12 16 -3.069153070449829
104 276 8 10 -3.069737434387207
792 147 8 8 -3.074201822280884
725 435 7 9 -3.0815303325653076
824 500 7 8 -3.092758893966675
723 411 8 10 -3.103095769882202
820 430 8 11 -3.110100746154785
968 379 9 10 -3.127516031265259
728 363 7 8 -3.1307103633880615
677 578 181 216 -3.130880832672119
803 523 8 10 -3.1322824954986572
740 359 8 9 -3.1336171627044678
858 294 53 55 -3.1500589847564697
800 431 8 10 -3.1541829109191895
864 396 8 10 -3.1544766426086426
752 211 9 10 -3.1555254459381104
1002 41 40 49 -3.161227226257324
873 384 7 9 -3.1617186069488525
188 360 10 14 -3.161921739578247
883 536 8 10 -3.1622393131256104
689 430 14 18 -3.1685702800750732
741 414 13 14 -3.1692981719970703
248 364 8 9 -3.1693034172058105
799 560 7 8 -3.1694529056549072
712 240 14 18 -3.170518636703491
360 56 196 242 -3.172696590423584
861 495 7 9 -3.174330949783325
793 214 13 17 -3.17478346824646
872 356 8 10 -3.1751246452331543
361 124 7 9 -3.182736396789551
812 559 8 9 -3.185150146484375
959 577 8 9 -3.1945440769195557
929 528 15 17 -3.1975631713867188
957 695 41 52 -3.1989426612854004
819 515 7 9 -3.201291561126709
130 193 58 70 -3.2032039165496826
824 484 7 9 -3.2044029235839844
921 696 41 52 -3.2062668800354004
755 172 8 9 -3.2090179920196533
40 327 9 10 -3.2109994888305664
493 696 41 52 -3.2121262550354004
1004 403 8 9 -3.213070869445801
897 696 41 52 -3.2143235206604004
857 696 41 51 -3.2179856300354004
212 355 7 9 -3.218224048614502
469 696 41 52 -3.2227463722229004
959 224 15 17 -3.22293758392334
217 696 41 51 -3.2238450050354004
517 696 41 51 -3.2238450050354004
788 172 8 9 -3.2253994941711426
833 696 41 51 -3.2260422706604004
793 696 41 51 -3.2267746925354004
216 107 8 9 -3.227396249771118
735 298 8 9 -3.2305350303649902
541 696 41 51 -3.2308030128479004
16 669 82 108 -3.231147050857544
319 352 15 16 -3.231760025024414
445 696 41 52 -3.2333664894104004
565 696 41 52 -3.2337327003479004
241 696 41 51 -3.2351975440979004
-28 590 175 209 -3.235983371734619
259 575 182 217 -3.236715793609619
800 222 27 31 -3.237286329269409
589 696 40 52 -3.2373948097229004
769 696 41 51 -3.2373948097229004
293 696 40 51 -3.2439866065979004
748 448 8 10 -3.244610071182251
193 696 40 52 -3.2458176612854004
265 696 40 51 -3.2491135597229004
797 431 8 10 -3.2517201900482178
317 696 40 51 -3.2549729347229004
776 195 8 9 -3.2558069229125977
762 472 15 17 -3.2558164596557617
739 319 8 9 -3.256863594055176
421 696 40 51 -3.2579026222229004
938 655 91 113 -3.259786605834961
1005 380 7 8 -3.2610645294189453
85 696 40 51 -3.2615647315979004
109 696 40 52 -3.2619309425354004
745 696 40 51 -3.2652268409729004
341 696 40 51 -3.2707200050354004
613 696 40 51 -3.2714524269104004
117 562 198 227 -3.271505832672119
761 432 14 17 -3.2717525959014893
804 576 183 216 -3.272604465484619
671 338 8 10 -3.273102283477783
751 271 9 10 -3.273930072784424
892 480 9 10 -3.275165557861328
365 696 40 51 -3.2758469581604004
133 696 40 51 -3.2762131690979004
812 443 7 10 -3.2772481441497803
886 655 91 112 -3.277364730834961
964 315 8 8 -3.2778873443603516
379 571 188 219 -3.278830051422119
474 656 91 112 -3.279195785522461
787 459 8 11 -3.279197931289673
705 667 82 108 -3.280219316482544
847 482 12 14 -3.2806599140167236
784 404 8 9 -3.281397819519043
25 128 8 8 -3.281752347946167
169 696 40 51 -3.2835373878479004
892 488 8 8 -3.285188913345337
397 696 40 51 -3.2864670753479004
785 468 8 9 -3.2890031337738037
943 496 14 15 -3.289863109588623
649 667 83 107 -3.290107011795044
1001 543 8 9 -3.290364980697632
1000 212 7 9 -3.291046142578125
721 696 40 51 -3.2915940284729004
849 505 16 17 -3.294451951980591
987 400 9 9 -3.2945761680603027
489 568 190 222 -3.294577121734619
834 655 91 113 -3.294942855834961
817 579 7 8 -3.299501419067383
749 376 7 9 -3.3003106117248535
980 701 25 32 -3.300685405731201
793 470 7 10 -3.3020548820495605
742 311 9 10 -3.3035964965820312
833 519 7 9 -3.3036513328552246
13 696 40 52 -3.3036789894104004
768 435 8 10 -3.3040828704833984
768 516 8 9 -3.305114269256592
728 375 8 9 -3.3051552772521973
932 387 8 10 -3.3052172660827637
198 655 91 113 -3.307027816772461
21 288 7 9 -3.30819034576416
774 655 91 113 -3.310689926147461
740 412 8 10 -3.3109688758850098
637 696 40 51 -3.3139328956604004
906 372 14 17 -3.315065383911133
297 667 83 108 -3.316474199295044
526 655 91 113 -3.317647933959961
944 524 8 9 -3.320166826248169
697 696 40 51 -3.3208909034729004
520 427 7 9 -3.3231935501098633
422 655 91 113 -3.323873519897461
944 701 25 32 -3.324855327606201
880 701 25 32 -3.327785015106201
801 443 7 9 -3.3284831047058105
578 654 91 113 -3.330099105834961
737 440 7 9 -3.332129716873169
724 374 8 10 -3.333446502685547
380 357 7 8 -3.333672285079956
661 696 40 51 -3.3340744972229004
728 411 8 10 -3.3351311683654785
676 368 8 10 -3.3358850479125977
720 347 8 10 -3.3377432823181152
816 701 25 32 -3.338038921356201
912 519 8 10 -3.343622922897339
250 654 91 113 -3.346212387084961
725 304 27 25 -3.3464434146881104
49 270 14 18 -3.3467915058135986
769 451 8 10 -3.3473103046417236
951 545 12 17 -3.350055456161499
895 502 15 18 -3.35212779045105
86 654 91 113 -3.356100082397461
784 255 7 9 -3.3563029766082764
945 559 8 10 -3.3569438457489014
288 701 25 32 -3.357081890106201
824 420 8 9 -3.35783052444458
785 418 7 9 -3.3585166931152344
183 90 98 121 -3.360079526901245
452 44 111 155 -3.364332675933838
487 312 199 246 -3.3663039207458496
631 276 8 10 -3.3670873641967773
962 504 14 17 -3.3685801029205322
772 459 8 10 -3.3688907623291016
761 527 14 17 -3.3690619468688965
337 654 91 114 -3.372213363647461
804 587 7 8 -3.372725009918213
858 426 8 9 -3.3736119270324707
928 572 8 10 -3.3743526935577393
745 239 13 18 -3.3788247108459473
1003 673 39 49 -3.3813376426696777
919 462 11 13 -3.384364604949951
329 340 7 8 -3.384890556335449
141 379 8 9 -3.386303424835205
984 695 41 53 -3.3868870735168457
913 472 7 9 -3.386914014816284
724 351 8 9 -3.3873438835144043
852 371 7 8 -3.388000965118408
106 351 64 82 -3.3903961181640625
740 380 7 8 -3.390620470046997
792 518 14 16 -3.3928890228271484
388 700 24 32 -3.392970561981201
817 528 8 9 -3.394343376159668
232 350 13 18 -3.3944339752197266
569 48 103 128 -3.394678831100464
156 700 24 32 -3.395534038543701
303 329 16 17 -3.395545721054077
149 653 92 114 -3.396017074584961
183 101 34 31 -3.397547721862793
127 37 112 120 -3.399869203567505
911 368 24 26 -3.400618553161621
808 276 7 10 -3.401076078414917
96 310 8 9 -3.4061758518218994
201 105 15 17 -3.406684160232544
772 555 8 10 -3.4083759784698486
844 475 8 10 -3.4102165699005127
631 325 14 16 -3.4108004570007324
789 592 8 9 -3.410811185836792
932 671 49 67 -3.412675619125366
32 700 24 33 -3.414210796356201
674 396 27 33 -3.414374589920044
91 379 36 31 -3.4145050048828125
935 519 9 9 -3.4152462482452393
971 544 9 9 -3.4157397747039795
1002 13 40 51 -3.4164938926696777
518 86 12 13 -3.4166104793548584
804 135 8 9 -3.4190850257873535
884 306 8 10 -3.419900417327881
968 705 17 28 -3.4213013648986816
952 523 19 15 -3.421424627304077
972 400 8 9 -3.4235148429870605
730 212 32 40 -3.4239211082458496
893 368 13 16 -3.424452304840088
712 339 8 9 -3.4252426624298096
930 704 23 27 -3.425589084625244
686 61 112 128 -3.4290080070495605
760 507 8 10 -3.4296014308929443
718 184 41 51 -3.4297797679901123
932 563 7 9 -3.4300475120544434
918 704 23 27 -3.431082248687744
510 704 23 27 -3.431448459625244
976 396 7 9 -3.432229995727539
999 559 8 9 -3.432671546936035
260 336 8 9 -3.432774305343628
56 681 48 62 -3.4335989952087402
1016 219 9 25 -3.43377685546875
957 356 40 59 -3.433851718902588
482 144 107 158 -3.434490203857422
985 587 8 8 -3.4346296787261963
498 704 23 27 -3.436941623687744
740 364 8 8 -3.4376306533813477
804 461 8 9 -3.4381799697875977
700 376 9 9 -3.4387197494506836
522 704 23 27 -3.439138889312744
866 704 23 27 -3.439505100250244
692 700 24 32 -3.440211772918701
696 408 15 18 -3.440786123275757
902 704 23 27 -3.441702365875244
945 543 8 9 -3.441884994506836
1008 562 8 10 -3.4439094066619873
815 370 14 15 -3.4439353942871094
14 371 11 12 -3.4450910091400146
486 704 23 27 -3.446829319000244
721 352 15 16 -3.446962594985962
854 704 23 27 -3.447195529937744
234 704 23 27 -3.449026584625244
661 212 23 27 -3.449375629425049
104 382 8 10 -3.4493985176086426
534 704 23 27 -3.449759006500244
725 156 26 30 -3.4505865573883057
742 164 14 17 -3.4506964683532715
744 156 11 14 -3.4511942863464355
698 216 13 16 -3.4527571201324463
802 704 23 27 -3.453421115875244
17 342 10 13 -3.453873634338379
630 269 11 13 -3.454014539718628
994 704 23 28 -3.454153537750244
246 704 23 27 -3.454519748687744
778 424 16 21 -3.455031633377075
184 534 113 143 -3.455145835876465
546 704 23 27 -3.455252170562744
787 97 36 30 -3.456623077392578
914 353 42 53 -3.456639528274536
842 704 23 27 -3.456717014312744
996 566 7 9 -3.456759452819824
919 500 8 9 -3.457354784011841
474 704 23 27 -3.457449436187744
985 212 7 9 -3.458009719848633
558 704 23 27 -3.458914279937744
570 704 23 27 -3.458914279937744
830 704 23 27 -3.458914279937744
809 512 7 9 -3.4599008560180664
910 424 16 19 -3.4602487087249756
582 704 23 27 -3.460379123687744
594 704 23 27 -3.460379123687744
780 452 8 10 -3.4624569416046143
983 421 30 29 -3.4626450538635254
462 704 23 27 -3.462942600250244
956 703 21 25 -3.46321964263916
856 391 8 10 -3.4634170532226562
445 579 12 15 -3.463423728942871
607 368 17 22 -3.463618278503418
218 704 23 27 -3.463675022125244
449 197 95 136 -3.463799238204956
258 704 23 27 -3.464407444000244
606 704 23 27 -3.464773654937744
-3 21 112 160 -3.4652633666992188
786 704 23 27 -3.466238498687744
823 429 12 17 -3.467075824737549
816 375 7 10 -3.4673120975494385
972 376 17 20 -3.467891216278076
931 371 14 19 -3.4680120944976807
134 100 75 119 -3.469210624694824
1007 106 28 40 -3.469777822494507
844 434 8 9 -3.4700465202331543
837 391 7 9 -3.4719738960266113
892 703 21 25 -3.47200870513916
736 176 20 19 -3.4726457595825195
206 51 172 261 -3.4732184410095215
724 401 33 27 -3.473543167114258
966 534 19 22 -3.473588228225708
901 571 183 225 -3.473661422729492
270 704 23 27 -3.474295139312744
807 145 9 9 -3.474341869354248
744 428 8 8 -3.474762439727783
310 704 23 27 -3.475027561187744
797 414 11 13 -3.4750375747680664
769 193 15 16 -3.475755453109741
