1_Handshaking_Handshaking_1_699.jpg
106
295 88 84 112 0.02326783537864685
261 12 120 152 -2.4273931980133057
769 171 7 9 -2.743784189224243
32 5 13 19 -2.9811837673187256
406 552 30 39 -3.0444986820220947
276 467 8 10 -3.056408405303955
831 158 10 12 -3.096034526824951
237 7 8 10 -3.125434398651123
65 407 13 17 -3.1712255477905273
669 535 70 67 -3.1766750812530518
598 434 192 259 -3.181094169616699
853 498 118 132 -3.2091355323791504
804 558 30 31 -3.2142276763916016
517 492 108 122 -3.225090980529785
224 31 9 9 -3.226081371307373
199 559 28 35 -3.2275068759918213
818 555 30 28 -3.2352256774902344
757 477 101 162 -3.2391085624694824
223 136 13 17 -3.2439754009246826
893 551 40 44 -3.2484772205352783
415 334 401 484 -3.2512094974517822
557 192 6 9 -3.2577338218688965
728 553 26 34 -3.262157678604126
159 554 27 32 -3.2629342079162598
920 8 9 9 -3.2632510662078857
804 534 53 88 -3.266692876815796
303 554 26 33 -3.2685768604278564
705 556 28 34 -3.270458221435547
559 536 55 67 -3.272167682647705
986 556 31 31 -3.278912305831909
426 554 31 37 -3.2819859981536865
283 527 47 67 -3.290365219116211
457 549 40 49 -3.299912214279175
742 553 31 30 -3.3011956214904785
316 554 27 38 -3.3036928176879883
349 188 7 8 -3.3054003715515137
595 550 31 35 -3.313588857650757
550 557 18 35 -3.3288354873657227
914 537 48 61 -3.329885244369507
239 106 8 10 -3.3336405754089355
369 554 32 35 -3.3371238708496094
255 245 34 30 -3.3378889560699463
777 296 52 77 -3.341994524002075
390 555 29 35 -3.3436553478240967
342 529 52 68 -3.3489692211151123
340 75 9 10 -3.3498294353485107
871 4 11 13 -3.3512649536132812
766 560 21 26 -3.353335380554199
372 522 92 109 -3.3548731803894043
478 557 27 36 -3.3551902770996094
162 526 81 88 -3.3564953804016113
610 555 32 37 -3.3585407733917236
140 554 27 32 -3.362971305847168
636 535 53 62 -3.368479013442993
448 98 28 34 -3.369990587234497
384 59 22 32 -3.371306896209717
307 536 50 83 -3.3756608963012695
588 468 98 178 -3.377488851547241
600 33 15 20 -3.3809895515441895
331 554 27 40 -3.385427236557007
591 535 58 74 -3.3867831230163574
708 251 361 534 -3.407878875732422
912 559 16 26 -3.408015489578247
751 542 40 54 -3.408931016921997
277 488 8 9 -3.4098093509674072
116 107 25 24 -3.414363145828247
236 549 43 49 -3.41782546043396
275 74 26 29 -3.418001174926758
433 513 86 93 -3.4197750091552734
513 557 32 31 -3.422539234161377
245 443 173 273 -3.425356388092041
953 517 99 128 -3.4257607460021973
375 65 23 43 -3.4259326457977295
22 512 87 118 -3.4304027557373047
196 213 46 64 -3.430969715118408
258 531 45 68 -3.4321627616882324
1001 8 8 9 -3.4344258308410645
783 112 7 8 -3.436610460281372
350 552 28 34 -3.4407594203948975
12 -8 41 58 -3.4416582584381104
806 164 16 22 -3.4426093101501465
755 7 33 52 -3.444751739501953
346 402 43 73 -3.450894832611084
301 476 7 9 -3.451129198074341
586 198 177 203 -3.4518320560455322
677 547 32 41 -3.454042434692383
589 50 18 25 -3.458312749862671
137 99 20 29 -3.458496332168579
733 27 25 51 -3.4615588188171387
523 7 108 142 -3.4628543853759766
329 16 92 136 -3.464261054992676
220 519 100 116 -3.4661011695861816
471 559 17 32 -3.4661970138549805
480 423 187 259 -3.466374158859253
919 553 27 33 -3.4664230346679688
870 546 44 51 -3.467487096786499
272 102 222 251 -3.467907667160034
515 476 8 8 -3.4682822227478027
843 90 13 18 -3.4689109325408936
763 15 84 112 -3.4726428985595703
773 109 8 9 -3.4735686779022217
594 482 52 72 -3.4739370346069336
852 -4 51 75 -3.475670576095581
841 151 49 67 -3.4758782386779785
386 67 12 17 -3.475886821746826
899 191 23 29 -3.476095676422119
