1_Handshaking_Handshaking_1_74.jpg
67
476 215 87 101 6.200965881347656
513 243 68 108 4.636102676391602
101 93 104 136 2.194077491760254
296 144 93 118 0.6678335070610046
477 274 76 80 0.6372931003570557
710 208 75 105 -1.480248212814331
660 199 93 94 -1.5571889877319336
795 17 92 135 -1.7614450454711914
72 153 116 131 -1.9711976051330566
274 187 78 101 -2.231468677520752
314 190 56 59 -2.2451083660125732
249 83 107 144 -2.4350523948669434
659 255 15 18 -2.8157801628112793
657 537 16 18 -2.863339900970459
29 93 90 108 -2.921678066253662
421 11 21 29 -2.9873428344726562
647 530 9 9 -3.0253028869628906
859 317 56 68 -3.044055938720703
213 285 186 225 -3.062263011932373
640 530 31 31 -3.1084132194519043
759 281 19 25 -3.1437642574310303
327 105 48 54 -3.1509742736816406
640 224 90 152 -3.180225372314453
343 128 7 8 -3.2137269973754883
774 68 75 107 -3.216057777404785
687 262 63 62 -3.2226755619049072
994 544 49 53 -3.2407915592193604
716 671 99 174 -3.2494490146636963
1001 432 8 9 -3.257723569869995
1007 430 23 28 -3.2860655784606934
548 500 360 511 -3.333188056945801
776 6 201 223 -3.336747884750366
996 405 49 66 -3.3576931953430176
759 567 86 110 -3.361783504486084
182 357 11 13 -3.3676578998565674
646 262 55 71 -3.3719239234924316
863 445 61 77 -3.3858022689819336
859 254 52 65 -3.389312267303467
509 648 18 22 -3.395146131515503
494 567 40 50 -3.4024157524108887
745 252 41 69 -3.4058480262756348
694 297 48 64 -3.414968252182007
752 264 19 25 -3.4214727878570557
169 575 191 314 -3.425814628601074
138 525 37 41 -3.4262003898620605
620 491 92 146 -3.430507183074951
502 264 50 49 -3.435635566711426
41 708 8 9 -3.4381864070892334
661 215 183 226 -3.4388985633850098
753 238 24 27 -3.439377546310425
833 341 62 71 -3.4395840167999268
377 531 12 13 -3.4491777420043945
652 335 40 47 -3.449528694152832
1010 164 19 26 -3.4508445262908936
264 308 13 16 -3.451920509338379
336 136 32 33 -3.4567689895629883
792 672 97 164 -3.461179256439209
281 635 17 26 -3.462111711502075
542 349 76 100 -3.4626364707946777
776 563 8 9 -3.4634602069854736
860 86 62 93 -3.466097354888916
654 400 34 44 -3.4670400619506836
665 623 14 18 -3.468374729156494
521 398 86 85 -3.4707894325256348
255 107 55 69 -3.47145414352417
570 591 11 18 -3.472768545150757
140 425 52 75 -3.475774049758911
