1_Handshaking_Handshaking_1_597.jpg
79
287 187 95 117 0.5521790981292725
193 390 173 208 0.45308414101600647
251 149 105 115 -0.280096173286438
507 84 106 139 -0.6280596852302551
510 166 98 99 -1.044089913368225
19 502 50 81 -2.3660056591033936
275 243 82 90 -2.6647510528564453
466 127 90 142 -2.6734771728515625
296 184 9 10 -2.7686586380004883
165 413 104 147 -2.896947145462036
321 183 51 71 -2.903205394744873
504 26 201 248 -3.062577486038208
335 337 10 14 -3.070297956466675
881 693 99 117 -3.126971483230591
25 484 8 9 -3.1397905349731445
536 86 8 10 -3.1725573539733887
524 696 118 125 -3.2084789276123047
41 699 115 140 -3.244624137878418
700 478 392 494 -3.250631809234619
1004 79 39 49 -3.27559232711792
1012 208 16 27 -3.2791953086853027
268 134 51 77 -3.281224489212036
931 610 93 111 -3.286818027496338
1012 370 17 27 -3.301243305206299
335 182 11 17 -3.3067545890808105
822 675 105 148 -3.3149971961975098
-2 418 99 149 -3.335374116897583
30 512 29 37 -3.3365983963012695
321 175 21 26 -3.346334934234619
527 100 14 17 -3.3562123775482178
59 560 107 114 -3.3690576553344727
765 628 194 271 -3.369696617126465
574 98 80 114 -3.372147560119629
400 400 83 109 -3.385021924972534
817 533 15 16 -3.386927366256714
426 279 14 16 -3.387972354888916
300 150 15 17 -3.3969247341156006
544 429 17 20 -3.397374391555786
205 461 406 522 -3.4032039642333984
348 313 7 8 -3.407777786254883
289 166 29 36 -3.4108002185821533
995 347 47 74 -3.412362575531006
424 498 17 15 -3.417957305908203
815 504 29 43 -3.420442581176758
824 520 8 8 -3.422508955001831
588 685 116 142 -3.438051223754883
275 359 52 71 -3.439572811126709
330 453 34 44 -3.440154552459717
276 187 20 24 -3.44113826751709
296 157 53 69 -3.4426727294921875
308 166 16 21 -3.443610191345215
737 632 59 67 -3.4458587169647217
669 442 19 25 -3.4481658935546875
122 676 96 173 -3.4490878582000732
521 96 13 15 -3.451082706451416
345 432 55 74 -3.452425003051758
601 139 28 33 -3.4524765014648438
710 564 25 32 -3.45381236076355
903 34 43 50 -3.455930709838867
1009 443 20 32 -3.456932306289673
428 434 24 26 -3.4579410552978516
678 623 13 16 -3.4615302085876465
483 481 24 34 -3.4627881050109863
239 359 103 124 -3.4634556770324707
906 24 79 115 -3.4636008739471436
393 446 31 39 -3.463796615600586
1015 387 14 20 -3.46431827545166
245 160 35 46 -3.4654695987701416
537 480 8 9 -3.466006278991699
109 664 12 17 -3.4671239852905273
726 564 33 41 -3.467367172241211
297 145 32 42 -3.4674088954925537
227 184 39 56 -3.4675042629241943
133 392 54 80 -3.46834135055542
125 576 75 71 -3.473586082458496
609 422 78 98 -3.4745090007781982
338 153 14 16 -3.4745736122131348
373 499 35 48 -3.474860429763794
215 303 40 54 -3.4753458499908447
