1_Handshaking_Handshaking_1_47.jpg
115
438 67 300 427 3.339845895767212
431 81 157 204 -0.052454590797424316
522 232 175 211 -1.7992066144943237
447 277 176 223 -2.4101898670196533
352 1101 15 19 -2.7068450450897217
433 932 8 9 -2.7162132263183594
817 108 11 14 -2.83917498588562
464 943 8 10 -2.8741207122802734
321 1104 15 18 -2.900236129760742
800 1309 98 126 -3.0928151607513428
592 952 14 18 -3.093813419342041
464 126 43 65 -3.132985830307007
872 1375 30 32 -3.164644718170166
456 1317 88 127 -3.183396816253662
497 1373 27 35 -3.1913464069366455
761 1247 191 237 -3.209108591079712
630 1376 32 31 -3.2254793643951416
948 526 117 168 -3.235985279083252
688 1351 58 58 -3.250204086303711
908 1369 26 40 -3.2644577026367188
633 1344 81 96 -3.2672367095947266
834 1375 33 40 -3.27394700050354
-218 808 794 1029 -3.2766709327697754
326 1372 33 34 -3.2869091033935547
451 1014 22 31 -3.2902016639709473
137 1374 28 31 -3.2948849201202393
520 109 100 129 -3.296879768371582
573 125 189 239 -3.3049511909484863
514 1372 29 34 -3.305129051208496
977 548 56 92 -3.3142950534820557
89 1321 95 135 -3.3151369094848633
539 140 9 9 -3.315300464630127
986 295 9 9 -3.320422887802124
95 1285 251 223 -3.321411371231079
207 1375 30 32 -3.322870969772339
561 1372 29 37 -3.325279474258423
119 1374 28 34 -3.3258817195892334
604 1373 40 42 -3.3259382247924805
675 1362 34 47 -3.332660675048828
746 1327 83 120 -3.3333497047424316
619 592 40 44 -3.334981679916382
686 953 23 31 -3.337651014328003
504 936 111 121 -3.340622663497925
952 779 116 168 -3.343231201171875
403 886 202 241 -3.344945192337036
558 1316 95 147 -3.344998359680176
549 1106 29 26 -3.3571627140045166
772 1373 37 46 -3.3600242137908936
213 1246 92 129 -3.3780124187469482
285 1184 8 9 -3.3783488273620605
657 1356 34 57 -3.378417491912842
816 1375 30 35 -3.3824121952056885
239 1374 27 33 -3.3829874992370605
690 1358 19 19 -3.390909194946289
484 923 18 27 -3.392259120941162
385 910 9 14 -3.393561840057373
529 1371 27 31 -3.395778179168701
530 1006 178 214 -3.396115779876709
519 341 229 193 -3.403862237930298
886 1368 29 42 -3.4090282917022705
409 1371 29 35 -3.4137001037597656
189 1105 99 138 -3.415172576904297
131 656 41 51 -3.415271043777466
696 1377 15 26 -3.4213709831237793
689 27 107 129 -3.4213852882385254
382 1004 11 16 -3.423276424407959
608 289 41 52 -3.423494338989258
959 477 93 125 -3.424664258956909
457 408 57 61 -3.4269778728485107
460 769 49 70 -3.4294376373291016
392 1027 16 18 -3.4304158687591553
621 636 16 22 -3.434380531311035
593 1057 19 31 -3.4368343353271484
341 674 214 217 -3.437685966491699
306 886 62 78 -3.438044548034668
850 1377 16 22 -3.43833327293396
135 1237 88 109 -3.4402968883514404
760 1374 30 33 -3.4403445720672607
429 899 8 9 -3.4408230781555176
446 677 17 21 -3.443154811859131
151 1369 27 43 -3.44504976272583
978 822 56 91 -3.4451422691345215
535 136 16 16 -3.4477548599243164
93 763 35 47 -3.448357582092285
235 586 28 32 -3.4507522583007812
284 1375 26 34 -3.4512226581573486
365 1323 94 138 -3.4515931606292725
1006 416 30 42 -3.4516236782073975
138 865 25 43 -3.451763153076172
183 1205 51 84 -3.457014560699463
-3 740 82 107 -3.4576926231384277
-6 181 94 132 -3.4593822956085205
16 626 171 316 -3.4605045318603516
432 258 42 55 -3.461987018585205
233 1272 42 59 -3.4628748893737793
425 65 41 60 -3.463594913482666
281 1324 88 127 -3.4636237621307373
532 993 15 17 -3.464493989944458
157 483 20 23 -3.4650115966796875
212 537 43 47 -3.466496467590332
974 361 90 154 -3.4673476219177246
427 950 15 23 -3.467667579650879
141 548 63 74 -3.467780828475952
133 889 51 58 -3.469141960144043
791 653 156 210 -3.4703409671783447
851 1366 32 48 -3.4704957008361816
453 348 95 120 -3.471883773803711
201 1154 53 77 -3.472181558609009
677 5 35 34 -3.472774028778076
415 113 30 38 -3.47316575050354
371 937 29 27 -3.4736199378967285
967 707 94 150 -3.4741644859313965
587 1372 27 36 -3.4745404720306396
111 924 34 41 -3.4749464988708496
666 152 99 130 -3.4751343727111816
