1_Handshaking_Handshaking_1_533.jpg
49
548 205 24 30 -2.6286745071411133
284 124 8 9 -2.8270864486694336
474 546 95 129 -3.1093063354492188
363 263 7 9 -3.1327714920043945
117 579 30 41 -3.1335811614990234
87 551 53 62 -3.1513426303863525
89 586 28 31 -3.178530693054199
74 530 94 132 -3.219585657119751
502 586 38 29 -3.2309703826904297
104 586 20 22 -3.236361265182495
236 520 117 138 -3.2454285621643066
385 524 114 139 -3.2567527294158936
144 583 29 34 -3.290405750274658
1004 338 19 30 -3.3137943744659424
668 532 87 135 -3.326521396636963
418 572 40 47 -3.3268649578094482
-9 537 84 136 -3.3406119346618652
993 440 51 86 -3.3467705249786377
115 585 16 24 -3.3501226902008057
1012 348 20 25 -3.3538239002227783
521 187 55 65 -3.3587136268615723
521 573 32 44 -3.3604540824890137
905 542 102 131 -3.3693809509277344
22 584 24 36 -3.3745198249816895
161 584 24 31 -3.3792519569396973
268 570 41 48 -3.3905601501464844
394 576 42 45 -3.3928654193878174
1004 453 29 33 -3.393216133117676
35 584 23 36 -3.3963499069213867
1002 469 34 38 -3.39797306060791
335 227 39 45 -3.407916784286499
505 154 92 135 -3.4118850231170654
1000 113 8 9 -3.415907144546509
608 521 110 135 -3.434419631958008
1009 358 18 25 -3.436326503753662
952 581 23 35 -3.4389736652374268
996 338 42 44 -3.439409017562866
495 564 51 71 -3.4439640045166016
751 523 90 149 -3.4447860717773438
223 571 39 47 -3.4455316066741943
497 296 12 15 -3.4521615505218506
368 550 14 15 -3.4559247493743896
629 288 403 549 -3.4577677249908447
540 567 35 49 -3.462578058242798
277 127 24 31 -3.4666104316711426
180 378 41 47 -3.47188663482666
497 332 24 21 -3.4736080169677734
966 404 121 121 -3.4749417304992676
799 123 36 49 -3.476015090942383
