1_Handshaking_Handshaking_1_599.jpg
173
819 42 49 56 1.151461124420166
40 156 70 59 0.6346728801727295
511 222 73 92 -0.6115737557411194
789 27 196 232 -1.5718436241149902
49 182 55 76 -1.9864387512207031
524 17 32 34 -2.7136030197143555
381 3 18 21 -2.8766040802001953
525 169 40 44 -2.9019246101379395
12 144 68 93 -2.9034390449523926
878 36 97 142 -2.974472761154175
22 561 28 32 -3.0240635871887207
7 557 29 36 -3.039058208465576
215 439 14 17 -3.046543836593628
298 254 86 121 -3.1167097091674805
803 435 181 220 -3.119565725326538
803 318 49 64 -3.1202597618103027
700 27 9 10 -3.136859893798828
771 307 8 10 -3.1381053924560547
194 417 7 9 -3.139054298400879
986 555 30 34 -3.1464452743530273
654 437 176 216 -3.164206027984619
786 7 112 115 -3.165938377380371
950 533 119 109 -3.177032709121704
117 136 8 9 -3.1822221279144287
-28 502 90 131 -3.192871570587158
893 551 41 53 -3.195277214050293
894 125 10 14 -3.199979543685913
857 328 210 233 -3.204646110534668
84 559 31 37 -3.206336498260498
785 524 81 108 -3.221991777420044
841 524 81 108 -3.231152057647705
24 557 16 23 -3.240316867828369
43 481 100 126 -3.2440638542175293
681 80 15 16 -3.2450127601623535
737 525 81 107 -3.245063066482544
673 525 81 107 -3.250190019607544
877 510 90 110 -3.269355297088623
478 523 52 92 -3.271113872528076
763 303 27 33 -3.2719011306762695
403 457 219 231 -3.2743842601776123
115 554 37 41 -3.2744369506835938
280 60 7 9 -3.2761826515197754
701 90 21 27 -3.277806282043457
987 27 61 80 -3.2782697677612305
213 270 53 69 -3.2793960571289062
961 538 57 63 -3.283444881439209
10 542 49 62 -3.2841057777404785
231 135 42 59 -3.2988696098327637
-158 262 405 524 -3.3083407878875732
507 143 107 142 -3.3086600303649902
-11 327 98 126 -3.3088815212249756
446 432 99 114 -3.3131093978881836
624 525 82 107 -3.316840410232544
505 263 93 115 -3.3192203044891357
994 232 40 47 -3.3203182220458984
801 18 49 47 -3.334632396697998
14 259 47 75 -3.336275339126587
72 174 49 56 -3.3422188758850098
48 407 235 257 -3.344118118286133
869 552 40 52 -3.3476243019104004
388 120 8 8 -3.3492774963378906
521 26 83 119 -3.352473497390747
889 261 84 117 -3.3537821769714355
180 50 27 35 -3.354518175125122
912 557 24 32 -3.3562610149383545
191 456 13 15 -3.361298084259033
493 485 48 54 -3.3613483905792236
174 31 26 41 -3.365318775177002
629 552 40 52 -3.3681321144104004
845 552 40 52 -3.3717942237854004
661 552 40 52 -3.3736252784729004
917 550 41 55 -3.3739240169525146
685 552 40 52 -3.3743577003479004
709 552 40 52 -3.3743577003479004
733 552 40 52 -3.3743577003479004
757 552 40 52 -3.3743577003479004
781 552 40 52 -3.3743577003479004
805 552 40 52 -3.3743577003479004
77 522 119 120 -3.376659393310547
796 127 66 86 -3.3776323795318604
542 336 97 128 -3.3795223236083984
237 404 213 284 -3.3806982040405273
641 142 46 72 -3.381321668624878
175 8 51 68 -3.3814516067504883
88 101 51 83 -3.382070541381836
755 289 12 16 -3.389282703399658
1014 190 15 23 -3.389396905899048
830 70 57 67 -3.3918426036834717
244 81 29 28 -3.395441770553589
824 251 37 47 -3.398451328277588
584 172 14 15 -3.4026217460632324
754 16 21 24 -3.403599262237549
745 279 49 67 -3.403958797454834
164 290 73 95 -3.4054136276245117
737 175 14 15 -3.407261371612549
677 20 23 28 -3.4079928398132324
568 501 18 21 -3.4088475704193115
262 55 31 43 -3.411792516708374
238 131 21 26 -3.4120378494262695
546 307 26 28 -3.4137539863586426
-4 229 55 66 -3.4185497760772705
101 559 29 34 -3.4212117195129395
676 47 37 41 -3.422771453857422
812 115 96 140 -3.423434257507324
253 282 29 33 -3.4264779090881348
131 106 38 45 -3.4264886379241943
162 70 48 90 -3.4268321990966797
698 327 325 496 -3.4293551445007324
635 67 18 23 -3.429795503616333
641 173 28 33 -3.4325692653656006
816 126 14 17 -3.432626247406006
292 113 33 45 -3.432908296585083
930 298 102 146 -3.4338605403900146
908 385 30 38 -3.434426784515381
708 151 11 13 -3.4344990253448486
492 401 34 37 -3.435020923614502
766 155 17 21 -3.43817138671875
135 548 34 45 -3.438992500305176
239 415 8 9 -3.4390974044799805
800 135 32 43 -3.439689874649048
247 239 28 34 -3.4402668476104736
36 558 15 24 -3.4420318603515625
701 22 23 31 -3.4439339637756348
802 162 14 18 -3.4439749717712402
740 252 7 9 -3.4441065788269043
768 171 42 42 -3.4451241493225098
499 552 27 36 -3.446455240249634
285 242 32 50 -3.447817087173462
307 156 33 32 -3.447819232940674
679 285 29 36 -3.4501538276672363
827 527 47 67 -3.451014995574951
401 127 7 8 -3.4515559673309326
724 293 13 20 -3.4533324241638184
544 498 8 10 -3.4546408653259277
861 104 45 54 -3.4551260471343994
537 215 37 45 -3.4555907249450684
445 50 121 143 -3.4557909965515137
815 330 104 138 -3.4559178352355957
540 559 34 32 -3.4564075469970703
276 195 101 120 -3.4575767517089844
888 211 8 9 -3.4581329822540283
267 557 28 34 -3.4585044384002686
228 20 86 97 -3.459214210510254
667 1 57 69 -3.4597816467285156
887 335 99 148 -3.4609334468841553
194 137 31 39 -3.4612903594970703
840 267 8 10 -3.4614598751068115
644 238 26 31 -3.4618663787841797
836 110 52 74 -3.462465763092041
483 562 33 33 -3.4626994132995605
704 556 24 33 -3.463283061981201
728 556 24 33 -3.463283061981201
800 556 24 33 -3.463283061981201
680 556 24 33 -3.463649272918701
824 556 24 33 -3.463649272918701
624 556 25 33 -3.464015483856201
954 276 56 78 -3.464106559753418
551 133 39 59 -3.464235305786133
776 556 24 33 -3.464381694793701
752 556 24 33 -3.464747905731201
950 4 32 40 -3.4653968811035156
840 556 24 33 -3.465846538543701
468 385 53 66 -3.469560146331787
884 101 54 64 -3.4699888229370117
545 199 26 35 -3.470019817352295
753 252 97 148 -3.4701356887817383
102 169 17 27 -3.4710187911987305
859 130 27 31 -3.472069263458252
312 15 45 50 -3.4723775386810303
515 547 23 52 -3.4728479385375977
652 556 24 33 -3.473903179168701
110 133 34 30 -3.474052667617798
580 178 23 41 -3.4757795333862305
