1_Handshaking_Handshaking_1_455.jpg
105
721 99 74 103 2.106689453125
692 34 90 142 -0.009922146797180176
477 109 190 261 -2.2147703170776367
757 113 74 108 -2.4561917781829834
561 130 31 28 -2.802617311477661
849 740 26 45 -2.9822421073913574
694 736 28 32 -3.0124287605285645
654 697 91 173 -3.0910539627075195
878 742 30 36 -3.103680372238159
59 675 100 176 -3.110764265060425
680 740 27 44 -3.133415937423706
824 701 87 118 -3.13895583152771
922 500 179 241 -3.145223617553711
249 62 107 124 -3.1470489501953125
150 741 31 38 -3.1494154930114746
943 738 26 46 -3.152766704559326
331 690 97 125 -3.1530933380126953
508 523 424 500 -3.1632320880889893
197 97 49 65 -3.1675751209259033
19 720 102 102 -3.167698621749878
178 695 103 96 -3.176717758178711
266 742 31 37 -3.1776041984558105
127 738 28 44 -3.1779282093048096
370 741 26 42 -3.185887575149536
120 588 191 331 -3.1986217498779297
884 674 101 171 -3.1999878883361816
749 678 94 167 -3.201019763946533
430 691 100 168 -3.207798480987549
329 740 27 42 -3.2098817825317383
803 733 30 28 -3.2100610733032227
979 743 31 37 -3.2160046100616455
308 746 32 36 -3.2257485389709473
598 682 102 177 -3.2300302982330322
415 119 15 16 -3.2466025352478027
-154 477 474 526 -3.2505455017089844
861 737 31 39 -3.25079345703125
14 742 30 36 -3.252195119857788
837 735 28 35 -3.2525100708007812
116 674 86 138 -3.2692244052886963
195 740 31 37 -3.275282859802246
817 742 35 35 -3.276660442352295
373 676 102 171 -3.279648542404175
615 596 163 238 -3.283034324645996
301 443 350 510 -3.287496566772461
685 728 45 69 -3.293365001678467
735 103 9 9 -3.2954182624816895
-11 669 91 140 -3.307737350463867
215 732 27 43 -3.3134713172912598
366 312 91 130 -3.31868314743042
229 731 37 43 -3.3206894397735596
866 745 14 21 -3.326204538345337
914 709 56 82 -3.3297808170318604
896 744 28 35 -3.332211971282959
208 467 14 15 -3.3427011966705322
957 742 17 32 -3.3431038856506348
242 695 91 117 -3.3444929122924805
100 738 28 43 -3.3480281829833984
700 657 104 151 -3.3503928184509277
231 743 20 23 -3.3594162464141846
955 735 41 46 -3.3614888191223145
384 740 27 44 -3.362788200378418
804 590 196 300 -3.3669302463531494
30 734 29 39 -3.372067928314209
569 739 27 42 -3.3778297901153564
-76 282 770 1015 -3.384324789047241
1006 703 38 44 -3.3932437896728516
138 734 27 33 -3.4022209644317627
728 736 23 30 -3.4030582904815674
284 736 28 37 -3.404757261276245
598 356 38 57 -3.40512752532959
282 152 57 64 -3.4083614349365234
352 734 24 47 -3.4203953742980957
1004 667 33 49 -3.4225239753723145
957 640 118 122 -3.4226763248443604
494 463 38 50 -3.4268462657928467
241 748 17 28 -3.4275004863739014
727 77 57 68 -3.428513765335083
940 60 50 68 -3.428717851638794
405 739 26 44 -3.430873155593872
734 119 11 13 -3.4321787357330322
453 162 65 59 -3.4334664344787598
995 275 46 65 -3.434399366378784
708 745 21 22 -3.4358913898468018
302 177 9 14 -3.4388701915740967
737 711 62 74 -3.4397289752960205
767 120 9 10 -3.441534996032715
538 683 95 127 -3.4416117668151855
926 738 30 35 -3.4436874389648438
751 448 28 34 -3.444906711578369
565 162 105 105 -3.447100877761841
854 745 16 22 -3.4478864669799805
994 729 33 47 -3.453287363052368
246 100 52 74 -3.454298257827759
288 110 13 18 -3.4593756198883057
955 578 102 112 -3.460146903991699
876 742 15 23 -3.4626882076263428
196 80 95 113 -3.462970018386841
635 739 27 44 -3.4634711742401123
491 276 109 117 -3.465470790863037
937 679 96 138 -3.4676969051361084
305 716 54 61 -3.4680421352386475
86 739 29 36 -3.473651885986328
323 350 97 120 -3.473814010620117
267 112 20 26 -3.473884105682373
520 435 35 42 -3.4756128787994385
