1_Handshaking_Handshaking_1_423.jpg
92
627 78 76 108 0.08372968435287476
578 107 77 110 -1.9028725624084473
501 71 19 18 -2.3025059700012207
299 280 8 9 -2.7562952041625977
188 116 8 9 -3.005868911743164
343 458 373 498 -3.084390163421631
539 538 375 431 -3.110684633255005
264 295 7 9 -3.117035388946533
238 715 54 87 -3.129819869995117
160 744 40 48 -3.130098342895508
665 101 7 8 -3.1377344131469727
32 746 28 31 -3.17244291305542
961 753 32 29 -3.180723190307617
558 37 130 138 -3.205404758453369
387 747 29 33 -3.214536666870117
474 615 178 243 -3.216670036315918
161 631 172 258 -3.219191551208496
542 730 61 57 -3.22855806350708
273 742 44 43 -3.2484326362609863
619 137 51 83 -3.252342700958252
701 669 99 176 -3.257035255432129
425 723 47 82 -3.2599527835845947
12 745 27 40 -3.2666096687316895
753 687 94 160 -3.2694034576416016
647 137 14 17 -3.2764651775360107
944 739 40 53 -3.2774500846862793
347 647 180 233 -3.279221534729004
485 62 21 22 -3.289222478866577
277 431 13 17 -3.2943599224090576
80 -5 101 139 -3.3105876445770264
134 707 83 113 -3.310931444168091
-35 521 339 389 -3.3136017322540283
474 743 23 41 -3.3229029178619385
712 746 25 41 -3.3274471759796143
658 563 12 16 -3.331681728363037
564 682 112 120 -3.3335158824920654
175 752 21 27 -3.3352503776550293
67 646 166 192 -3.338508129119873
273 299 8 9 -3.3453314304351807
647 693 103 153 -3.346438407897949
625 87 14 17 -3.3469581604003906
430 715 94 121 -3.348386764526367
280 295 48 72 -3.352534770965576
354 285 109 120 -3.355343818664551
795 691 116 128 -3.3572938442230225
505 724 49 68 -3.357576370239258
772 749 35 30 -3.3623111248016357
499 750 30 30 -3.3653697967529297
816 253 31 39 -3.3683032989501953
951 751 17 25 -3.3699774742126465
708 727 46 76 -3.370387554168701
592 749 29 29 -3.372490406036377
-11 735 41 50 -3.3811638355255127
93 747 30 29 -3.3835837841033936
423 58 89 137 -3.387529134750366
-33 694 117 127 -3.395057201385498
1010 156 22 28 -3.396068572998047
617 7 177 234 -3.3966879844665527
449 129 52 70 -3.399127960205078
266 425 28 29 -3.4012207984924316
161 101 43 62 -3.4096922874450684
455 22 91 127 -3.4106502532958984
523 425 18 27 -3.4170806407928467
727 311 106 178 -3.420668601989746
-242 316 788 926 -3.4222092628479004
489 83 32 40 -3.423588752746582
483 690 110 117 -3.426809072494507
757 752 33 31 -3.4277150630950928
573 725 51 82 -3.4328598976135254
713 600 251 259 -3.4362564086914062
207 551 21 31 -3.438148260116577
1005 197 29 31 -3.442919969558716
254 747 27 33 -3.444902181625366
668 748 25 31 -3.445225238800049
925 692 95 123 -3.446707010269165
797 290 45 76 -3.4476733207702637
677 422 98 140 -3.4479167461395264
430 745 25 39 -3.4489307403564453
291 751 22 25 -3.450430393218994
493 62 37 36 -3.450685501098633
821 598 15 15 -3.454143524169922
296 260 781 928 -3.4560186862945557
29 729 48 78 -3.456598997116089
521 111 23 28 -3.457009792327881
918 736 39 48 -3.457382917404175
186 67 30 28 -3.459392547607422
647 597 99 124 -3.459714889526367
383 568 106 154 -3.4618980884552
8 537 23 28 -3.462444305419922
296 184 8 10 -3.4672904014587402
701 79 32 40 -3.4691476821899414
457 341 18 21 -3.4713053703308105
