1_Handshaking_Handshaking_1_232.jpg
113
305 55 101 122 0.4647120237350464
536 151 16 17 -2.7612204551696777
543 134 15 18 -2.8180298805236816
562 255 30 34 -2.885897397994995
354 5 96 141 -2.9295403957366943
572 143 8 9 -2.934722423553467
698 199 21 27 -2.9411158561706543
348 104 65 102 -3.005553960800171
192 367 8 8 -3.031639814376831
968 559 9 10 -3.0367650985717773
738 209 25 32 -3.049818277359009
557 187 8 10 -3.0834057331085205
552 178 9 11 -3.126951217651367
28 536 58 62 -3.1445651054382324
679 251 9 10 -3.1965017318725586
504 240 8 9 -3.1983110904693604
480 181 13 20 -3.2073047161102295
308 554 24 30 -3.2324321269989014
257 549 44 44 -3.252027988433838
737 559 28 30 -3.25211238861084
529 521 51 90 -3.2549045085906982
-30 454 179 191 -3.2594807147979736
788 359 18 19 -3.262998580932617
508 556 30 30 -3.2709124088287354
801 563 25 25 -3.2776331901550293
782 517 100 116 -3.2789695262908936
497 152 30 30 -3.290269374847412
696 511 114 119 -3.2927770614624023
587 81 183 243 -3.293513536453247
475 499 93 127 -3.2943217754364014
475 269 35 42 -3.3013246059417725
464 534 54 88 -3.305328845977783
450 559 28 28 -3.314692258834839
480 405 8 9 -3.3182597160339355
-12 508 87 110 -3.321840524673462
730 356 31 30 -3.3224143981933594
73 518 119 107 -3.331066370010376
390 431 187 239 -3.3328638076782227
496 235 7 10 -3.339949131011963
857 527 51 80 -3.3453376293182373
819 555 17 28 -3.3454689979553223
961 543 7 9 -3.3500168323516846
998 556 33 38 -3.3545610904693604
700 13 14 16 -3.3558077812194824
918 135 19 24 -3.3568477630615234
968 474 89 91 -3.3597142696380615
504 164 15 17 -3.3626749515533447
489 168 14 20 -3.3636696338653564
669 303 44 52 -3.364858865737915
528 199 8 9 -3.36544132232666
672 256 15 17 -3.366147518157959
588 556 29 33 -3.36806583404541
956 546 12 17 -3.368980884552002
1012 518 12 19 -3.373196840286255
822 204 17 19 -3.3767523765563965
166 506 90 139 -3.380645990371704
781 448 180 219 -3.385958194732666
491 95 78 109 -3.385972261428833
553 322 93 114 -3.3872501850128174
560 538 62 66 -3.3887104988098145
474 147 48 61 -3.389129400253296
437 554 27 42 -3.3898844718933105
890 528 35 43 -3.3906707763671875
266 561 18 22 -3.392210006713867
800 544 41 51 -3.3950443267822266
478 203 51 65 -3.396378517150879
571 140 41 59 -3.398822784423828
316 561 30 30 -3.3997645378112793
729 98 18 24 -3.4063644409179688
528 125 47 50 -3.4068071842193604
574 557 27 30 -3.40738844871521
1011 437 24 44 -3.4099371433258057
268 506 86 125 -3.4130008220672607
979 558 29 27 -3.415998935699463
589 136 24 28 -3.4168992042541504
567 294 46 60 -3.421995162963867
703 192 72 100 -3.4229187965393066
864 210 32 34 -3.424440383911133
330 99 47 53 -3.4262824058532715
540 53 23 24 -3.429401159286499
792 556 26 42 -3.4317989349365234
349 190 76 141 -3.432912826538086
452 268 72 88 -3.4332873821258545
781 292 50 59 -3.4408304691314697
703 193 34 46 -3.442218542098999
680 553 26 31 -3.444429397583008
494 227 21 30 -3.4463560581207275
532 156 40 53 -3.4475715160369873
806 232 56 67 -3.4483370780944824
668 554 27 40 -3.4498395919799805
920 123 37 47 -3.4502382278442383
236 556 47 49 -3.451308250427246
405 284 40 55 -3.4548678398132324
957 549 55 66 -3.455911874771118
657 180 193 279 -3.4566850662231445
738 482 55 56 -3.4567861557006836
525 166 23 33 -3.4572269916534424
1015 210 16 32 -3.4579086303710938
-1 199 44 48 -3.460061550140381
26 427 40 52 -3.4630796909332275
479 191 111 126 -3.4634299278259277
932 550 23 45 -3.4643890857696533
997 414 47 50 -3.4666402339935303
474 517 33 44 -3.4670119285583496
718 321 44 77 -3.467761516571045
515 187 22 29 -3.4682254791259766
735 224 21 24 -3.4697647094726562
671 255 108 138 -3.47017502784729
217 496 87 116 -3.4713852405548096
669 337 119 119 -3.472848415374756
388 143 17 21 -3.474541187286377
574 272 143 217 -3.4747049808502197
188 546 43 52 -3.4752743244171143
