1_Handshaking_Handshaking_1_150.jpg
152
252 139 87 104 4.618490219116211
237 189 122 98 0.04620915651321411
693 105 90 144 -1.333550214767456
104 611 9 10 -1.9156054258346558
171 648 8 9 -1.96962308883667
323 229 52 66 -2.0747196674346924
168 599 8 9 -2.1633987426757812
164 648 8 9 -2.246302604675293
200 656 8 8 -2.352079391479492
502 143 95 130 -2.5824413299560547
980 471 7 10 -2.7018401622772217
625 113 14 17 -2.7250819206237793
777 191 15 17 -2.7630271911621094
802 207 15 18 -2.7971901893615723
272 219 8 10 -2.7972970008850098
116 209 51 74 -2.8763370513916016
148 592 7 9 -2.9387459754943848
521 206 103 131 -2.989901542663574
-8 232 92 108 -3.000037431716919
473 -2 184 283 -3.006349563598633
691 756 30 30 -3.0168609619140625
193 648 7 8 -3.0281035900115967
197 733 52 77 -3.0807204246520996
227 753 26 34 -3.08803653717041
1006 95 29 44 -3.104306697845459
695 156 48 80 -3.1248738765716553
324 219 94 120 -3.1490676403045654
244 181 56 71 -3.1640188694000244
583 83 8 9 -3.172471284866333
285 230 15 16 -3.176476001739502
442 757 26 33 -3.187253713607788
128 607 14 20 -3.193845748901367
985 754 30 41 -3.199873447418213
514 755 42 50 -3.2051868438720703
220 764 20 23 -3.206207513809204
9 758 33 36 -3.2071309089660645
926 753 36 47 -3.2090885639190674
499 714 103 118 -3.220735788345337
591 761 24 24 -3.23160719871521
495 755 32 37 -3.2581896781921387
967 485 14 19 -3.2613701820373535
376 659 8 9 -3.2627980709075928
160 323 9 10 -3.266171932220459
1012 104 16 23 -3.275482654571533
891 690 104 135 -3.275725841522217
204 624 7 8 -3.2758138179779053
982 40 90 139 -3.2842438220977783
114 761 30 34 -3.287175178527832
507 613 13 16 -3.291069269180298
322 192 12 17 -3.292440414428711
88 748 36 43 -3.29461932182312
449 712 98 131 -3.294997215270996
280 234 14 16 -3.2969131469726562
1013 425 21 31 -3.301865816116333
164 681 41 66 -3.304994821548462
-13 719 98 114 -3.3050036430358887
601 748 41 52 -3.315601348876953
568 751 8 10 -3.3205316066741943
960 460 8 10 -3.3280138969421387
5 491 104 151 -3.3325507640838623
838 120 80 61 -3.338207244873047
131 748 41 48 -3.3382863998413086
768 748 41 49 -3.341174602508545
31 756 20 32 -3.3564765453338623
842 748 40 47 -3.356642484664917
95 683 53 79 -3.3601393699645996
612 111 28 34 -3.3617260456085205
1014 438 12 18 -3.365140914916992
194 293 15 16 -3.368025302886963
122 700 16 22 -3.369096279144287
945 731 97 126 -3.3698179721832275
970 468 10 13 -3.3702104091644287
540 759 27 35 -3.3705508708953857
742 747 29 34 -3.37372088432312
408 684 79 144 -3.3742759227752686
963 471 9 10 -3.375535726547241
973 163 64 132 -3.3804609775543213
634 428 10 14 -3.3824567794799805
235 607 8 10 -3.3837642669677734
216 643 8 9 -3.3848276138305664
946 188 26 33 -3.385321617126465
813 747 40 45 -3.386293411254883
144 593 7 8 -3.387874126434326
310 150 109 123 -3.3916568756103516
176 746 42 49 -3.3921585083007812
238 762 17 19 -3.3930468559265137
793 613 52 70 -3.3942534923553467
114 508 8 9 -3.3946597576141357
716 168 100 120 -3.3958113193511963
578 745 41 52 -3.3960914611816406
231 764 15 18 -3.3979270458221436
782 160 26 36 -3.4078516960144043
443 311 31 28 -3.4088027477264404
136 230 100 133 -3.4098238945007324
849 182 13 17 -3.4110054969787598
479 84 23 36 -3.411101818084717
720 249 97 118 -3.4115219116210938
605 759 20 29 -3.4121901988983154
129 607 8 10 -3.413046360015869
208 -9 35 48 -3.4189860820770264
790 184 7 8 -3.419198989868164
697 741 43 63 -3.4194676876068115
911 142 210 283 -3.420323610305786
322 295 109 124 -3.4225573539733887
257 275 41 72 -3.4278132915496826
840 283 91 124 -3.4320638179779053
656 700 102 138 -3.4322521686553955
300 199 39 44 -3.4328653812408447
990 413 47 75 -3.4337074756622314
701 667 16 21 -3.4355902671813965
1001 253 35 69 -3.437882423400879
185 695 105 128 -3.4387011528015137
890 242 103 140 -3.439208507537842
780 540 58 63 -3.442518949508667
709 760 15 18 -3.4447083473205566
78 336 50 72 -3.446481943130493
269 372 8 9 -3.447155237197876
453 291 28 33 -3.4472808837890625
150 318 26 22 -3.4473700523376465
815 174 28 33 -3.447831392288208
595 145 23 32 -3.4489123821258545
774 176 16 16 -3.4501595497131348
953 750 32 45 -3.450838088989258
493 541 39 42 -3.4509224891662598
821 246 48 62 -3.4509713649749756
200 283 8 9 -3.451240062713623
608 92 8 8 -3.4514081478118896
915 438 16 19 -3.452031373977661
323 170 28 39 -3.4532694816589355
1013 347 12 18 -3.453517198562622
582 89 66 92 -3.454024314880371
709 97 54 60 -3.457087755203247
755 268 102 153 -3.457798480987549
255 339 48 73 -3.457850217819214
737 352 18 22 -3.4588725566864014
402 334 97 151 -3.4593379497528076
554 79 178 175 -3.460264205932617
137 303 48 55 -3.4624481201171875
445 317 14 20 -3.462769031524658
510 619 23 32 -3.4628028869628906
354 628 48 59 -3.463010311126709
836 223 57 71 -3.4639229774475098
518 630 27 25 -3.464268207550049
522 759 21 24 -3.4642868041992188
926 453 53 76 -3.4683315753936768
863 573 11 18 -3.468798875808716
343 252 38 35 -3.4706625938415527
1003 475 12 13 -3.471226215362549
521 74 76 102 -3.472634792327881
751 575 106 127 -3.4730329513549805
756 164 200 238 -3.473365306854248
944 145 33 29 -3.4741508960723877
