1_Handshaking_Handshaking_1_207.jpg
114
56 148 132 165 2.192873239517212
734 305 176 252 2.075103282928467
84 47 181 231 1.5746041536331177
784 314 8 9 -2.3555715084075928
649 245 190 265 -2.628260612487793
344 819 101 127 -2.9574851989746094
384 970 96 116 -2.960167169570923
247 999 31 40 -2.982748031616211
428 1001 27 43 -3.0455126762390137
263 1005 16 28 -3.1531310081481934
621 971 58 85 -3.154714584350586
572 1003 27 42 -3.1634202003479004
285 1002 26 43 -3.168173313140869
244 962 94 117 -3.1745047569274902
499 1001 28 44 -3.1757164001464844
1007 746 28 42 -3.183642864227295
440 996 26 36 -3.1934993267059326
548 922 199 226 -3.198340654373169
508 982 52 86 -3.199732780456543
921 320 7 9 -3.2136900424957275
126 165 97 106 -3.214906692504883
537 968 95 107 -3.2214596271514893
301 1001 26 44 -3.22261905670166
424 919 195 218 -3.2276101112365723
805 1000 27 43 -3.2280611991882324
11 1002 30 39 -3.232661247253418
759 995 40 55 -3.233269453048706
835 997 27 48 -3.2337393760681152
706 996 36 43 -3.2380409240722656
688 999 37 48 -3.239867687225342
642 972 99 111 -3.2471463680267334
393 1004 29 42 -3.2496557235717773
272 902 208 238 -3.253563404083252
53 962 88 92 -3.260906219482422
411 1000 29 44 -3.264230966567993
164 311 8 9 -3.267723560333252
1012 753 15 23 -3.26887583732605
152 1002 26 38 -3.2720909118652344
686 957 102 108 -3.2795891761779785
663 876 188 247 -3.281871795654297
225 1006 28 38 -3.2869935035705566
768 877 167 266 -3.290018081665039
636 1000 26 43 -3.2923219203948975
93 1004 29 36 -3.297868013381958
772 432 7 9 -3.2995352745056152
455 992 52 80 -3.299593687057495
799 259 183 223 -3.3004095554351807
230 981 58 77 -3.3054094314575195
17 962 58 72 -3.3166587352752686
140 979 44 72 -3.317718982696533
1005 254 37 41 -3.3248977661132812
460 271 189 237 -3.3285210132598877
976 700 84 145 -3.3291280269622803
355 792 189 220 -3.331620693206787
202 1005 27 32 -3.333850622177124
369 973 51 93 -3.3349921703338623
770 961 99 108 -3.3375415802001953
266 997 25 43 -3.3412375450134277
118 1006 31 35 -3.3432819843292236
479 976 53 80 -3.3498337268829346
515 1002 28 43 -3.3584179878234863
1008 276 32 41 -3.3596138954162598
870 980 58 69 -3.360729694366455
933 986 51 65 -3.364333152770996
64 984 39 56 -3.3703808784484863
972 75 90 108 -3.376065731048584
888 945 104 174 -3.3770928382873535
1011 766 16 26 -3.3797028064727783
256 767 105 119 -3.3827052116394043
870 1004 26 42 -3.383577823638916
587 998 27 34 -3.3840885162353516
1010 266 16 37 -3.3853864669799805
326 1004 27 39 -3.392301082611084
826 949 93 132 -3.393187999725342
651 1003 28 42 -3.393263816833496
335 974 54 90 -3.394624710083008
776 1004 27 30 -3.3964908123016357
1013 783 16 21 -3.397075891494751
96 945 112 146 -3.3984153270721436
604 996 45 48 -3.398766279220581
1005 768 30 40 -3.3993566036224365
727 1000 26 32 -3.4000563621520996
570 918 101 136 -3.400904655456543
903 988 55 67 -3.4041032791137695
917 1006 29 33 -3.4048495292663574
1008 955 26 40 -3.405867099761963
-24 956 84 131 -3.407773971557617
190 135 42 51 -3.4131736755371094
433 905 7 8 -3.421400785446167
450 53 94 123 -3.4224040508270264
676 352 297 388 -3.424386978149414
126 247 48 70 -3.4306507110595703
741 172 176 213 -3.432835578918457
707 1009 16 22 -3.435410737991333
451 1000 27 42 -3.440174102783203
845 990 53 68 -3.441631555557251
974 627 68 106 -3.4486188888549805
247 835 31 44 -3.4491677284240723
765 384 53 75 -3.45088529586792
255 1010 16 21 -3.451023578643799
762 704 98 125 -3.4532716274261475
544 1002 41 55 -3.4538493156433105
790 1004 28 33 -3.454432964324951
335 911 100 138 -3.4575917720794678
770 1009 17 30 -3.4579615592956543
365 879 53 56 -3.4618687629699707
1007 788 26 39 -3.4653501510620117
681 526 165 228 -3.467336654663086
786 341 52 75 -3.4697508811950684
1010 990 16 27 -3.4733808040618896
951 971 65 93 -3.4741485118865967
267 848 42 49 -3.4753174781799316
487 1000 27 37 -3.475635528564453
929 216 22 27 -3.475700855255127
