1_Handshaking_Handshaking_1_462.jpg
164
434 372 334 448 4.760401725769043
553 539 320 412 2.5037965774536133
984 909 8 9 -2.2464826107025146
914 846 14 18 -2.875729560852051
355 548 341 478 -2.943310022354126
599 1328 15 17 -3.0203323364257812
574 248 360 503 -3.14941143989563
758 369 10 14 -3.1555612087249756
611 1456 96 166 -3.159982442855835
648 89 13 17 -3.2120156288146973
718 1329 19 30 -3.2166287899017334
880 120 8 9 -3.2430925369262695
999 28 31 50 -3.2501254081726074
545 1450 102 163 -3.2916998863220215
562 504 32 33 -3.2970123291015625
458 416 172 228 -3.2971091270446777
427 1310 394 462 -3.3031821250915527
835 799 218 223 -3.318199872970581
57 601 25 38 -3.322113037109375
-17 1447 180 190 -3.324896812438965
991 629 11 14 -3.332153558731079
1002 595 29 38 -3.338913679122925
290 378 59 76 -3.343863010406494
844 740 17 21 -3.347905158996582
266 190 13 17 -3.3480188846588135
8 971 42 62 -3.3513550758361816
577 539 154 237 -3.3526618480682373
520 1335 201 267 -3.353700876235962
590 1328 16 17 -3.361133575439453
730 41 30 38 -3.3612747192382812
905 1024 21 19 -3.363424777984619
716 1353 23 30 -3.3664395809173584
202 808 22 27 -3.3723526000976562
938 911 30 38 -3.3755714893341064
104 648 14 16 -3.385744333267212
12 1311 369 397 -3.3865301609039307
398 538 83 94 -3.387972593307495
325 815 28 31 -3.3908634185791016
269 612 87 118 -3.391191244125366
738 783 199 259 -3.3916871547698975
2 691 89 137 -3.3928070068359375
312 829 45 59 -3.3944272994995117
28 359 118 158 -3.395002841949463
780 951 25 26 -3.3972861766815186
740 909 26 30 -3.397909164428711
651 6 55 61 -3.3981943130493164
839 733 37 45 -3.3991992473602295
941 877 43 49 -3.399768829345703
726 895 61 80 -3.4008967876434326
771 770 86 127 -3.401721715927124
866 809 13 14 -3.4040961265563965
458 245 50 79 -3.407607078552246
75 658 22 26 -3.4107251167297363
526 638 176 256 -3.4115307331085205
993 827 8 9 -3.4115371704101562
209 837 40 46 -3.4131064414978027
628 750 13 18 -3.41430926322937
349 577 22 28 -3.4147109985351562
479 567 53 78 -3.414719343185425
5 904 33 34 -3.4150497913360596
960 760 40 51 -3.4152092933654785
910 947 37 51 -3.4154951572418213
362 1420 176 219 -3.418837070465088
355 728 74 92 -3.4199798107147217
820 796 50 68 -3.4231154918670654
1004 676 30 42 -3.423128128051758
845 717 17 22 -3.4249157905578613
523 890 199 218 -3.4277737140655518
164 748 15 20 -3.4281935691833496
880 1416 96 201 -3.428220748901367
333 530 42 51 -3.4287807941436768
240 675 45 54 -3.4304230213165283
48 1335 101 135 -3.4318056106567383
29 684 21 24 -3.4328579902648926
882 801 19 25 -3.4341089725494385
186 535 193 239 -3.4347763061523438
829 641 34 47 -3.4367427825927734
231 627 52 68 -3.436807632446289
905 787 17 20 -3.436934471130371
630 129 11 14 -3.4380879402160645
493 953 24 34 -3.4393186569213867
648 551 16 20 -3.439713954925537
150 659 181 207 -3.4411911964416504
483 279 45 56 -3.4414021968841553
80 625 38 44 -3.4428634643554688
336 548 24 27 -3.442976474761963
453 577 30 47 -3.4430766105651855
826 805 26 35 -3.443260669708252
630 440 198 271 -3.4440319538116455
343 668 18 19 -3.4443459510803223
539 12 34 49 -3.444413900375366
105 647 31 33 -3.4449071884155273
874 808 21 24 -3.4449431896209717
414 254 43 74 -3.444955825805664
209 789 71 99 -3.4451076984405518
662 55 13 18 -3.4452643394470215
260 1351 213 346 -3.445617437362671
282 924 50 58 -3.4459095001220703
877 891 105 118 -3.4468088150024414
523 574 64 68 -3.448148250579834
2 554 88 121 -3.448155164718628
555 3 19 29 -3.4496254920959473
740 657 13 19 -3.4514236450195312
18 615 19 21 -3.451512098312378
653 1458 72 91 -3.4521923065185547
169 759 27 35 -3.4524314403533936
189 806 18 28 -3.4524660110473633
998 805 36 42 -3.452955722808838
731 783 37 62 -3.453146457672119
949 872 22 26 -3.4531750679016113
959 421 17 25 -3.4538862705230713
149 861 104 111 -3.4540488719940186
438 463 56 88 -3.454406976699829
951 1033 32 43 -3.455317974090576
955 784 18 22 -3.4553680419921875
688 997 45 75 -3.4555368423461914
714 990 70 93 -3.456080913543701
440 342 24 27 -3.4562408924102783
912 55 8 10 -3.456496477127075
953 1029 13 20 -3.45693302154541
829 716 98 98 -3.4571034908294678
129 769 30 41 -3.457343339920044
488 1412 121 161 -3.458029270172119
519 34 12 15 -3.4587607383728027
388 239 51 76 -3.459066867828369
844 900 75 109 -3.4599251747131348
928 986 15 21 -3.460655689239502
982 964 30 36 -3.461097240447998
745 108 7 8 -3.4612598419189453
532 486 57 64 -3.4616808891296387
865 726 131 151 -3.462472677230835
418 1383 56 59 -3.463531970977783
960 845 14 18 -3.4636924266815186
347 556 44 79 -3.4642183780670166
731 696 98 142 -3.464586019515991
284 520 70 73 -3.4651644229888916
459 1307 20 26 -3.465285301208496
895 721 42 53 -3.4657986164093018
1010 23 18 25 -3.466597557067871
739 857 17 22 -3.4670119285583496
360 185 116 153 -3.4679665565490723
723 626 25 27 -3.4684836864471436
27 574 18 27 -3.4684977531433105
877 974 94 129 -3.4685137271881104
433 789 91 134 -3.4686012268066406
925 978 36 43 -3.468930721282959
952 431 23 26 -3.4691696166992188
838 333 24 26 -3.469170570373535
552 506 25 25 -3.469560146331787
642 58 19 22 -3.470149040222168
409 313 118 149 -3.4702963829040527
182 888 41 54 -3.4704179763793945
346 759 28 31 -3.470608711242676
969 588 8 8 -3.470991373062134
199 690 27 39 -3.471144437789917
598 1345 12 16 -3.471879720687866
302 1008 22 25 -3.4719462394714355
155 844 21 29 -3.4721131324768066
936 907 16 15 -3.4726920127868652
742 805 20 29 -3.4731297492980957
690 1375 17 24 -3.4732985496520996
452 279 104 117 -3.473931312561035
308 657 60 81 -3.4746336936950684
1009 57 16 23 -3.474876880645752
