1_Handshaking_Handshaking_1_476.jpg
158
236 349 345 532 2.8777573108673096
353 498 391 519 0.7972490787506104
577 83 69 72 -0.7196751236915588
122 -31 816 931 -1.9562714099884033
549 85 61 85 -2.022900104522705
935 984 17 21 -2.403719425201416
530 126 72 83 -2.53898024559021
211 433 179 243 -2.6013269424438477
444 132 8 10 -2.733832836151123
879 961 25 33 -2.887296438217163
306 612 227 226 -2.947908878326416
448 133 8 9 -2.9572834968566895
360 514 183 221 -3.0185091495513916
519 134 16 19 -3.109421968460083
938 81 45 48 -3.1102476119995117
463 29 31 41 -3.134880781173706
320 236 8 9 -3.138310670852661
439 5 18 20 -3.1575613021850586
878 978 22 27 -3.1778852939605713
955 277 13 18 -3.1889185905456543
194 516 115 124 -3.1915369033813477
775 1361 81 126 -3.197362184524536
329 1415 31 35 -3.198896884918213
806 1412 41 41 -3.2075741291046143
417 31 29 33 -3.2090189456939697
768 231 7 10 -3.235267162322998
112 1412 31 37 -3.2448177337646484
257 110 13 18 -3.2509632110595703
440 119 8 10 -3.276583671569824
523 109 58 60 -3.2783708572387695
451 26 27 37 -3.2853684425354004
593 46 74 85 -3.2900309562683105
525 1345 91 139 -3.2919161319732666
415 1408 43 44 -3.3069729804992676
549 227 7 10 -3.3105547428131104
392 267 376 481 -3.3113250732421875
541 1398 44 46 -3.3124701976776123
461 1413 34 34 -3.3202590942382812
354 1194 15 20 -3.330324649810791
106 1412 20 29 -3.3450686931610107
678 149 23 32 -3.3467867374420166
909 337 44 74 -3.350008010864258
822 1362 98 127 -3.350055694580078
623 58 107 123 -3.3536949157714844
950 1005 108 120 -3.3539586067199707
606 69 34 46 -3.355830669403076
1001 1303 45 78 -3.359269380569458
875 31 221 329 -3.3718199729919434
702 1416 29 31 -3.373840570449829
1006 663 22 28 -3.374683141708374
229 116 54 67 -3.375316619873047
336 395 178 234 -3.3766000270843506
272 183 8 9 -3.3796112537384033
570 1412 29 33 -3.3797309398651123
442 244 123 153 -3.3822972774505615
958 1282 10 14 -3.382448673248291
992 293 20 25 -3.384127616882324
374 30 65 73 -3.3881595134735107
575 126 27 32 -3.389164686203003
897 277 34 58 -3.394179344177246
359 1417 27 35 -3.3956832885742188
826 1413 44 48 -3.3957297801971436
315 1412 27 36 -3.4022610187530518
228 755 40 63 -3.402630567550659
310 1371 11 15 -3.4035463333129883
287 1387 98 120 -3.4076132774353027
593 1418 29 36 -3.4095771312713623
198 1397 48 50 -3.4112000465393066
264 139 10 15 -3.4123988151550293
788 27 45 48 -3.412860870361328
817 1412 20 25 -3.413637638092041
523 1096 393 519 -3.4158825874328613
354 699 30 46 -3.4171013832092285
-41 390 229 195 -3.4173784255981445
858 238 107 129 -3.4176430702209473
113 1305 27 29 -3.4207825660705566
445 -1 84 109 -3.4217259883880615
673 916 171 244 -3.4217870235443115
876 537 59 62 -3.4219472408294678
327 192 17 24 -3.423462152481079
228 1313 91 138 -3.42376708984375
468 8 222 243 -3.424442768096924
433 652 201 237 -3.4250245094299316
367 5 12 14 -3.4254462718963623
890 1042 200 194 -3.425987720489502
663 1346 170 212 -3.4263362884521484
702 168 7 9 -3.4265754222869873
429 1414 21 25 -3.4272704124450684
575 136 12 15 -3.427602529525757
670 127 55 64 -3.4281458854675293
66 435 90 128 -3.4305896759033203
868 599 78 92 -3.430894374847412
980 1312 13 18 -3.432573080062866
943 379 28 40 -3.4326415061950684
439 449 29 38 -3.432915687561035
929 87 79 87 -3.435126781463623
487 183 14 20 -3.436183214187622
516 254 14 18 -3.438333749771118
544 219 8 10 -3.439436674118042
288 21 29 40 -3.4405629634857178
855 1407 39 47 -3.4431498050689697
469 53 48 58 -3.4440298080444336
474 455 198 269 -3.445319175720215
686 1179 22 31 -3.445669651031494
335 697 23 25 -3.446183204650879
629 504 390 522 -3.446357488632202
292 781 98 148 -3.447343587875366
231 105 16 26 -3.4480278491973877
927 281 16 25 -3.449186325073242
931 991 16 23 -3.44932222366333
933 452 150 150 -3.4521901607513428
967 85 35 52 -3.4529433250427246
770 1406 40 44 -3.453012466430664
479 25 83 107 -3.4530861377716064
925 1154 50 67 -3.4541451930999756
385 46 19 29 -3.454326629638672
573 102 29 36 -3.454359531402588
438 34 20 25 -3.4553613662719727
69 1356 93 138 -3.45595383644104
309 463 37 52 -3.4560842514038086
297 252 23 31 -3.456810235977173
299 94 16 23 -3.4570932388305664
96 1324 47 66 -3.458193302154541
570 74 29 37 -3.4589037895202637
524 264 97 133 -3.459160089492798
268 213 22 35 -3.461538076400757
1014 63 16 27 -3.461760997772217
783 1024 42 49 -3.4628167152404785
852 454 81 105 -3.4628376960754395
659 1138 27 36 -3.463061571121216
305 176 52 66 -3.4632339477539062
353 199 16 22 -3.4653446674346924
167 143 31 49 -3.4657111167907715
35 393 46 55 -3.4660165309906006
966 182 46 56 -3.466031312942505
447 511 35 40 -3.466149091720581
987 249 29 33 -3.466294527053833
312 16 53 72 -3.4665932655334473
914 662 41 57 -3.4669313430786133
256 551 37 43 -3.4669675827026367
981 191 15 17 -3.4670135974884033
416 59 12 17 -3.467017889022827
648 191 8 10 -3.4683501720428467
105 1287 44 60 -3.4703140258789062
43 1252 102 132 -3.4705650806427
425 458 17 28 -3.470998764038086
217 112 21 27 -3.471208095550537
798 185 100 136 -3.471259832382202
449 633 15 23 -3.4717977046966553
256 454 107 118 -3.4718966484069824
477 31 36 53 -3.4726266860961914
660 1409 29 43 -3.472810745239258
517 358 22 28 -3.4731736183166504
929 591 17 26 -3.47392201423645
327 207 12 19 -3.4740757942199707
234 943 33 51 -3.474588632583618
638 978 20 27 -3.4748642444610596
957 60 32 56 -3.475806474685669
