1_Handshaking_Handshaking_1_97.jpg
42
179 22 176 229 1.461139440536499
348 809 84 104 -2.9410011768341064
322 844 81 115 -3.196491241455078
1007 36 27 41 -3.251324415206909
39 549 18 19 -3.2949962615966797
512 865 31 32 -3.3049817085266113
948 733 117 171 -3.336721897125244
1007 228 26 41 -3.3429930210113525
977 758 55 88 -3.3451151847839355
634 860 11 13 -3.353095769882202
951 462 116 171 -3.357233762741089
1011 853 16 29 -3.3608274459838867
86 936 103 133 -3.3624205589294434
504 801 48 66 -3.3858554363250732
11 1152 106 184 -3.3929011821746826
465 839 95 107 -3.39445424079895
293 290 109 111 -3.4048261642456055
234 91 206 226 -3.41005277633667
1007 204 26 41 -3.4130542278289795
305 354 64 84 -3.414576530456543
152 1125 50 58 -3.415541172027588
698 985 103 150 -3.42096209526062
320 619 178 261 -3.421151876449585
292 189 103 124 -3.428131580352783
223 830 95 127 -3.436619281768799
147 315 51 71 -3.436803102493286
295 348 26 36 -3.4403953552246094
869 877 17 26 -3.4405651092529297
122 1009 185 230 -3.4421000480651855
706 1010 39 43 -3.4449892044067383
185 294 89 125 -3.4469094276428223
87 1179 110 137 -3.4518496990203857
196 488 92 123 -3.4541280269622803
17 556 10 12 -3.4566121101379395
329 631 95 118 -3.4572901725769043
-50 1014 393 433 -3.4640040397644043
245 83 94 127 -3.469851016998291
671 837 16 17 -3.4709882736206055
342 932 109 132 -3.4729816913604736
316 225 47 61 -3.4733448028564453
396 979 100 145 -3.475182056427002
1007 143 29 45 -3.4760286808013916
