1_Handshaking_Handshaking_1_433.jpg
83
137 295 30 29 -2.6059603691101074
737 180 8 9 -2.609922409057617
948 303 25 31 -2.767030954360962
227 86 13 16 -2.7990458011627197
225 325 8 10 -2.871664524078369
418 10 13 16 -2.902930736541748
65 345 13 16 -3.0449728965759277
47 353 14 16 -3.061521053314209
225 284 8 8 -3.0632495880126953
201 188 7 9 -3.0716590881347656
425 85 7 9 -3.072652816772461
272 674 16 15 -3.0999770164489746
433 156 7 9 -3.1711068153381348
434 110 767 904 -3.199049949645996
872 115 8 9 -3.19992733001709
42 312 14 16 -3.2016234397888184
37 369 20 26 -3.2177608013153076
397 190 30 36 -3.2206900119781494
702 531 195 314 -3.2463231086730957
219 288 15 17 -3.2570409774780273
171 366 12 15 -3.260305166244507
371 641 57 65 -3.269662857055664
857 641 55 63 -3.2756917476654053
294 538 194 227 -3.2918009757995605
946 649 49 62 -3.2922496795654297
453 80 11 11 -3.2954607009887695
11 646 57 74 -3.3152198791503906
960 279 15 17 -3.3181300163269043
445 11 32 35 -3.331005573272705
343 570 11 13 -3.3520359992980957
148 291 8 9 -3.353634834289551
769 193 14 17 -3.3635475635528564
400 651 49 66 -3.3644535541534424
448 644 48 79 -3.366384983062744
340 644 55 64 -3.369150161743164
122 304 12 17 -3.3727736473083496
741 516 13 18 -3.3727922439575195
1012 59 17 28 -3.3739967346191406
-207 359 743 828 -3.3767411708831787
832 541 15 17 -3.3788626194000244
480 537 53 64 -3.3809549808502197
403 139 25 29 -3.387270927429199
937 67 7 9 -3.390700101852417
397 536 196 258 -3.3909313678741455
664 645 50 77 -3.3952832221984863
391 177 53 67 -3.4015045166015625
558 648 46 64 -3.4022293090820312
370 72 19 26 -3.4025139808654785
383 313 19 19 -3.4031553268432617
187 343 49 68 -3.405728816986084
459 255 23 37 -3.421748638153076
1010 139 19 29 -3.424086809158325
102 347 28 32 -3.425185203552246
26 341 39 58 -3.4276177883148193
140 276 32 36 -3.4285149574279785
459 479 9 11 -3.429075002670288
474 643 52 70 -3.4320859909057617
997 404 42 68 -3.4321560859680176
29 339 18 22 -3.4338650703430176
247 368 16 17 -3.4408183097839355
404 230 53 64 -3.443533182144165
1016 333 10 19 -3.4444990158081055
446 171 38 46 -3.4461894035339355
193 231 7 9 -3.446354389190674
931 182 131 218 -3.4534354209899902
768 88 7 9 -3.454862594604492
372 130 100 129 -3.456146717071533
949 276 22 25 -3.457545757293701
992 313 8 9 -3.458885431289673
901 102 8 9 -3.46025013923645
551 17 12 16 -3.4609293937683105
413 615 108 116 -3.461229085922241
324 253 7 8 -3.461337089538574
306 651 60 67 -3.462111473083496
927 293 30 39 -3.462169647216797
501 217 31 41 -3.4645614624023438
945 91 8 9 -3.4667251110076904
130 343 18 20 -3.4670376777648926
1013 122 16 24 -3.467193841934204
323 77 31 33 -3.4711718559265137
586 128 48 60 -3.4728660583496094
569 41 47 74 -3.473620653152466
378 90 22 30 -3.4753360748291016
