1_Handshaking_Handshaking_1_54.jpg
75
664 88 166 221 2.4270198345184326
740 23 167 244 -0.4065963327884674
717 155 72 112 -1.0665301084518433
787 172 8 9 -2.608574867248535
800 136 7 9 -3.031597375869751
783 136 17 23 -3.0887653827667236
687 199 178 231 -3.0959935188293457
84 191 28 34 -3.136897087097168
21 159 23 30 -3.2127084732055664
432 338 189 216 -3.2167792320251465
10 208 12 15 -3.225856065750122
796 136 8 9 -3.2747268676757812
979 521 61 92 -3.2774295806884766
616 349 29 39 -3.308351993560791
1 86 100 133 -3.3240883350372314
56 273 69 96 -3.358654022216797
21 195 24 25 -3.3611834049224854
8 214 87 82 -3.3638761043548584
540 479 394 522 -3.364319324493408
172 51 111 137 -3.367753505706787
265 234 28 40 -3.3714218139648438
760 145 54 75 -3.373570442199707
710 671 107 179 -3.3780617713928223
301 44 8 9 -3.3836817741394043
365 411 43 51 -3.384331703186035
233 41 115 133 -3.3943166732788086
784 314 14 16 -3.4014594554901123
122 142 59 70 -3.402390241622925
305 179 71 89 -3.4024410247802734
262 138 48 69 -3.4027888774871826
121 48 48 81 -3.4052329063415527
21 85 53 73 -3.4069721698760986
11 131 173 233 -3.408367156982422
204 98 57 60 -3.4087040424346924
495 452 96 148 -3.4118926525115967
7 140 49 62 -3.425302743911743
-14 506 84 92 -3.425680637359619
201 181 37 48 -3.427082061767578
153 72 37 37 -3.4273791313171387
13 192 44 66 -3.4287307262420654
375 231 44 42 -3.430122137069702
669 365 18 26 -3.4307808876037598
97 56 36 59 -3.4342432022094727
549 483 50 64 -3.4399948120117188
462 421 68 84 -3.4429397583007812
710 315 102 116 -3.4453325271606445
888 422 73 93 -3.4494693279266357
175 -4 48 72 -3.4507758617401123
145 510 53 61 -3.450814723968506
309 282 99 115 -3.450852632522583
784 150 32 24 -3.4520905017852783
255 362 94 121 -3.452216625213623
120 191 48 72 -3.4533278942108154
163 138 51 70 -3.4534144401550293
123 177 35 48 -3.4543838500976562
65 146 28 32 -3.4553675651550293
204 266 37 52 -3.4560086727142334
151 23 41 45 -3.4572458267211914
6 196 30 34 -3.459195375442505
944 501 20 23 -3.4607865810394287
218 118 31 31 -3.4608683586120605
794 212 50 76 -3.461301326751709
115 215 24 36 -3.4627864360809326
608 478 102 138 -3.46337628364563
307 41 187 294 -3.4638350009918213
169 187 38 44 -3.46608829498291
81 178 49 70 -3.4662716388702393
741 233 52 73 -3.4678421020507812
293 2 35 41 -3.468488931655884
767 260 18 25 -3.468852996826172
595 518 38 48 -3.4717464447021484
386 167 400 471 -3.472327947616577
9 258 37 47 -3.473172664642334
119 168 24 30 -3.474337100982666
125 482 106 122 -3.4753711223602295
