1_Handshaking_Handshaking_1_787.jpg
127
258 202 40 47 5.202426433563232
337 162 46 68 4.127679824829102
271 217 43 53 -0.4680732488632202
571 145 43 48 -0.5080175995826721
263 168 52 69 -0.9046531319618225
694 232 51 55 -1.1319876909255981
465 107 42 57 -1.2554271221160889
669 248 53 54 -2.0129384994506836
230 677 9 10 -2.157714366912842
319 164 40 57 -2.3397464752197266
561 569 13 17 -2.5553767681121826
328 168 14 17 -2.6588363647460938
279 747 29 34 -3.1466338634490967
184 440 8 9 -3.1473464965820312
438 694 105 118 -3.16506290435791
981 391 14 17 -3.1731250286102295
472 747 32 31 -3.177433490753174
238 705 104 117 -3.2244508266448975
771 701 95 114 -3.231307029724121
582 169 26 38 -3.253251552581787
749 330 23 26 -3.2543375492095947
672 748 24 41 -3.2591137886047363
489 747 32 31 -3.2602715492248535
653 254 86 116 -3.2649199962615967
580 746 31 34 -3.2664010524749756
429 744 32 31 -3.268063545227051
826 746 28 38 -3.2726669311523438
263 747 28 38 -3.2790732383728027
971 748 31 31 -3.282313346862793
525 73 6 8 -3.2889034748077393
448 591 10 18 -3.2947425842285156
332 560 8 8 -3.295964002609253
277 204 31 32 -3.299708604812622
602 690 91 145 -3.3021109104156494
472 723 48 70 -3.3056626319885254
457 739 34 54 -3.3110437393188477
557 745 31 37 -3.315223455429077
948 729 62 65 -3.3173563480377197
633 645 14 20 -3.3199515342712402
4 748 30 31 -3.322117805480957
556 12 21 26 -3.3225533962249756
817 707 88 148 -3.339650869369507
229 610 181 261 -3.3425302505493164
711 319 97 110 -3.34495210647583
798 750 29 37 -3.3472354412078857
459 92 29 35 -3.352144241333008
491 675 23 34 -3.3536479473114014
510 744 32 31 -3.357835292816162
705 748 29 35 -3.3606765270233154
275 383 55 56 -3.3608124256134033
854 728 55 65 -3.36881947517395
353 608 15 16 -3.3698770999908447
887 7 8 9 -3.3735342025756836
333 576 18 18 -3.376767635345459
331 443 14 20 -3.3812403678894043
384 184 15 18 -3.3837575912475586
118 749 27 36 -3.3869314193725586
329 552 69 94 -3.388044595718384
916 735 56 66 -3.3893256187438965
722 305 56 68 -3.39054799079895
354 727 45 75 -3.393364667892456
378 119 26 37 -3.402539014816284
407 594 8 11 -3.4055981636047363
445 748 32 34 -3.407907009124756
576 102 108 139 -3.409111261367798
385 738 33 47 -3.4093778133392334
832 734 49 70 -3.4109139442443848
521 547 27 31 -3.412522792816162
947 744 26 40 -3.4132275581359863
209 114 14 15 -3.413304328918457
342 2 35 45 -3.4149274826049805
654 736 32 53 -3.418922185897827
666 626 20 30 -3.421374559402466
417 750 28 36 -3.424320697784424
355 597 20 23 -3.425065755844116
402 607 17 17 -3.426682472229004
607 281 11 15 -3.4277453422546387
354 52 41 43 -3.4307799339294434
520 378 33 48 -3.434732437133789
258 62 29 31 -3.4348714351654053
61 731 49 73 -3.4360859394073486
509 567 33 44 -3.436408758163452
870 538 13 15 -3.4368371963500977
253 613 12 13 -3.4381680488586426
315 748 27 35 -3.4409196376800537
453 168 14 16 -3.4411659240722656
472 119 15 16 -3.4425272941589355
448 454 18 26 -3.4428791999816895
625 627 55 68 -3.445220470428467
906 686 102 157 -3.4461963176727295
618 643 32 30 -3.4466187953948975
526 578 26 33 -3.449065685272217
1004 210 33 39 -3.449453115463257
328 139 44 63 -3.449756622314453
213 389 49 70 -3.4502105712890625
643 684 95 112 -3.4509429931640625
983 220 24 41 -3.451641321182251
562 345 18 23 -3.454287052154541
81 607 30 30 -3.4551877975463867
370 720 65 95 -3.4554147720336914
703 454 362 501 -3.455501079559326
414 626 15 18 -3.455798387527466
389 575 27 35 -3.4560019969940186
684 733 30 48 -3.4565017223358154
343 623 11 13 -3.457467794418335
1005 234 33 43 -3.458523750305176
1008 254 16 21 -3.458853006362915
441 530 15 16 -3.459965229034424
268 727 49 72 -3.460326671600342
892 749 32 37 -3.4612343311309814
368 524 94 134 -3.4622340202331543
433 112 40 49 -3.462841749191284
324 236 16 18 -3.4629440307617188
481 588 29 39 -3.464376449584961
292 751 32 37 -3.464858293533325
420 595 30 36 -3.466489315032959
608 172 23 29 -3.467475652694702
1014 244 16 20 -3.4714221954345703
525 -72 192 265 -3.473259449005127
928 530 30 41 -3.473353147506714
558 250 22 26 -3.473665237426758
392 492 35 48 -3.4739346504211426
366 157 35 51 -3.474090576171875
1002 50 47 49 -3.4748291969299316
401 745 33 32 -3.474902629852295
250 666 22 30 -3.4750890731811523
559 230 80 113 -3.4753546714782715
