1_Handshaking_Handshaking_1_503.jpg
79
695 130 47 60 4.643065929412842
681 144 45 72 0.25841861963272095
706 159 26 33 -2.1340889930725098
109 284 30 39 -2.8735482692718506
48 141 14 17 -3.0951132774353027
1000 144 7 8 -3.095705032348633
80 151 14 17 -3.1336350440979004
372 560 32 33 -3.163947582244873
39 204 8 10 -3.200407028198242
699 537 52 78 -3.2067277431488037
916 522 58 84 -3.206918478012085
121 552 28 40 -3.2117204666137695
423 557 23 30 -3.2163898944854736
1011 63 17 27 -3.2223334312438965
584 516 113 106 -3.228222608566284
433 551 33 27 -3.2292213439941406
180 556 23 32 -3.238633155822754
392 509 89 123 -3.2425925731658936
347 557 32 36 -3.2520623207092285
596 532 47 68 -3.2655696868896484
847 480 114 158 -3.268052577972412
200 415 7 9 -3.276273727416992
294 192 65 82 -3.280406951904297
184 276 7 10 -3.2877354621887207
686 476 95 146 -3.2881534099578857
657 390 325 329 -3.2902421951293945
194 550 34 43 -3.3004963397979736
397 555 28 33 -3.3073160648345947
611 561 32 30 -3.3100697994232178
1011 308 17 26 -3.3170015811920166
279 549 39 43 -3.3200325965881348
976 14 14 19 -3.3226969242095947
727 527 46 70 -3.326932430267334
15 220 7 9 -3.3309876918792725
1013 326 18 25 -3.3338329792022705
868 332 96 140 -3.3344571590423584
995 272 47 71 -3.3382606506347656
629 557 25 41 -3.352119207382202
399 257 389 535 -3.355983257293701
715 557 32 31 -3.3644521236419678
927 16 16 17 -3.3699569702148438
992 199 15 21 -3.374943733215332
1000 106 15 21 -3.375169277191162
90 535 86 108 -3.3775253295898438
1013 258 13 21 -3.3956851959228516
585 560 32 29 -3.396148443222046
153 518 20 23 -3.3976736068725586
664 530 59 67 -3.398425579071045
802 543 54 66 -3.4006099700927734
1001 495 36 50 -3.4007253646850586
718 45 17 18 -3.4089276790618896
242 556 23 39 -3.4098644256591797
544 551 38 46 -3.4118363857269287
523 539 46 76 -3.412778377532959
999 162 40 45 -3.413682460784912
486 199 28 35 -3.417424201965332
843 527 24 29 -3.4193735122680664
572 158 13 17 -3.4210386276245117
30 166 12 17 -3.423837661743164
436 146 99 124 -3.4259467124938965
273 449 223 206 -3.427683115005493
761 412 142 216 -3.428973436355591
1013 172 18 22 -3.4312169551849365
596 129 69 70 -3.4324798583984375
996 88 32 55 -3.441831111907959
487 486 96 160 -3.446014881134033
287 81 52 68 -3.448030471801758
550 386 120 117 -3.4519295692443848
940 420 94 112 -3.4539988040924072
16 66 16 19 -3.4541873931884766
607 399 175 288 -3.4552340507507324
350 6 49 60 -3.457581043243408
768 62 13 15 -3.460470199584961
608 249 112 137 -3.4637982845306396
343 526 23 26 -3.4685051441192627
656 53 17 15 -3.4701035022735596
853 248 19 25 -3.4736714363098145
1004 51 38 46 -3.4746878147125244
921 558 27 39 -3.4748754501342773
