1_Handshaking_Handshaking_1_632.jpg
226
559 478 7 9 -1.148106336593628
336 605 8 9 -1.5197868347167969
547 478 9 11 -2.1035304069519043
489 554 12 17 -2.135528326034546
776 60 7 9 -2.1433417797088623
786 56 9 9 -2.1722614765167236
351 617 7 8 -2.27240252494812
368 671 8 10 -2.2995073795318604
656 485 7 8 -2.3763623237609863
537 512 7 9 -2.4156126976013184
257 620 7 8 -2.4924087524414062
560 579 8 10 -2.4986724853515625
800 96 8 9 -2.5024526119232178
536 179 8 10 -2.5135152339935303
604 525 7 8 -2.5511417388916016
571 479 8 10 -2.5565810203552246
328 604 8 9 -2.5579516887664795
616 487 7 9 -2.6274826526641846
24 627 7 8 -2.634275197982788
611 470 13 17 -2.639136791229248
198 40 54 65 -2.6772263050079346
296 617 8 8 -2.7421207427978516
549 508 7 9 -2.745960235595703
529 495 7 9 -2.7471463680267334
300 52 8 9 -2.7476742267608643
306 604 9 8 -2.7562458515167236
515 559 8 10 -2.7618470191955566
646 206 18 19 -2.7704131603240967
326 550 15 17 -2.775390386581421
620 200 16 18 -2.788762092590332
552 528 7 8 -2.8097896575927734
594 524 7 8 -2.8104615211486816
608 479 7 9 -2.8125929832458496
549 174 17 19 -2.8170650005340576
564 580 6 9 -2.825273036956787
595 464 8 9 -2.835242748260498
467 540 8 9 -2.8806989192962646
468 564 7 9 -2.885232925415039
299 600 8 8 -2.887695789337158
431 531 7 9 -2.888493061065674
555 601 8 9 -2.893505573272705
433 555 7 9 -2.895015239715576
304 44 82 99 -2.8953635692596436
349 592 7 8 -2.918698787689209
377 635 7 8 -2.919428586959839
529 532 7 8 -2.9233577251434326
640 195 20 24 -2.924395799636841
585 524 7 9 -2.9258720874786377
618 519 7 9 -2.9355764389038086
669 476 7 8 -2.9377455711364746
591 472 15 17 -2.956484794616699
349 107 176 263 -2.9632272720336914
680 484 8 9 -2.973881483078003
592 500 8 8 -2.9739158153533936
517 540 7 9 -2.9794039726257324
449 592 7 8 -2.9835336208343506
449 580 7 8 -3.0060620307922363
508 173 37 40 -3.0178072452545166
532 528 8 10 -3.020495891571045
564 544 8 9 -3.0211455821990967
376 501 14 16 -3.023024082183838
480 627 9 9 -3.0428736209869385
592 567 8 9 -3.046604871749878
677 507 7 8 -3.0482218265533447
604 480 7 9 -3.058903217315674
597 483 7 9 -3.0659267902374268
600 473 8 9 -3.0794296264648438
356 560 7 8 -3.07975435256958
201 620 8 8 -3.0830700397491455
577 576 7 9 -3.0856122970581055
583 672 8 9 -3.0856971740722656
624 512 6 9 -3.0877585411071777
321 605 8 7 -3.089857816696167
946 682 58 55 -3.0987296104431152
449 604 7 8 -3.0995614528656006
577 468 7 9 -3.114945650100708
530 542 12 17 -3.1168580055236816
479 636 10 9 -3.125359058380127
520 525 7 8 -3.128147602081299
583 480 8 9 -3.1396570205688477
386 552 12 18 -3.14577054977417
564 495 7 9 -3.146617889404297
583 507 9 10 -3.1530544757843018
883 579 197 247 -3.1649131774902344
604 177 29 30 -3.174229145050049
646 664 7 9 -3.1782779693603516
481 503 7 9 -3.178588628768921
55 122 17 18 -3.180171489715576
484 592 7 8 -3.186725378036499
585 455 7 9 -3.190528154373169
484 547 7 9 -3.1930325031280518
416 660 8 9 -3.1934072971343994
513 511 13 16 -3.1971988677978516
256 600 7 8 -3.198559284210205
556 564 7 9 -3.20070481300354
425 684 8 9 -3.214766025543213
632 491 8 9 -3.2203457355499268
315 652 7 8 -3.2354636192321777
116 608 7 9 -3.23583722114563
628 203 8 10 -3.2412545680999756
567 439 9 9 -3.2453489303588867
416 576 7 9 -3.245577573776245
613 527 7 8 -3.246044158935547
456 576 8 10 -3.2533648014068604
360 484 14 17 -3.2636332511901855
313 672 7 8 -3.2682700157165527
565 446 15 18 -3.269965887069702
744 268 7 8 -3.2747137546539307
23 81 14 14 -3.27571702003479
607 680 9 9 -3.279088020324707
980 662 42 87 -3.289976119995117
101 629 7 8 -3.2926385402679443
298 53 13 15 -3.296376943588257
408 583 7 9 -3.297196388244629
440 635 7 9 -3.3119115829467773
392 583 7 9 -3.3122947216033936
768 327 15 17 -3.3123090267181396
68 89 51 70 -3.3155627250671387
568 536 13 17 -3.3209500312805176
621 531 7 9 -3.3240432739257812
182 71 87 98 -3.324559211730957
616 556 7 9 -3.3248143196105957
561 528 7 8 -3.326441764831543
629 483 8 9 -3.3288607597351074
325 224 18 22 -3.3340446949005127
638 527 7 8 -3.338252544403076
948 520 7 9 -3.339292287826538
460 588 7 8 -3.3439433574676514
896 646 97 95 -3.34529447555542
624 484 8 9 -3.3460729122161865
124 106 36 49 -3.3541781902313232
504 588 7 8 -3.3583552837371826
273 683 7 8 -3.3595595359802246
227 595 7 9 -3.363440990447998
532 579 7 9 -3.364546298980713
508 487 8 9 -3.3653714656829834
536 547 7 10 -3.3659262657165527
475 625 16 16 -3.367016315460205
640 572 7 9 -3.369232177734375
441 676 7 8 -3.3713691234588623
545 507 7 10 -3.373825788497925
211 673 47 70 -3.3771119117736816
-3 143 783 906 -3.38033390045166
813 105 11 13 -3.381403923034668
572 543 8 9 -3.3819327354431152
340 580 8 9 -3.3833816051483154
789 6 13 11 -3.3843271732330322
681 532 7 9 -3.3859665393829346
436 28 8 9 -3.3865199089050293
434 632 90 154 -3.3870136737823486
479 663 46 82 -3.387744426727295
572 536 8 9 -3.3887717723846436
480 181 15 18 -3.39062762260437
380 621 7 8 -3.3913633823394775
237 619 7 7 -3.3936147689819336
657 207 15 16 -3.393901824951172
610 190 26 38 -3.395138740539551
531 592 190 220 -3.397995710372925
545 563 7 8 -3.4022955894470215
424 587 7 9 -3.4058079719543457
322 453 335 418 -3.4058456420898438
588 417 430 489 -3.406404733657837
539 165 37 45 -3.4065768718719482
288 604 7 8 -3.4067583084106445
567 682 9 9 -3.409327745437622
688 253 107 135 -3.4093704223632812
529 522 14 18 -3.410820960998535
281 211 18 30 -3.4123473167419434
366 587 7 9 -3.4132049083709717
404 206 98 128 -3.4142417907714844
48 49 15 17 -3.4169797897338867
481 539 7 9 -3.4175186157226562
96 595 8 9 -3.4180147647857666
1010 390 20 31 -3.4190926551818848
528 654 50 95 -3.421536922454834
609 521 7 8 -3.4224202632904053
759 543 227 243 -3.422454357147217
672 342 50 38 -3.4262733459472656
567 191 41 56 -3.429143190383911
588 669 47 75 -3.4298107624053955
378 635 88 156 -3.4303717613220215
758 211 51 75 -3.431666851043701
307 568 8 9 -3.43510365486145
704 302 29 30 -3.440279960632324
822 40 66 91 -3.4415345191955566
576 472 8 9 -3.4424471855163574
665 635 90 149 -3.4438936710357666
629 528 6 9 -3.444939136505127
739 215 31 41 -3.445467472076416
303 109 19 19 -3.447319507598877
842 39 12 14 -3.448141098022461
98 117 19 20 -3.448328733444214
533 596 6 9 -3.4484167098999023
734 47 34 44 -3.450714111328125
192 442 7 9 -3.451291561126709
114 5 29 38 -3.4513611793518066
559 653 41 98 -3.4517784118652344
824 79 14 19 -3.4526093006134033
746 269 92 122 -3.4533064365386963
953 632 30 36 -3.4533159732818604
840 134 10 17 -3.453537702560425
196 620 8 8 -3.4537036418914795
16 405 361 488 -3.454483985900879
850 27 22 27 -3.4578161239624023
723 279 55 66 -3.458205461502075
320 30 147 165 -3.4588117599487305
558 442 49 65 -3.4604105949401855
181 130 219 199 -3.460512399673462
776 520 8 9 -3.461731195449829
388 547 7 9 -3.46299409866333
301 65 24 26 -3.4631829261779785
400 503 14 16 -3.4636754989624023
291 552 8 10 -3.465070962905884
92 104 47 71 -3.467620372772217
646 178 28 32 -3.4683728218078613
226 269 21 27 -3.4685630798339844
333 195 95 126 -3.4687106609344482
743 492 9 9 -3.4692859649658203
431 196 8 8 -3.469555377960205
926 532 19 21 -3.4699535369873047
253 321 208 261 -3.4703643321990967
861 466 106 147 -3.4708502292633057
85 637 66 94 -3.4709725379943848
413 570 12 18 -3.4728212356567383
569 543 7 9 -3.4731132984161377
156 304 54 79 -3.47575306892395
