1_Handshaking_Handshaking_1_689.jpg
75
388 201 345 554 5.226428031921387
479 538 12 14 1.4765263795852661
431 352 8 9 -2.826087713241577
421 353 8 9 -2.879330635070801
585 323 177 229 -2.890418529510498
612 344 8 9 -2.950420379638672
537 268 7 8 -3.066927909851074
908 1171 150 184 -3.1635146141052246
767 1440 101 175 -3.176325798034668
363 1458 99 115 -3.191197633743286
775 1359 205 245 -3.194267511367798
791 942 456 553 -3.195378065109253
906 1518 31 30 -3.216102123260498
536 302 7 9 -3.2263717651367188
352 1518 34 29 -3.2265212535858154
-27 1388 188 244 -3.2363603115081787
869 1483 99 117 -3.238699197769165
317 1472 98 112 -3.260852575302124
524 339 8 9 -3.288803815841675
910 1020 148 181 -3.293670892715454
922 1515 33 32 -3.294343948364258
889 1223 216 311 -3.2985410690307617
134 1473 98 110 -3.3166770935058594
448 353 8 9 -3.3179426193237305
42 1500 52 77 -3.3249826431274414
440 345 8 8 -3.328597068786621
387 1005 794 1016 -3.330382823944092
520 798 8 10 -3.3402674198150635
430 356 101 118 -3.340569257736206
326 1181 421 542 -3.352872133255005
888 1505 41 51 -3.3552181720733643
660 656 8 10 -3.3644309043884277
966 1157 79 115 -3.3660454750061035
829 1056 7 9 -3.375159740447998
887 1399 191 242 -3.376882314682007
839 1504 54 56 -3.3786091804504395
530 1247 14 16 -3.381671190261841
391 426 194 224 -3.385723829269409
70 1463 102 126 -3.388153553009033
448 767 8 8 -3.3887109756469727
141 1518 32 29 -3.389587640762329
405 1515 29 29 -3.390303611755371
987 1522 31 29 -3.3980040550231934
605 173 187 250 -3.399040937423706
320 1371 221 249 -3.4003024101257324
538 386 339 495 -3.406317949295044
537 1176 13 15 -3.408134937286377
784 1518 32 29 -3.4128408432006836
799 244 187 228 -3.4144482612609863
336 1504 39 54 -3.415414810180664
622 1325 302 364 -3.4166555404663086
486 27 19 27 -3.4257595539093018
371 1517 31 26 -3.427603006362915
976 1241 73 105 -3.4281115531921387
936 1494 49 80 -3.4290871620178223
461 993 101 132 -3.4293062686920166
214 383 398 466 -3.432142496109009
408 199 163 230 -3.4350974559783936
444 576 190 217 -3.437708616256714
567 1322 100 145 -3.4386229515075684
765 587 309 341 -3.4424493312835693
898 325 126 134 -3.4447474479675293
825 1047 13 16 -3.4462475776672363
284 250 115 155 -3.446661949157715
323 1518 32 30 -3.4478273391723633
975 1051 63 108 -3.4490928649902344
732 48 114 129 -3.4498565196990967
473 673 194 217 -3.451963424682617
171 361 14 17 -3.4559731483459473
513 426 22 28 -3.4665608406066895
249 108 28 36 -3.4692885875701904
592 316 8 9 -3.4696054458618164
811 1512 27 41 -3.4698805809020996
85 1174 107 128 -3.4728314876556396
364 869 99 120 -3.4751763343811035
