1_Handshaking_Handshaking_1_529.jpg
170
422 119 209 287 4.898228645324707
512 240 155 206 3.095237970352173
614 710 20 26 0.11193037033081055
538 234 96 104 -0.537333607673645
626 687 27 30 -1.9172321557998657
457 -76 312 450 -2.560122489929199
295 550 16 20 -2.5868096351623535
618 477 7 8 -2.872116804122925
289 540 53 65 -2.9608826637268066
605 711 8 9 -2.966285228729248
131 1294 94 139 -2.9852356910705566
619 714 11 15 -3.011953830718994
936 1308 8 9 -3.0469958782196045
703 551 81 77 -3.0807044506073
611 695 25 29 -3.082711696624756
171 1344 27 45 -3.096970558166504
880 1355 27 25 -3.1051888465881348
543 708 30 31 -3.110419750213623
489 324 105 111 -3.11600661277771
597 721 14 16 -3.133584976196289
624 1351 28 36 -3.141291618347168
945 1340 26 44 -3.1492602825164795
615 708 12 15 -3.15132212638855
494 271 97 101 -3.1614060401916504
449 1348 28 39 -3.1778171062469482
11 1351 32 36 -3.1801939010620117
459 262 63 71 -3.208890199661255
515 103 193 207 -3.2120351791381836
597 1289 105 134 -3.2150208950042725
876 1337 37 57 -3.221755027770996
598 711 11 16 -3.222132682800293
901 872 7 8 -3.2247393131256104
628 492 8 10 -3.2369446754455566
772 1345 24 33 -3.2483112812042236
620 699 8 11 -3.2483816146850586
975 113 86 125 -3.2484445571899414
320 559 8 11 -3.254368782043457
690 1346 29 35 -3.2614810466766357
246 1350 25 32 -3.264415979385376
616 651 8 10 -3.267134666442871
335 476 17 19 -3.271923542022705
217 1352 31 35 -3.274484872817993
635 1341 26 35 -3.2752552032470703
256 1144 27 31 -3.2921273708343506
466 1348 23 28 -3.2940163612365723
493 710 23 31 -3.3033790588378906
842 1321 86 90 -3.3067679405212402
997 57 47 68 -3.309479236602783
797 1309 89 101 -3.315152645111084
420 524 8 9 -3.3200342655181885
516 1345 27 32 -3.322918653488159
324 1350 30 31 -3.326298952102661
911 1287 91 137 -3.326859474182129
553 1346 28 44 -3.3303964138031006
257 1343 35 45 -3.3387255668640137
150 1342 36 45 -3.338859796524048
612 1323 55 73 -3.339550256729126
616 1340 26 37 -3.340546131134033
503 748 8 10 -3.3440628051757812
455 546 59 76 -3.3440866470336914
459 456 39 45 -3.344564199447632
481 710 23 35 -3.349761724472046
-27 1312 99 119 -3.349923849105835
273 908 7 8 -3.350003957748413
740 1249 163 214 -3.3554847240448
1010 74 19 25 -3.3564682006835938
263 954 27 35 -3.357390880584717
686 1325 49 81 -3.357790946960449
865 1349 29 40 -3.35817813873291
491 618 52 75 -3.367462635040283
442 1318 48 64 -3.3686656951904297
1004 1076 21 39 -3.3691656589508057
402 257 181 256 -3.376906633377075
933 714 143 161 -3.3780417442321777
289 885 14 15 -3.3784587383270264
917 66 185 240 -3.381237030029297
83 972 49 79 -3.385463237762451
590 691 27 34 -3.3880529403686523
315 578 24 32 -3.3887219429016113
489 741 47 48 -3.390498638153076
214 1326 48 52 -3.3913559913635254
277 502 48 73 -3.393050193786621
587 109 52 63 -3.393810987472534
629 697 13 16 -3.394386053085327
926 1267 13 18 -3.395641565322876
829 1353 24 24 -3.3970532417297363
301 1233 35 47 -3.397188901901245
705 1349 25 36 -3.3990116119384766
632 634 9 11 -3.3994884490966797
520 652 9 9 -3.399531364440918
497 330 50 64 -3.4020235538482666
942 1202 149 181 -3.4044620990753174
805 1335 41 48 -3.4047963619232178
567 1345 32 36 -3.4052934646606445
332 1252 164 199 -3.4059934616088867
427 581 53 62 -3.4065091609954834
507 683 92 122 -3.4095098972320557
343 464 18 23 -3.410501003265381
213 777 51 64 -3.410933017730713
540 495 47 49 -3.414822816848755
503 1348 23 29 -3.417081356048584
559 324 22 26 -3.420461416244507
520 304 44 73 -3.420651435852051
748 1339 39 50 -3.4208738803863525
1005 1274 21 42 -3.4215409755706787
257 1352 17 21 -3.421933174133301
430 1347 30 32 -3.4226701259613037
949 865 111 128 -3.4232120513916016
166 1352 22 25 -3.423269748687744
845 675 409 493 -3.4240286350250244
1002 39 36 42 -3.4241745471954346
1012 87 16 26 -3.4262757301330566
405 1343 26 47 -3.4264941215515137
557 518 21 28 -3.4267489910125732
454 1281 113 138 -3.428138494491577
466 450 106 109 -3.4287192821502686
929 355 207 318 -3.4297261238098145
483 1339 29 31 -3.432401657104492
892 1348 31 32 -3.4328694343566895
435 182 96 90 -3.4329261779785156
339 1352 30 36 -3.4337682723999023
654 625 16 15 -3.4411816596984863
617 394 209 269 -3.443664073944092
549 328 22 23 -3.444025993347168
480 747 8 9 -3.444761276245117
235 1170 29 30 -3.444824695587158
1010 8 17 30 -3.447951316833496
623 769 13 16 -3.447955369949341
649 293 7 8 -3.4487380981445312
310 1262 21 25 -3.4492547512054443
999 155 36 49 -3.451049566268921
602 483 47 71 -3.451207160949707
562 708 29 34 -3.452061176300049
458 400 72 94 -3.4528450965881348
668 677 24 29 -3.4532382488250732
258 489 109 134 -3.453564167022705
667 586 26 36 -3.4554052352905273
546 958 16 30 -3.4569334983825684
547 690 39 39 -3.4571638107299805
372 1181 40 53 -3.4577620029449463
968 451 87 125 -3.4585299491882324
446 402 176 226 -3.459054946899414
315 637 20 27 -3.459275722503662
558 1267 18 24 -3.4592835903167725
588 698 17 19 -3.4599833488464355
600 699 26 37 -3.461322784423828
579 734 107 98 -3.4618594646453857
540 666 38 45 -3.4624314308166504
536 825 29 31 -3.462719440460205
563 248 24 25 -3.464048385620117
520 794 32 33 -3.4642138481140137
529 585 21 22 -3.4646289348602295
672 1348 30 35 -3.465023994445801
937 1352 20 26 -3.4652795791625977
713 640 20 23 -3.467158079147339
177 1354 17 21 -3.4674928188323975
950 1126 124 158 -3.467951536178589
756 449 43 43 -3.4679908752441406
260 921 37 47 -3.4691476821899414
572 -24 105 133 -3.469482898712158
545 251 16 15 -3.4699764251708984
577 576 29 33 -3.4702229499816895
513 492 34 29 -3.4705963134765625
935 1323 18 22 -3.4713921546936035
626 1049 364 468 -3.4717655181884766
350 1084 19 28 -3.4721717834472656
457 760 7 8 -3.472181797027588
284 1274 34 53 -3.4723916053771973
666 712 19 24 -3.4740777015686035
445 415 42 79 -3.475938081741333
