1_Handshaking_Handshaking_1_140.jpg
114
661 240 278 342 2.5024971961975098
661 15 343 422 -0.9713895916938782
969 229 7 9 -1.5659887790679932
785 205 7 8 -2.214205026626587
524 1037 8 8 -2.2606935501098633
807 217 204 283 -2.5673327445983887
778 382 178 258 -2.6008458137512207
976 239 8 9 -2.908639907836914
808 200 7 9 -2.938782215118408
411 1148 28 37 -3.006772994995117
389 1070 92 129 -3.0455079078674316
424 1147 27 30 -3.061305284500122
819 333 111 136 -3.0620384216308594
494 1147 29 32 -3.0898277759552
520 1043 8 10 -3.110318183898926
440 1129 32 42 -3.1156809329986572
880 580 8 9 -3.129517078399658
314 1150 30 35 -3.1337921619415283
414 1134 43 71 -3.149512767791748
8 1149 30 36 -3.1609864234924316
243 756 185 211 -3.1631531715393066
402 1160 25 22 -3.164689540863037
265 1141 26 44 -3.168409585952759
273 1100 88 135 -3.198300361633301
24 1136 52 69 -3.1986889839172363
354 1100 84 138 -3.201190948486328
774 1113 102 103 -3.211958408355713
479 1149 28 33 -3.213714361190796
336 1135 59 52 -3.220625877380371
113 1150 29 33 -3.2237236499786377
441 1153 21 30 -3.2254209518432617
419 1154 15 21 -3.2278246879577637
1001 259 7 9 -3.236236572265625
654 1045 170 278 -3.238938331604004
869 1088 103 116 -3.2477874755859375
185 1147 28 33 -3.2478718757629395
77 1088 87 144 -3.2484140396118164
684 1139 29 33 -3.250131130218506
301 1126 53 66 -3.2586677074432373
859 1148 33 29 -3.263517379760742
194 1129 52 74 -3.2746551036834717
815 217 9 9 -3.279994249343872
686 1087 95 134 -3.283409833908081
529 1017 191 270 -3.288229465484619
217 1109 87 121 -3.288306951522827
819 1151 34 31 -3.289294481277466
902 1143 42 53 -3.3007328510284424
373 1128 43 61 -3.301614761352539
719 519 197 261 -3.310342311859131
550 1153 29 34 -3.3187851905822754
382 1057 210 215 -3.320317268371582
146 1097 82 128 -3.321467876434326
701 1143 41 48 -3.322105884552002
153 1144 33 42 -3.327263355255127
693 1154 14 22 -3.327488660812378
984 1145 28 41 -3.3346917629241943
453 1144 29 33 -3.3437068462371826
939 21 124 165 -3.3460636138916016
806 1145 26 40 -3.3465569019317627
609 1123 49 83 -3.347243070602417
773 1144 24 42 -3.3501765727996826
331 1147 19 31 -3.3511359691619873
607 737 19 25 -3.3552234172821045
128 1145 26 44 -3.362471103668213
544 1016 7 9 -3.3675665855407715
624 1141 25 43 -3.3694491386413574
517 1154 29 28 -3.3710384368896484
896 718 78 114 -3.371346950531006
-41 1103 85 126 -3.3766865730285645
930 1136 45 50 -3.3781344890594482
656 1146 30 34 -3.3830792903900146
24 -20 108 133 -3.383357524871826
98 1147 27 36 -3.386443614959717
3 1157 23 23 -3.389575481414795
229 1138 32 39 -3.3928637504577637
727 1144 27 47 -3.3939919471740723
989 495 63 92 -3.396327257156372
777 588 7 8 -3.401822566986084
278 1145 27 36 -3.40264892578125
850 1024 198 235 -3.4052467346191406
32 1150 30 33 -3.407036542892456
964 220 7 8 -3.410036087036133
987 755 52 77 -3.4112796783447266
456 1119 61 56 -3.4153308868408203
153 125 8 9 -3.415717363357544
53 1136 53 57 -3.419712543487549
206 1151 28 32 -3.4245870113372803
758 1143 24 45 -3.425609588623047
571 1144 30 30 -3.4265336990356445
645 1122 46 89 -3.4288573265075684
696 427 21 25 -3.4316482543945312
1009 788 22 27 -3.4357235431671143
241 1146 40 46 -3.438152313232422
749 1032 178 206 -3.4402101039886475
961 1139 39 50 -3.44087815284729
955 301 17 35 -3.4409258365631104
489 904 115 144 -3.4412074089050293
93 45 14 19 -3.4421563148498535
494 999 86 119 -3.4426822662353516
678 1145 42 56 -3.4427335262298584
770 288 361 431 -3.4465603828430176
780 394 100 108 -3.453099012374878
147 274 26 25 -3.455822467803955
478 823 53 59 -3.4569921493530273
74 21 93 121 -3.4597740173339844
789 498 24 27 -3.4612526893615723
492 1101 18 21 -3.4631588459014893
470 832 7 9 -3.464005708694458
980 40 62 76 -3.46541690826416
238 897 109 145 -3.465860366821289
744 952 114 122 -3.46716046333313
471 1157 23 23 -3.469339370727539
758 764 41 51 -3.471489191055298
777 666 45 48 -3.4739155769348145
