1_Handshaking_Handshaking_1_777.jpg
179
312 626 102 115 -1.3384666442871094
302 689 78 100 -2.417130470275879
400 525 16 21 -2.612427234649658
509 381 94 125 -2.699680805206299
399 509 26 44 -3.080925226211548
155 47 170 238 -3.1076436042785645
1005 19 36 41 -3.1198127269744873
774 509 30 38 -3.126569986343384
1014 136 15 27 -3.1594719886779785
316 522 39 39 -3.161226987838745
756 216 7 9 -3.1715400218963623
536 344 93 104 -3.1756374835968018
380 374 103 110 -3.1866886615753174
214 58 15 16 -3.201305866241455
902 851 11 13 -3.206195831298828
316 134 54 56 -3.208714485168457
920 831 56 83 -3.2195706367492676
664 784 7 8 -3.2348217964172363
1010 356 18 27 -3.234830856323242
292 140 7 9 -3.235539436340332
1006 375 25 41 -3.237361431121826
478 369 198 211 -3.2416069507598877
1006 668 27 42 -3.243177652359009
887 844 9 10 -3.258791923522949
402 843 69 74 -3.2622880935668945
162 267 97 122 -3.2647557258605957
1000 489 36 48 -3.268496036529541
1001 621 36 49 -3.2715039253234863
464 846 61 74 -3.2792959213256836
1012 843 17 25 -3.287005662918091
488 589 13 19 -3.2874596118927
408 533 16 19 -3.2910399436950684
200 85 11 19 -3.294421911239624
461 284 25 39 -3.3035271167755127
408 502 38 45 -3.3035380840301514
755 512 32 36 -3.30476713180542
1013 306 16 29 -3.3113901615142822
701 186 8 11 -3.3200080394744873
1002 127 35 42 -3.3265886306762695
254 464 102 127 -3.336380958557129
1015 506 14 17 -3.3367950916290283
415 503 14 16 -3.338773012161255
356 674 49 75 -3.339076519012451
958 65 114 155 -3.3416342735290527
292 371 99 144 -3.3417611122131348
559 832 61 74 -3.344062328338623
950 848 56 72 -3.34499454498291
1008 297 43 55 -3.34631085395813
225 63 7 9 -3.347862720489502
279 248 8 9 -3.348978042602539
1011 39 17 28 -3.351409912109375
1002 760 36 50 -3.3548130989074707
104 711 7 9 -3.3549251556396484
1009 356 44 54 -3.3591909408569336
305 178 8 9 -3.359584331512451
213 65 64 76 -3.362139940261841
528 372 29 32 -3.3628034591674805
905 323 7 9 -3.365553140640259
393 535 16 20 -3.366992950439453
842 749 200 226 -3.3780620098114014
846 386 14 19 -3.3781063556671143
1013 322 15 30 -3.3784799575805664
337 731 175 257 -3.3785791397094727
992 181 57 75 -3.3796064853668213
283 488 50 72 -3.383676052093506
534 299 57 77 -3.384921073913574
969 679 66 116 -3.3852243423461914
702 740 13 15 -3.3862974643707275
1013 30 18 24 -3.386568069458008
245 346 103 116 -3.3868846893310547
718 830 103 95 -3.388051748275757
648 813 10 12 -3.3884878158569336
440 6 117 147 -3.390897512435913
528 523 29 33 -3.3909249305725098
999 320 52 69 -3.391083002090454
797 761 97 116 -3.3914833068847656
465 400 17 20 -3.392183780670166
785 208 14 17 -3.392251968383789
974 -24 94 150 -3.392425298690796
1013 115 15 27 -3.394083261489868
659 836 78 89 -3.3944127559661865
765 840 47 61 -3.3956069946289062
520 795 7 8 -3.395850419998169
893 838 21 29 -3.396517038345337
1004 809 34 42 -3.397756338119507
204 36 39 52 -3.3995237350463867
1002 261 43 60 -3.4013867378234863
333 441 86 96 -3.401686191558838
1007 89 27 46 -3.403059720993042
46 843 58 66 -3.4035658836364746
481 507 55 87 -3.40484356880188
566 727 31 32 -3.4064197540283203
889 437 18 26 -3.4074535369873047
206 125 103 119 -3.4116265773773193
735 182 65 67 -3.412781000137329
433 357 40 39 -3.4139256477355957
821 472 37 44 -3.414363145828247
476 440 93 118 -3.4145562648773193
430 691 11 14 -3.4159059524536133
557 555 13 16 -3.419640064239502
458 405 30 31 -3.420278549194336
1004 599 34 45 -3.422276496887207
725 292 48 56 -3.4223458766937256
636 439 27 33 -3.4234225749969482
1006 166 28 48 -3.424010992050171
430 700 19 26 -3.424107551574707
544 484 16 16 -3.4258556365966797
578 655 52 64 -3.4261257648468018
390 485 32 49 -3.4263803958892822
295 303 101 129 -3.4269561767578125
229 138 11 15 -3.4269886016845703
504 522 74 92 -3.4318981170654297
131 533 15 20 -3.4324495792388916
771 607 55 84 -3.432690143585205
718 489 34 42 -3.432708263397217
672 471 43 52 -3.4357411861419678
915 447 21 25 -3.436607599258423
507 353 69 85 -3.437825918197632
656 299 48 64 -3.438044786453247
522 449 23 26 -3.438110828399658
416 287 94 124 -3.4386799335479736
939 801 96 104 -3.438976764678955
427 311 40 56 -3.439359188079834
473 563 32 42 -3.439703941345215
715 571 101 125 -3.4404873847961426
515 303 34 47 -3.440673828125
688 322 108 129 -3.4413645267486572
421 664 28 41 -3.4413836002349854
473 545 13 18 -3.4424123764038086
503 736 11 15 -3.442750930786133
799 243 50 62 -3.4437029361724854
1001 425 34 45 -3.4449236392974854
707 498 39 65 -3.445561408996582
883 17 30 38 -3.445991039276123
642 543 21 33 -3.4460535049438477
231 79 11 16 -3.446467876434326
227 60 16 21 -3.446485996246338
512 361 30 37 -3.4469478130340576
790 192 40 59 -3.4474170207977295
383 185 53 66 -3.454108715057373
537 829 47 73 -3.454768657684326
396 378 33 45 -3.455122947692871
499 642 48 75 -3.4551239013671875
519 249 205 246 -3.455887794494629
894 438 36 44 -3.4563865661621094
1012 83 16 31 -3.4568984508514404
702 846 57 58 -3.457240104675293
1003 483 68 88 -3.457479476928711
520 368 15 19 -3.4627749919891357
685 782 183 244 -3.463841199874878
796 431 105 132 -3.4653232097625732
453 330 32 43 -3.465847969055176
686 169 31 39 -3.465977191925049
463 340 18 24 -3.466782331466675
578 441 32 44 -3.467207670211792
438 832 57 73 -3.467900037765503
324 341 186 202 -3.4691953659057617
825 678 35 46 -3.4695544242858887
494 257 90 161 -3.4701194763183594
705 316 37 49 -3.4708595275878906
541 462 37 47 -3.471036672592163
103 4 17 21 -3.4714033603668213
396 358 16 26 -3.4716796875
320 504 15 17 -3.471707582473755
1007 49 29 38 -3.4720606803894043
712 263 14 17 -3.472378969192505
579 354 40 37 -3.4723892211914062
831 360 55 66 -3.4728617668151855
1000 519 35 58 -3.4729623794555664
674 342 17 22 -3.4730093479156494
839 9 30 40 -3.4732980728149414
596 387 59 82 -3.4733693599700928
178 146 48 68 -3.4735302925109863
1006 342 34 29 -3.4735469818115234
277 244 19 26 -3.474370241165161
781 166 103 122 -3.4743971824645996
651 60 13 14 -3.474508762359619
56 -13 196 262 -3.4745240211486816
218 121 39 59 -3.4755187034606934
