1_Handshaking_Handshaking_1_336.jpg
96
632 126 203 252 0.07646957039833069
581 -29 353 517 -2.40799617767334
248 844 103 135 -2.6519887447357178
535 157 202 294 -2.859017848968506
159 252 208 255 -2.868412971496582
235 1114 31 35 -2.9952824115753174
704 64 205 236 -3.1131420135498047
998 554 56 59 -3.166459321975708
666 1473 103 133 -3.189389228820801
1009 569 26 39 -3.21889591217041
493 1460 125 125 -3.244056224822998
392 70 188 221 -3.2724151611328125
1005 992 41 51 -3.273177146911621
438 1272 454 464 -3.2841053009033203
229 776 35 44 -3.2939505577087402
449 261 54 65 -3.3124208450317383
428 1065 30 36 -3.3147149085998535
679 289 113 139 -3.3154869079589844
1004 783 29 41 -3.3259425163269043
978 561 13 16 -3.3370962142944336
320 914 13 18 -3.3401687145233154
578 1426 93 159 -3.3465685844421387
626 1432 88 171 -3.3478586673736572
721 441 211 322 -3.3514065742492676
432 1007 14 17 -3.359196901321411
463 333 38 47 -3.3784985542297363
326 1029 50 67 -3.378546953201294
578 22 26 39 -3.3816041946411133
321 828 42 50 -3.3882453441619873
596 430 26 39 -3.389674663543701
266 883 55 72 -3.389695405960083
1003 1218 48 59 -3.3904714584350586
279 706 92 138 -3.3924033641815186
665 501 36 45 -3.396848678588867
367 18 18 22 -3.3972933292388916
12 1118 159 236 -3.399594306945801
302 833 28 28 -3.4038608074188232
403 59 33 47 -3.4040732383728027
999 1264 39 46 -3.4046690464019775
404 295 160 245 -3.4053537845611572
100 996 85 108 -3.4069788455963135
115 1318 176 232 -3.40990948677063
121 927 170 236 -3.412290334701538
289 772 7 9 -3.413393020629883
107 1414 82 109 -3.415349245071411
894 2 43 51 -3.4175493717193604
1003 197 22 36 -3.4190726280212402
441 201 78 96 -3.4206833839416504
195 1233 17 22 -3.4292588233947754
462 771 104 119 -3.4304425716400146
628 443 32 45 -3.4310107231140137
400 1447 174 184 -3.4325859546661377
11 660 93 121 -3.4334356784820557
144 790 22 30 -3.4347264766693115
1001 462 44 54 -3.437284469604492
980 165 32 43 -3.437940835952759
-6 480 229 262 -3.438237190246582
43 215 110 125 -3.4393577575683594
7 308 197 272 -3.439836025238037
376 957 39 50 -3.440185070037842
336 718 17 19 -3.44073224067688
285 1176 23 30 -3.4408373832702637
625 96 112 154 -3.4411513805389404
115 1013 22 24 -3.441380739212036
157 1103 183 229 -3.442603588104248
300 1177 14 18 -3.444208860397339
345 724 78 105 -3.446296453475952
389 1060 91 116 -3.4465370178222656
445 1075 15 23 -3.448113441467285
50 982 67 70 -3.4484663009643555
251 415 63 75 -3.4495644569396973
244 760 112 138 -3.4495925903320312
543 432 80 93 -3.453035354614258
591 469 50 68 -3.4531805515289307
354 174 145 159 -3.454688310623169
798 352 195 226 -3.4565024375915527
160 690 20 19 -3.4577476978302
354 1065 17 22 -3.4587562084198
187 1194 102 121 -3.459951162338257
148 1033 94 108 -3.4611611366271973
425 1035 33 43 -3.461550235748291
262 717 59 70 -3.4660792350769043
870 948 82 129 -3.4662890434265137
241 899 50 77 -3.4666690826416016
999 11 45 53 -3.4672834873199463
917 400 38 45 -3.4673240184783936
812 523 34 41 -3.46732497215271
56 1373 109 130 -3.469799518585205
751 1345 127 179 -3.4702231884002686
825 406 17 21 -3.4711036682128906
239 400 158 225 -3.4712367057800293
220 1119 32 41 -3.47204852104187
886 282 101 141 -3.472172498703003
827 497 208 220 -3.473407745361328
174 1392 48 68 -3.4746737480163574
1003 377 34 46 -3.474769115447998
