1_Handshaking_Handshaking_1_498.jpg
90
535 156 99 126 4.339203357696533
231 69 95 137 4.322643756866455
493 195 96 143 -0.04677647352218628
493 351 30 33 -1.942726492881775
859 280 9 9 -2.437067985534668
256 24 144 209 -2.449573278427124
536 220 8 10 -2.895728826522827
511 290 12 12 -3.013709545135498
501 300 7 9 -3.0227949619293213
273 147 14 14 -3.0255656242370605
818 37 11 13 -3.056118965148926
551 363 9 9 -3.0710530281066895
528 222 9 10 -3.0876545906066895
477 128 103 133 -3.1147236824035645
503 383 8 10 -3.118046760559082
305 137 16 16 -3.1255993843078613
831 337 11 14 -3.194436550140381
504 335 8 9 -3.2049975395202637
486 300 7 9 -3.2172205448150635
796 279 46 58 -3.2462685108184814
480 366 8 10 -3.249202251434326
989 473 13 17 -3.253755569458008
191 99 88 137 -3.256033420562744
647 333 198 216 -3.2604787349700928
838 31 12 19 -3.2688496112823486
566 256 26 29 -3.278778076171875
900 94 142 220 -3.3168888092041016
363 384 56 72 -3.3218283653259277
612 564 17 22 -3.3229146003723145
483 266 10 12 -3.329296827316284
363 369 13 16 -3.33255672454834
267 261 50 55 -3.3370184898376465
592 192 9 9 -3.3380987644195557
1013 397 18 27 -3.345196485519409
901 111 26 33 -3.347352981567383
486 281 18 20 -3.348625659942627
476 260 7 9 -3.3542320728302
138 447 27 28 -3.362856388092041
418 318 19 20 -3.3726882934570312
511 416 7 8 -3.3831076622009277
832 15 16 18 -3.3920950889587402
1001 463 14 20 -3.3960108757019043
590 352 13 15 -3.401057481765747
458 355 100 121 -3.41048526763916
211 35 86 96 -3.4164912700653076
724 319 80 108 -3.4168572425842285
446 513 54 61 -3.4179883003234863
412 416 7 9 -3.4184279441833496
432 308 17 26 -3.423234224319458
603 293 18 27 -3.426064968109131
429 390 94 140 -3.42720890045166
514 301 15 16 -3.429255962371826
524 207 31 32 -3.429710626602173
900 421 38 41 -3.431523323059082
282 305 30 26 -3.433133840560913
575 369 11 15 -3.4336512088775635
25 23 21 24 -3.4337291717529297
399 271 19 24 -3.436051368713379
594 546 28 31 -3.4387032985687256
122 450 17 23 -3.4391331672668457
942 22 254 349 -3.439143657684326
510 458 11 12 -3.4446535110473633
291 58 17 21 -3.4448490142822266
545 312 14 18 -3.4464356899261475
123 293 18 23 -3.4467549324035645
575 306 35 43 -3.447675943374634
83 210 39 44 -3.448718309402466
423 263 57 54 -3.45149564743042
136 445 13 19 -3.4523088932037354
582 533 11 14 -3.4544596672058105
547 288 54 73 -3.4558839797973633
50 129 104 130 -3.4578866958618164
13 383 19 30 -3.4582772254943848
284 62 7 10 -3.4583218097686768
577 362 28 34 -3.4586734771728516
166 220 101 141 -3.4604978561401367
398 329 36 54 -3.4605941772460938
826 7 13 11 -3.4607412815093994
520 221 34 38 -3.4608359336853027
94 320 30 41 -3.4621376991271973
926 -8 104 118 -3.4630496501922607
491 505 23 38 -3.463820457458496
623 552 17 19 -3.4643478393554688
765 251 185 217 -3.4671196937561035
230 91 58 69 -3.4675633907318115
367 348 19 22 -3.467844009399414
645 411 25 27 -3.4689230918884277
162 572 26 29 -3.472846746444702
975 511 30 36 -3.475106954574585
960 511 56 72 -3.4754395484924316
