1_Handshaking_Handshaking_1_490.jpg
67
627 121 175 192 -2.58925461769104
294 60 211 249 -2.7700328826904297
-121 118 724 947 -3.0416100025177
921 707 69 95 -3.05540132522583
858 661 165 232 -3.1090359687805176
786 745 28 36 -3.1138181686401367
187 611 250 330 -3.1532630920410156
-63 612 196 265 -3.162508010864258
745 693 95 125 -3.170628070831299
50 599 231 252 -3.1790716648101807
592 700 102 123 -3.189547538757324
688 729 79 96 -3.1921396255493164
722 639 178 253 -3.202338695526123
794 726 56 70 -3.206526041030884
695 754 22 29 -3.2147696018218994
959 470 83 160 -3.2155466079711914
944 747 42 42 -3.225142240524292
918 746 23 45 -3.227179527282715
393 406 366 526 -3.229041814804077
527 725 55 67 -3.23488712310791
206 636 126 171 -3.2403416633605957
286 643 118 176 -3.2474286556243896
506 748 33 33 -3.2500710487365723
879 746 29 36 -3.25734806060791
874 705 85 128 -3.2657344341278076
928 743 34 45 -3.2805778980255127
821 711 67 92 -3.295897960662842
454 617 179 250 -3.2982494831085205
14 725 50 77 -3.2991745471954346
733 745 40 44 -3.301138401031494
551 608 182 246 -3.307983875274658
425 168 7 9 -3.3112621307373047
682 745 43 53 -3.312655210494995
1011 510 19 28 -3.3167624473571777
249 746 30 31 -3.3268649578094482
768 747 28 36 -3.330618143081665
705 744 38 46 -3.3391788005828857
497 657 104 126 -3.342547655105591
944 399 8 10 -3.3495428562164307
343 702 108 113 -3.3551552295684814
626 746 30 39 -3.3580358028411865
1008 681 29 43 -3.367342948913574
689 748 22 25 -3.3748791217803955
367 752 25 28 -3.3769826889038086
538 7 395 450 -3.38236665725708
966 750 20 28 -3.3879244327545166
903 748 29 34 -3.3903939723968506
979 741 25 40 -3.3921592235565186
55 728 50 60 -3.3962016105651855
765 722 49 71 -3.4123659133911133
673 737 33 43 -3.41318941116333
546 750 27 29 -3.428184747695923
580 597 112 134 -3.431881904602051
1003 498 34 54 -3.434147596359253
5 312 96 149 -3.438999652862549
1012 256 16 23 -3.453998565673828
1008 468 18 30 -3.4552159309387207
857 743 39 45 -3.457632541656494
-49 448 358 572 -3.4586596488952637
145 393 116 134 -3.4613590240478516
385 673 127 159 -3.4615304470062256
486 712 79 106 -3.4652042388916016
349 615 115 149 -3.4655027389526367
53 680 95 125 -3.468148708343506
363 527 106 131 -3.469470262527466
660 748 28 43 -3.469771385192871
820 737 41 42 -3.473755121231079
