1_Handshaking_Handshaking_1_414.jpg
67
282 250 36 42 5.223597049713135
159 283 9 10 -2.1962852478027344
791 594 9 11 -2.4228949546813965
803 66 24 28 -2.566800117492676
298 230 37 55 -2.7929279804229736
801 478 28 34 -2.8486814498901367
183 643 8 9 -3.0404844284057617
970 671 44 76 -3.074512004852295
808 78 9 10 -3.095749616622925
628 611 8 10 -3.1112873554229736
738 696 32 30 -3.163043260574341
973 704 31 31 -3.1733856201171875
840 705 33 29 -3.1985905170440674
931 645 99 131 -3.2132327556610107
954 700 32 34 -3.220485210418701
291 271 23 28 -3.226309299468994
512 639 8 10 -3.252657890319824
672 478 8 10 -3.256989002227783
809 48 15 16 -3.2712719440460205
208 524 8 10 -3.2810451984405518
502 677 47 64 -3.282344102859497
610 283 7 8 -3.284647226333618
914 572 175 265 -3.287543296813965
814 99 377 539 -3.302121877670288
332 564 179 267 -3.3168866634368896
288 247 8 9 -3.330145835876465
396 684 66 69 -3.3319931030273438
241 671 71 87 -3.335975170135498
810 51 7 8 -3.3421835899353027
116 235 7 9 -3.347290277481079
950 360 110 147 -3.34824538230896
643 614 14 18 -3.3561348915100098
108 501 17 16 -3.3626248836517334
479 678 40 69 -3.3695197105407715
237 237 16 20 -3.3711061477661133
197 666 71 91 -3.3744640350341797
468 586 71 91 -3.374561071395874
719 689 45 55 -3.3790388107299805
943 210 23 27 -3.394711971282959
163 361 37 45 -3.3966856002807617
906 397 179 283 -3.4042391777038574
988 705 22 22 -3.4072272777557373
658 126 44 46 -3.4102113246917725
986 181 70 69 -3.41237211227417
514 646 19 21 -3.414128065109253
3 153 55 70 -3.4307432174682617
467 659 114 108 -3.4316043853759766
187 359 8 10 -3.4355826377868652
139 308 27 32 -3.438723087310791
81 401 14 16 -3.439922332763672
754 250 21 24 -3.44028377532959
140 567 22 21 -3.4416086673736572
500 645 27 27 -3.446805000305176
801 624 8 9 -3.4470512866973877
696 660 94 113 -3.449289560317993
263 617 12 15 -3.45855712890625
360 694 9 9 -3.4593594074249268
460 189 105 140 -3.459501266479492
95 504 10 14 -3.4652671813964844
792 664 123 106 -3.46651554107666
780 585 223 268 -3.467602252960205
262 284 18 20 -3.4677352905273438
567 113 41 43 -3.46860671043396
136 309 15 16 -3.4688267707824707
174 637 25 28 -3.4744060039520264
36 486 14 20 -3.4750795364379883
510 700 27 32 -3.475904941558838
