1_Handshaking_Handshaking_1_442.jpg
100
120 392 7 8 -2.814056396484375
899 353 30 31 -2.8641085624694824
546 274 29 32 -2.944145679473877
436 189 25 34 -3.0610597133636475
897 1343 42 45 -3.0902204513549805
754 231 13 16 -3.176485776901245
962 1340 49 45 -3.1773171424865723
629 288 27 32 -3.1986236572265625
894 1307 107 124 -3.2073709964752197
472 169 14 15 -3.233172655105591
932 1353 31 29 -3.2662770748138428
1012 1109 16 24 -3.2853195667266846
960 451 91 106 -3.2971701622009277
1005 78 33 46 -3.3041796684265137
536 1138 403 466 -3.3053174018859863
874 1349 33 35 -3.308865785598755
910 333 178 325 -3.3126134872436523
800 318 51 63 -3.3131446838378906
910 1351 23 25 -3.3203303813934326
973 403 61 105 -3.326444149017334
915 1344 55 63 -3.3296422958374023
799 468 15 17 -3.331474781036377
733 454 20 25 -3.3373382091522217
978 987 48 60 -3.344667911529541
543 615 88 108 -3.3469040393829346
823 55 46 56 -3.347702980041504
635 1249 16 16 -3.356196403503418
633 789 13 17 -3.357116937637329
670 896 26 29 -3.3608450889587402
956 1356 31 33 -3.363093852996826
896 121 100 121 -3.3656070232391357
939 26 45 51 -3.3674044609069824
785 216 15 18 -3.3760263919830322
7 539 13 15 -3.3773083686828613
922 1351 21 26 -3.3820605278015137
934 1355 15 20 -3.3840749263763428
785 1352 22 28 -3.384281635284424
322 1113 14 16 -3.3935811519622803
647 262 16 17 -3.3948469161987305
649 984 19 19 -3.3956851959228516
1013 94 17 23 -3.3983066082000732
822 1344 28 31 -3.3991355895996094
1012 613 15 28 -3.399144411087036
733 1295 97 128 -3.4001803398132324
978 1347 20 28 -3.400639533996582
984 557 8 8 -3.402961015701294
790 1292 116 122 -3.4087471961975098
158 400 113 143 -3.4108922481536865
481 207 26 30 -3.4139726161956787
608 953 27 25 -3.4141650199890137
1000 1350 22 30 -3.414238214492798
969 14 62 107 -3.414797067642212
494 202 26 31 -3.4155216217041016
637 251 53 65 -3.4156007766723633
233 1347 27 41 -3.416724681854248
925 510 129 234 -3.419663429260254
1010 460 17 29 -3.4282450675964355
758 1181 108 116 -3.4288125038146973
461 245 36 51 -3.4289143085479736
745 417 13 18 -3.4346084594726562
486 210 187 237 -3.4374942779541016
671 280 15 16 -3.4376003742218018
557 1176 101 145 -3.439281940460205
756 418 12 13 -3.440662384033203
528 1348 34 33 -3.4408953189849854
817 345 40 54 -3.443114995956421
747 144 64 102 -3.4469387531280518
420 779 60 63 -3.4469408988952637
111 386 23 26 -3.446941375732422
463 667 27 30 -3.447620153427124
656 941 112 140 -3.4490926265716553
612 1100 23 25 -3.4493942260742188
189 1060 111 120 -3.449948787689209
990 1349 20 29 -3.4502217769622803
454 1069 51 68 -3.4505491256713867
811 51 168 227 -3.451021194458008
832 488 46 70 -3.451965093612671
607 1265 15 15 -3.452169418334961
564 916 100 113 -3.452949047088623
1013 878 14 21 -3.454486846923828
529 202 96 123 -3.4575841426849365
332 609 99 124 -3.460677146911621
472 1057 74 85 -3.4616615772247314
507 297 43 54 -3.462982654571533
696 548 29 35 -3.4650020599365234
996 376 116 185 -3.4650216102600098
994 151 40 41 -3.4670369625091553
432 184 8 9 -3.467365264892578
454 229 98 125 -3.4677815437316895
709 10 102 128 -3.4680206775665283
4 1345 34 31 -3.469114303588867
634 254 28 30 -3.469280242919922
909 67 181 223 -3.470486640930176
585 1086 49 69 -3.471129894256592
807 115 64 101 -3.471545934677124
429 1347 32 30 -3.473686456680298
303 700 111 142 -3.4740164279937744
815 1164 33 29 -3.4745237827301025
981 555 18 31 -3.4751949310302734
809 331 107 132 -3.475632905960083
