1_Handshaking_Handshaking_1_772.jpg
112
597 399 7 8 -1.4769705533981323
104 462 8 10 -1.8896067142486572
631 307 9 11 -2.31518816947937
544 280 15 17 -2.4088294506073
33 331 8 10 -2.7077410221099854
106 461 12 16 -2.728959560394287
320 310 14 16 -2.7950053215026855
838 341 15 17 -2.8398184776306152
523 275 39 46 -2.849256753921509
621 295 8 9 -2.8633716106414795
600 647 8 9 -2.8961968421936035
265 440 6 8 -2.9018590450286865
593 279 14 16 -2.9617836475372314
933 331 8 10 -2.9742703437805176
500 444 8 9 -2.9787349700927734
481 441 7 8 -2.9867136478424072
952 336 8 9 -3.0656487941741943
960 335 14 16 -3.0737385749816895
474 295 14 17 -3.0764050483703613
383 328 15 15 -3.1141319274902344
896 295 8 9 -3.1178743839263916
941 343 7 9 -3.135392427444458
884 346 8 11 -3.1447947025299072
674 422 14 18 -3.145475387573242
99 463 15 20 -3.1713473796844482
593 399 7 9 -3.177495241165161
296 328 8 8 -3.1914639472961426
586 280 14 15 -3.1973154544830322
644 288 7 8 -3.2021803855895996
114 221 25 30 -3.206110715866089
734 361 18 14 -3.218686103820801
525 281 19 24 -3.2386393547058105
864 313 14 15 -3.2427594661712646
744 347 8 9 -3.2486379146575928
889 289 15 17 -3.2574336528778076
164 307 25 29 -3.290907859802246
641 643 7 9 -3.2983386516571045
557 639 55 64 -3.3010926246643066
468 525 210 267 -3.3035898208618164
896 305 8 8 -3.3064708709716797
21 331 8 9 -3.310497522354126
896 287 15 16 -3.3171558380126953
896 299 8 9 -3.320441246032715
168 651 70 68 -3.3214128017425537
535 590 80 147 -3.3218228816986084
1010 586 25 41 -3.3281304836273193
12 308 7 9 -3.3355531692504883
665 395 7 8 -3.3402397632598877
505 416 7 9 -3.3424363136291504
29 432 7 8 -3.3426618576049805
496 425 7 8 -3.3433940410614014
408 301 15 17 -3.343973159790039
933 353 7 8 -3.3496999740600586
478 639 54 89 -3.3541336059570312
492 412 7 8 -3.3604578971862793
496 331 8 9 -3.363722324371338
890 283 28 29 -3.3658995628356934
596 359 7 9 -3.374861240386963
629 295 8 10 -3.377135992050171
81 318 15 16 -3.377150535583496
414 278 30 42 -3.3876965045928955
36 437 8 8 -3.391930341720581
304 448 7 9 -3.398529052734375
669 640 48 86 -3.3991994857788086
363 491 24 42 -3.4067978858947754
293 335 74 92 -3.4090147018432617
492 514 14 19 -3.4102487564086914
1011 332 14 21 -3.413018226623535
379 266 49 73 -3.4144129753112793
930 319 21 30 -3.418321132659912
482 437 21 31 -3.4199090003967285
904 280 16 17 -3.420395851135254
458 409 14 17 -3.4209423065185547
16 463 9 9 -3.42342472076416
509 348 7 10 -3.428908109664917
225 439 8 9 -3.4308369159698486
633 299 8 11 -3.4320883750915527
922 311 22 29 -3.4326367378234863
641 311 8 10 -3.4333269596099854
1010 519 24 42 -3.4355435371398926
583 559 198 236 -3.4360618591308594
273 500 7 8 -3.4385604858398438
357 205 102 127 -3.44206166267395
859 344 8 9 -3.4434115886688232
360 52 47 66 -3.444565534591675
923 271 8 9 -3.447240114212036
773 303 47 78 -3.44766902923584
13 314 21 28 -3.449618101119995
1010 457 25 41 -3.4497482776641846
904 271 15 18 -3.4508161544799805
888 645 51 85 -3.4510817527770996
25 497 29 42 -3.4527595043182373
359 325 14 20 -3.4535586833953857
479 318 16 17 -3.4543514251708984
921 328 34 40 -3.4550907611846924
141 585 37 45 -3.456810235977173
541 319 9 9 -3.4602112770080566
744 244 107 149 -3.460991382598877
473 408 7 7 -3.4627771377563477
449 440 7 9 -3.4634368419647217
261 499 7 9 -3.4635021686553955
515 275 8 9 -3.464949607849121
427 215 106 143 -3.466107130050659
852 230 37 43 -3.4703855514526367
212 410 20 27 -3.470747947692871
490 251 47 67 -3.4709746837615967
2 252 42 49 -3.4713282585144043
778 232 49 62 -3.4717516899108887
184 331 18 20 -3.4721670150756836
164 633 16 14 -3.473477840423584
118 482 19 24 -3.473660707473755
595 311 13 19 -3.4758481979370117
