1_Handshaking_Handshaking_1_525.jpg
100
147 69 163 197 3.073544979095459
621 75 191 208 1.1654704809188843
765 46 26 32 -1.9166289567947388
85 82 138 202 -2.5740814208984375
174 172 86 91 -2.5919623374938965
441 604 7 9 -2.7677812576293945
453 576 8 10 -2.802891731262207
1000 268 8 9 -2.8060855865478516
137 131 50 69 -2.836972951889038
639 42 28 32 -2.923978567123413
628 531 8 10 -3.0185842514038086
384 548 9 9 -3.033057689666748
276 112 7 9 -3.036306381225586
673 76 8 9 -3.0942749977111816
854 608 201 246 -3.1139848232269287
286 651 191 241 -3.117694854736328
309 744 30 35 -3.1288623809814453
273 710 102 113 -3.132887363433838
617 72 8 9 -3.163283586502075
998 752 18 27 -3.167029857635498
985 752 16 26 -3.1740169525146484
809 69 15 18 -3.181020498275757
101 651 193 234 -3.206787347793579
352 742 26 42 -3.253740072250366
-6 740 40 48 -3.260237693786621
331 702 78 131 -3.2649002075195312
939 722 47 78 -3.266298532485962
906 -55 266 357 -3.277416944503784
325 748 23 27 -3.2811672687530518
677 -31 182 253 -3.281757354736328
206 637 166 222 -3.2860989570617676
419 750 27 31 -3.2883379459381104
365 748 30 32 -3.3090920448303223
11 749 17 26 -3.3115570545196533
203 737 61 59 -3.3134169578552246
773 747 27 32 -3.3157241344451904
973 737 42 48 -3.320631980895996
-12 608 191 255 -3.3308169841766357
390 723 56 73 -3.332853317260742
792 115 14 23 -3.333376407623291
677 723 80 85 -3.3346126079559326
238 717 60 95 -3.341284990310669
875 247 204 212 -3.3426151275634766
678 157 94 135 -3.3533670902252197
96 123 17 22 -3.3663246631622314
874 741 42 47 -3.369865894317627
744 19 16 19 -3.373002290725708
687 259 53 76 -3.37391996383667
283 748 31 36 -3.3743703365325928
480 723 52 65 -3.375732183456421
639 469 17 19 -3.378180980682373
404 588 8 10 -3.381805896759033
752 4 30 37 -3.391535997390747
618 497 10 14 -3.393024444580078
590 629 178 226 -3.3963119983673096
502 753 28 32 -3.4156126976013184
495 483 24 29 -3.41939115524292
189 351 7 9 -3.419901132583618
720 739 30 51 -3.4217238426208496
424 739 40 52 -3.4277167320251465
198 100 29 41 -3.428105354309082
409 745 24 28 -3.4313600063323975
86 7 48 71 -3.432135581970215
194 464 16 25 -3.434432029724121
94 104 22 26 -3.44010066986084
-29 463 355 529 -3.4418463706970215
782 321 37 40 -3.44233775138855
615 529 16 18 -3.4429216384887695
907 687 105 137 -3.4446890354156494
730 665 153 186 -3.4447762966156006
745 23 42 53 -3.4454517364501953
656 212 8 10 -3.4457812309265137
362 729 53 65 -3.4469690322875977
334 749 33 30 -3.4493331909179688
758 175 25 30 -3.449993371963501
183 473 22 28 -3.450227737426758
187 743 41 45 -3.451885938644409
123 14 45 57 -3.4521422386169434
769 750 16 25 -3.4521772861480713
29 744 30 35 -3.452315330505371
754 39 92 143 -3.452759265899658
242 16 25 34 -3.4536781311035156
392 628 206 249 -3.4551830291748047
666 8 33 39 -3.4556727409362793
736 361 11 15 -3.4557886123657227
75 77 54 67 -3.4569315910339355
522 725 21 30 -3.4595260620117188
800 95 41 57 -3.4609179496765137
723 39 28 37 -3.4616992473602295
798 52 75 93 -3.462508201599121
734 190 87 138 -3.4630112648010254
508 490 17 24 -3.4642467498779297
706 652 51 65 -3.4660449028015137
313 721 46 71 -3.467674493789673
94 537 28 31 -3.4702274799346924
626 118 14 16 -3.4706850051879883
664 186 36 48 -3.471712350845337
820 177 18 27 -3.471864938735962
521 567 28 32 -3.473428726196289
700 413 54 71 -3.4753684997558594
