1_Handshaking_Handshaking_1_941.jpg
160
213 175 35 46 3.864081382751465
227 167 31 40 3.8211781978607178
774 69 16 18 -2.104076623916626
752 90 26 33 -2.3634023666381836
569 232 14 16 -2.479163646697998
503 56 81 119 -3.0105881690979004
751 87 14 17 -3.0120790004730225
295 7 15 16 -3.013737678527832
726 88 9 10 -3.049495220184326
416 75 8 10 -3.0554566383361816
271 63 9 9 -3.0968918800354004
233 314 13 16 -3.107816219329834
261 -14 94 116 -3.1342437267303467
608 658 104 173 -3.1470346450805664
320 5 47 70 -3.1898860931396484
764 88 18 25 -3.1995816230773926
646 752 29 31 -3.217682123184204
609 86 111 108 -3.222895383834839
545 200 54 61 -3.2309539318084717
762 104 19 24 -3.234285831451416
216 747 30 33 -3.2472004890441895
32 424 8 10 -3.249685049057007
378 206 48 59 -3.2638111114501953
102 29 29 29 -3.269371747970581
497 533 354 442 -3.27032470703125
213 209 104 164 -3.279688835144043
368 168 101 151 -3.283828020095825
210 700 90 127 -3.2844035625457764
406 236 27 30 -3.2863192558288574
1 108 44 54 -3.2944343090057373
902 694 90 118 -3.2953009605407715
237 97 88 108 -3.300374984741211
704 162 12 17 -3.300508737564087
601 751 29 31 -3.306001901626587
684 10 8 10 -3.3070547580718994
576 222 14 18 -3.3073360919952393
13 723 52 68 -3.3106799125671387
233 747 30 33 -3.3113625049591064
925 117 23 34 -3.312589168548584
714 317 89 128 -3.328394651412964
678 697 103 112 -3.3290932178497314
646 726 56 76 -3.340341567993164
515 743 37 49 -3.3404040336608887
641 249 8 10 -3.3404674530029297
477 692 86 132 -3.342141628265381
621 112 13 16 -3.353461265563965
577 17 53 61 -3.354172945022583
316 750 27 33 -3.357475757598877
15 745 26 41 -3.359422445297241
764 743 43 50 -3.36200213432312
187 174 21 29 -3.367771625518799
820 121 16 17 -3.3697829246520996
943 748 30 34 -3.3701915740966797
752 677 14 16 -3.372559070587158
-16 692 99 117 -3.377136707305908
504 750 28 30 -3.379042387008667
143 127 9 12 -3.3810019493103027
696 88 37 44 -3.3812451362609863
516 172 97 114 -3.381509304046631
665 497 32 34 -3.3822836875915527
255 26 52 77 -3.3838720321655273
197 746 30 36 -3.3843822479248047
155 216 37 43 -3.3901259899139404
550 743 37 51 -3.3902835845947266
702 739 41 55 -3.390357732772827
733 693 99 140 -3.390681266784668
251 747 29 35 -3.3916733264923096
407 201 27 31 -3.39280104637146
353 391 42 52 -3.397139549255371
570 695 91 124 -3.3975772857666016
463 742 38 51 -3.3990607261657715
743 6 102 128 -3.401463031768799
327 262 14 17 -3.401651620864868
616 744 39 50 -3.401761770248413
426 39 26 37 -3.404561996459961
683 229 42 60 -3.404698371887207
799 95 19 20 -3.4069442749023438
584 750 26 32 -3.408186435699463
478 88 28 38 -3.4083170890808105
858 117 11 13 -3.4112319946289062
307 212 91 134 -3.4115066528320312
898 122 11 13 -3.411816120147705
364 226 38 44 -3.4135916233062744
501 124 34 50 -3.4150681495666504
290 81 102 127 -3.4151859283447266
282 37 18 21 -3.41530704498291
176 411 48 54 -3.4154911041259766
718 133 52 69 -3.4166488647460938
120 95 38 50 -3.417640447616577
670 746 27 42 -3.4210433959960938
404 30 15 17 -3.4210827350616455
141 215 18 22 -3.422184467315674
264 741 37 43 -3.4235129356384277
298 748 29 34 -3.4236795902252197
569 224 58 72 -3.4287004470825195
452 163 43 55 -3.430377960205078
873 1 16 22 -3.430436611175537
420 215 32 45 -3.4311695098876953
979 1 37 47 -3.4315133094787598
768 127 57 63 -3.432401657104492
508 200 48 55 -3.432764768600464
901 4 19 20 -3.4334490299224854
981 50 13 18 -3.434443473815918
819 106 38 44 -3.4360971450805664
285 561 15 16 -3.436676025390625
597 172 14 15 -3.438232183456421
208 117 28 31 -3.4393393993377686
755 95 55 72 -3.440288543701172
411 2 66 69 -3.440772533416748
209 621 201 238 -3.4411110877990723
-2 252 101 118 -3.4412178993225098
929 131 14 17 -3.443342447280884
336 729 62 69 -3.4451417922973633
772 71 8 10 -3.4451966285705566
403 231 19 23 -3.4457428455352783
450 749 29 33 -3.4457950592041016
795 194 12 15 -3.4459431171417236
124 187 8 10 -3.4464423656463623
302 732 58 72 -3.447242259979248
567 22 11 12 -3.447962999343872
802 12 50 71 -3.4483704566955566
974 30 50 62 -3.448413610458374
614 113 12 12 -3.448547601699829
844 55 90 130 -3.448652744293213
711 237 25 38 -3.4486606121063232
29 749 24 27 -3.4513094425201416
556 0 96 112 -3.4519686698913574
948 346 45 53 -3.453274965286255
181 49 28 36 -3.4545371532440186
129 500 20 25 -3.454831123352051
3 678 41 53 -3.4551210403442383
612 176 8 9 -3.45542311668396
159 427 49 73 -3.45587158203125
392 29 39 44 -3.456197738647461
167 502 26 28 -3.4569053649902344
964 106 49 69 -3.4581985473632812
82 69 58 70 -3.4588325023651123
276 124 45 54 -3.458890438079834
179 -8 49 89 -3.459679126739502
193 28 19 23 -3.461136817932129
968 303 22 32 -3.461519241333008
736 42 25 27 -3.462219715118408
17 690 24 26 -3.462425470352173
881 135 15 19 -3.4641950130462646
289 136 23 29 -3.4651520252227783
366 129 43 59 -3.465268135070801
239 155 53 56 -3.4653818607330322
483 145 24 30 -3.467139959335327
888 62 16 16 -3.4673478603363037
243 58 30 33 -3.467576742172241
756 744 26 43 -3.468559741973877
682 12 24 28 -3.470019578933716
156 201 17 26 -3.4715735912323
889 748 28 37 -3.472449541091919
742 214 39 53 -3.472580909729004
856 166 16 19 -3.4728496074676514
240 23 29 31 -3.474120855331421
807 734 54 69 -3.475156307220459
471 206 20 25 -3.4752395153045654
457 139 29 38 -3.4759063720703125
