1_Handshaking_Handshaking_1_507.jpg
97
540 135 70 77 4.700109481811523
969 310 36 45 4.414083480834961
580 117 58 96 1.9385085105895996
645 574 13 16 1.9004507064819336
978 290 39 52 0.13860750198364258
881 275 34 29 -1.8528409004211426
384 367 8 9 -2.6465859413146973
376 379 8 11 -2.6908302307128906
840 265 16 16 -2.7971091270446777
368 367 8 9 -2.8359222412109375
377 364 7 8 -2.8445348739624023
807 253 26 31 -2.8690948486328125
165 132 57 64 -2.8728346824645996
887 301 110 140 -2.924421787261963
961 332 55 76 -2.9740309715270996
640 582 15 14 -3.007085084915161
936 643 49 64 -3.08351469039917
401 167 9 10 -3.1164631843566895
666 578 10 13 -3.1486263275146484
464 235 7 10 -3.1740589141845703
959 281 11 17 -3.189222812652588
622 593 12 14 -3.1942219734191895
251 526 203 313 -3.1950783729553223
504 612 7 8 -3.195396661758423
817 264 15 17 -3.2003164291381836
623 576 17 17 -3.2046380043029785
380 368 8 9 -3.206575870513916
889 634 73 66 -3.2099220752716064
995 565 49 63 -3.217825412750244
952 307 35 51 -3.2270090579986572
493 571 8 9 -3.2417776584625244
-65 59 695 1024 -3.246293783187866
309 663 11 14 -3.2464189529418945
699 297 52 70 -3.250803232192993
964 284 15 19 -3.2554688453674316
732 480 8 9 -3.267495632171631
131 531 171 249 -3.2685110569000244
969 33 109 146 -3.2696681022644043
613 201 11 15 -3.2703700065612793
600 583 8 10 -3.2791738510131836
828 499 178 285 -3.2998969554901123
865 293 17 15 -3.305651903152466
202 119 15 16 -3.30610728263855
1008 104 26 44 -3.317436695098877
258 639 53 90 -3.3232054710388184
687 504 192 290 -3.327908515930176
923 659 25 50 -3.3331644535064697
372 367 7 9 -3.3441579341888428
885 350 27 32 -3.344583749771118
916 267 142 237 -3.34527587890625
-56 576 190 210 -3.3471498489379883
847 286 35 28 -3.3573553562164307
977 264 8 9 -3.3579611778259277
505 628 7 9 -3.3611953258514404
980 367 8 10 -3.3682188987731934
694 638 47 70 -3.3781392574310303
580 512 101 126 -3.3786656856536865
-2 370 75 95 -3.386870861053467
542 147 30 36 -3.392552137374878
233 634 50 97 -3.392965316772461
887 262 24 28 -3.393103837966919
956 273 34 31 -3.3943281173706055
216 136 15 15 -3.3948583602905273
117 330 140 171 -3.3984341621398926
235 479 9 9 -3.4010119438171387
960 651 41 47 -3.401672840118408
948 258 81 107 -3.402097702026367
951 367 52 71 -3.404144287109375
29 653 58 54 -3.4053070545196533
989 367 11 12 -3.4062371253967285
977 287 8 10 -3.408177375793457
172 655 66 73 -3.4099955558776855
833 656 32 47 -3.4108195304870605
996 288 14 17 -3.4209632873535156
627 589 12 18 -3.4233222007751465
605 122 53 63 -3.4244208335876465
516 424 37 46 -3.4251742362976074
854 287 15 16 -3.4307589530944824
690 564 13 16 -3.433501720428467
902 622 102 125 -3.4337410926818848
1013 583 12 17 -3.4359452724456787
1013 375 13 18 -3.437567710876465
379 368 17 25 -3.4380850791931152
345 367 15 17 -3.4414076805114746
691 542 22 27 -3.442460536956787
739 109 112 134 -3.4436559677124023
884 308 16 16 -3.4487504959106445
340 354 8 10 -3.4536828994750977
970 424 82 109 -3.4559683799743652
614 577 12 13 -3.4566876888275146
909 268 66 67 -3.4568636417388916
684 546 42 51 -3.4609146118164062
968 336 17 28 -3.4686124324798584
557 131 33 54 -3.4714083671569824
187 113 30 30 -3.4722654819488525
514 105 48 78 -3.4733195304870605
861 298 15 15 -3.4759247303009033
