1_Handshaking_Handshaking_1_534.jpg
108
964 36 8 9 -0.9273953437805176
69 145 138 134 -2.9486610889434814
354 458 30 28 -3.0653176307678223
558 456 28 32 -3.0768861770629883
683 403 106 116 -3.1007301807403564
251 463 28 31 -3.115272283554077
853 463 30 33 -3.118708372116089
889 459 28 39 -3.118708372116089
321 401 104 121 -3.118873357772827
463 455 28 41 -3.129672050476074
545 460 26 30 -3.1535656452178955
588 446 53 60 -3.155033826828003
390 67 101 113 -3.1709394454956055
241 447 57 63 -3.1764562129974365
110 453 36 45 -3.1776812076568604
752 249 378 442 -3.1803665161132812
771 465 29 30 -3.184293508529663
748 345 201 241 -3.1890616416931152
534 326 186 230 -3.1898412704467773
206 306 195 268 -3.206583261489868
135 459 31 31 -3.2151219844818115
978 464 32 30 -3.21870493888855
754 448 52 64 -3.225191831588745
854 39 178 210 -3.2322299480438232
937 36 8 10 -3.2384378910064697
121 469 18 20 -3.2410988807678223
403 13 99 108 -3.2411231994628906
679 440 52 73 -3.2420716285705566
75 422 87 108 -3.2466232776641846
207 455 25 43 -3.248918294906616
870 431 54 80 -3.2617368698120117
813 429 95 124 -3.262641668319702
707 451 48 63 -3.2744932174682617
213 396 92 144 -3.281970977783203
367 462 33 32 -3.282822847366333
458 23 34 37 -3.283005475997925
165 457 29 46 -3.283891201019287
837 436 48 75 -3.2846174240112305
157 415 103 138 -3.2886557579040527
632 445 46 60 -3.2888879776000977
339 439 49 73 -3.2979164123535156
569 463 27 35 -3.3089818954467773
437 37 26 39 -3.3114945888519287
292 444 37 55 -3.312623977661133
266 408 100 112 -3.3215322494506836
-82 375 185 250 -3.3253471851348877
362 471 18 19 -3.3309824466705322
179 464 28 33 -3.3321194648742676
918 428 101 111 -3.3336567878723145
962 463 27 33 -3.3346214294433594
267 458 24 42 -3.3348283767700195
711 462 32 29 -3.3351945877075195
532 459 25 35 -3.3450968265533447
666 312 49 69 -3.3501992225646973
648 461 15 33 -3.3513426780700684
937 461 33 33 -3.3550031185150146
689 460 28 31 -3.35621976852417
810 454 40 49 -3.3594717979431152
743 411 93 123 -3.3662619590759277
917 35 14 16 -3.3798623085021973
897 438 53 84 -3.382979393005371
907 464 16 22 -3.385141134262085
7 29 172 230 -3.38638973236084
108 36 8 9 -3.3923215866088867
192 435 47 84 -3.394315719604492
858 466 13 21 -3.394728660583496
559 447 56 67 -3.3974692821502686
-11 424 87 93 -3.3996856212615967
392 458 25 34 -3.402845859527588
873 348 116 188 -3.4091410636901855
530 172 348 521 -3.4098622798919678
872 458 31 35 -3.413229465484619
482 460 30 30 -3.415104627609253
326 43 51 65 -3.4154107570648193
308 458 27 31 -3.4181418418884277
345 459 24 41 -3.4186549186706543
389 31 37 45 -3.422189712524414
433 423 85 117 -3.4251270294189453
531 242 25 34 -3.4281086921691895
20 88 7 9 -3.4326529502868652
786 457 26 42 -3.434326171875
483 227 91 107 -3.4376580715179443
14 464 32 27 -3.439176082611084
-123 264 400 455 -3.4399361610412598
410 463 22 30 -3.441865921020508
53 258 97 123 -3.442873239517212
283 463 33 29 -3.4430508613586426
151 426 54 83 -3.4449355602264404
88 455 25 44 -3.446565628051758
243 465 22 26 -3.4513330459594727
994 221 18 24 -3.451901435852051
463 47 18 28 -3.4529778957366943
317 16 115 123 -3.45381498336792
985 216 10 12 -3.4561514854431152
471 189 35 30 -3.456498622894287
917 205 180 291 -3.4597561359405518
941 96 59 73 -3.461573362350464
355 -57 176 241 -3.4617364406585693
13 208 18 27 -3.46478009223938
477 465 16 21 -3.464806079864502
725 332 92 154 -3.466038465499878
99 465 29 29 -3.467738389968872
873 13 91 128 -3.4685847759246826
931 114 141 227 -3.4703969955444336
897 20 20 28 -3.4707767963409424
909 452 25 42 -3.471259832382202
385 404 97 107 -3.4720044136047363
71 88 89 122 -3.4745941162109375
