26_Soldier_Drilling_Soldiers_Drilling_26_144
27
811 246 45 63 0.817
654 253 40 51 0.815
49 184 42 55 0.805
747 244 40 53 0.803
472 231 25 31 0.800
583 230 37 44 0.748
404 225 20 27 0.740
521 244 28 34 0.731
429 221 21 27 0.711
219 160 33 59 0.619
558 231 27 36 0.593
383 240 22 25 0.584
352 219 26 29 0.578
891 223 29 46 0.370
508 240 21 29 0.318
335 234 19 23 0.305
904 235 27 41 0.187
415 225 22 28 0.099
372 228 52 27 0.091
345 214 24 29 0.054
439 224 19 25 0.045
336 242 21 24 0.043
370 228 24 23 0.043
635 259 23 33 0.031
364 218 19 23 0.029
688 242 38 50 0.028
703 243 38 48 0.023
