26_Soldier_Drilling_Soldiers_Drilling_26_331
27
37 171 45 55 0.848
785 200 37 41 0.843
711 219 42 46 0.841
612 173 38 42 0.836
130 149 29 35 0.832
380 148 33 38 0.830
898 188 34 39 0.829
558 259 40 42 0.812
972 189 48 56 0.812
310 151 26 30 0.759
454 140 32 34 0.758
835 207 20 26 0.524
565 171 30 33 0.413
292 179 28 33 0.289
498 203 30 35 0.231
0 155 15 32 0.079
99 154 21 25 0.060
0 153 24 36 0.052
183 140 32 37 0.041
1012 213 12 37 0.036
199 180 32 35 0.035
282 172 30 42 0.030
1008 201 16 42 0.027
671 198 26 32 0.026
686 206 33 40 0.026
0 118 11 29 0.024
805 143 20 24 0.021
