26_Soldier_Drilling_Soldiers_Drilling_26_280
28
232 688 54 63 0.840
140 680 53 66 0.805
553 675 46 54 0.792
616 690 36 42 0.773
340 679 45 58 0.762
482 676 38 51 0.760
932 736 28 33 0.671
713 696 36 42 0.667
818 834 21 25 0.645
670 688 34 40 0.645
416 681 43 55 0.565
750 694 29 38 0.543
993 824 18 20 0.353
515 696 30 33 0.254
102 680 25 42 0.184
406 667 43 59 0.129
18 661 19 26 0.125
434 692 34 47 0.057
409 660 33 41 0.048
758 680 24 33 0.044
102 693 29 39 0.044
105 674 21 28 0.041
677 677 28 39 0.028
779 750 23 32 0.027
519 680 38 43 0.024
685 686 27 35 0.022
24 663 22 30 0.022
1005 819 15 21 0.021
