26_Soldier_Drilling_Soldiers_Drilling_26_91
37
676 212 157 193 0.877
900 368 49 59 0.849
600 351 51 57 0.838
166 299 32 37 0.836
538 327 30 33 0.832
570 336 32 37 0.827
819 379 68 77 0.826
435 341 44 49 0.820
945 345 40 47 0.813
346 322 36 42 0.813
242 312 36 42 0.809
114 294 28 32 0.786
310 308 25 28 0.765
57 291 25 28 0.743
25 286 24 27 0.722
417 305 21 24 0.715
0 289 20 25 0.691
154 292 18 20 0.636
366 298 16 18 0.515
388 316 24 31 0.362
663 272 32 56 0.356
830 343 32 35 0.296
285 301 15 18 0.288
1 287 53 25 0.275
494 310 20 21 0.265
476 320 24 26 0.225
303 309 24 24 0.115
559 311 16 15 0.073
640 330 32 37 0.047
562 321 36 48 0.044
555 314 22 23 0.044
287 285 10 12 0.030
632 323 17 20 0.027
395 320 19 23 0.024
417 299 17 22 0.024
288 291 14 15 0.022
423 303 29 21 0.021
