26_Soldier_Drilling_Soldiers_Drilling_26_4
23
806 189 40 48 0.851
554 218 35 38 0.850
968 197 33 38 0.832
715 179 37 42 0.830
220 235 41 45 0.823
631 224 38 43 0.812
291 203 37 43 0.810
413 227 37 41 0.801
483 228 43 46 0.791
366 214 39 46 0.767
114 195 34 44 0.655
268 204 26 31 0.407
146 209 32 40 0.379
140 212 24 35 0.277
158 210 25 34 0.222
667 211 29 32 0.204
129 201 34 40 0.199
524 236 18 26 0.124
612 233 21 27 0.079
629 217 61 38 0.054
467 232 48 36 0.041
461 240 24 30 0.031
278 209 38 37 0.028
