26_Soldier_Drilling_Soldiers_Drilling_26_124
38
864 212 41 50 0.828
731 256 30 36 0.816
614 238 28 32 0.797
689 255 26 34 0.788
793 246 34 42 0.780
532 241 23 27 0.779
660 240 26 31 0.771
481 227 23 28 0.761
457 231 21 26 0.737
66 221 24 29 0.735
974 242 28 31 0.729
392 242 18 22 0.699
340 258 14 17 0.694
574 248 27 31 0.680
424 246 22 24 0.630
370 244 18 21 0.620
359 246 17 19 0.615
838 253 25 32 0.342
467 230 25 26 0.337
432 245 23 26 0.296
423 244 44 25 0.177
959 243 18 24 0.118
930 267 20 26 0.111
1010 251 13 27 0.106
851 223 44 51 0.092
960 241 31 31 0.081
939 246 44 34 0.040
941 262 17 23 0.034
987 244 30 30 0.032
847 248 20 29 0.030
921 261 26 32 0.029
830 261 25 32 0.029
788 257 26 35 0.029
983 391 18 23 0.029
936 269 20 21 0.027
958 249 19 27 0.027
514 243 19 23 0.023
954 245 18 23 0.023
