26_Soldier_Drilling_Soldiers_Drilling_26_173
27
769 334 31 33 0.839
315 316 36 39 0.807
224 325 42 48 0.776
408 324 33 39 0.764
494 336 31 35 0.764
581 331 27 36 0.737
674 337 32 36 0.725
465 327 29 35 0.721
856 322 31 39 0.678
371 313 32 36 0.333
869 321 23 35 0.325
200 300 31 38 0.295
289 334 22 27 0.181
5 374 16 19 0.129
661 333 29 36 0.101
200 313 67 45 0.067
186 319 23 33 0.062
204 298 44 45 0.047
386 322 39 36 0.044
184 333 22 24 0.040
688 336 24 33 0.039
191 312 21 30 0.032
655 331 28 30 0.032
197 310 22 27 0.027
691 381 21 27 0.026
375 303 40 47 0.022
877 327 19 29 0.021
