26_Soldier_Drilling_Soldiers_Drilling_26_469
95
424 111 18 19 0.507
659 100 13 16 0.480
621 100 14 16 0.367
754 115 10 12 0.341
793 118 9 11 0.265
715 116 12 14 0.260
519 113 15 16 0.245
702 113 13 13 0.230
563 111 13 15 0.217
38 120 7 9 0.217
919 110 8 10 0.171
366 109 13 14 0.156
704 114 21 14 0.149
572 114 19 16 0.136
106 122 7 7 0.133
311 120 9 10 0.123
313 123 9 9 0.123
861 115 10 10 0.115
393 125 10 12 0.113
304 116 9 10 0.112
720 117 11 14 0.110
564 112 20 16 0.105
363 109 13 19 0.095
512 118 14 15 0.092
878 115 11 9 0.084
515 113 14 15 0.083
346 115 9 9 0.083
213 123 10 10 0.075
208 157 11 12 0.071
619 106 13 15 0.071
778 112 11 11 0.071
918 113 8 9 0.068
775 111 10 12 0.068
524 117 15 15 0.067
212 127 10 10 0.066
241 113 10 11 0.066
597 115 10 12 0.064
553 111 14 15 0.064
416 113 20 16 0.063
76 132 8 9 0.062
546 111 27 15 0.055
391 120 11 15 0.054
243 122 10 12 0.050
76 134 10 11 0.049
624 106 13 16 0.047
644 102 10 12 0.046
970 114 7 9 0.046
695 111 14 14 0.044
243 110 9 23 0.044
500 120 13 15 0.043
500 117 22 15 0.041
52 134 7 8 0.041
78 123 8 23 0.039
542 113 12 13 0.039
580 115 29 14 0.039
77 125 13 9 0.038
634 103 20 12 0.037
533 115 24 14 0.036
821 117 10 13 0.036
965 113 10 9 0.035
361 122 12 13 0.035
162 121 9 8 0.035
1004 102 7 8 0.035
655 105 13 14 0.035
956 109 12 9 0.033
766 114 21 13 0.032
823 122 10 10 0.032
317 125 9 10 0.032
819 114 10 11 0.032
52 117 8 12 0.032
37 116 10 9 0.031
166 122 8 7 0.031
266 117 8 11 0.028
122 123 17 8 0.028
793 118 24 11 0.028
594 130 10 14 0.028
196 125 9 11 0.027
396 114 10 11 0.027
874 113 12 11 0.025
430 117 16 16 0.025
971 102 6 25 0.025
683 110 11 15 0.025
268 116 8 8 0.024
684 108 13 14 0.024
461 117 16 13 0.024
339 135 8 9 0.023
302 115 9 11 0.023
385 114 11 11 0.023
706 117 13 14 0.023
268 115 9 15 0.022
338 115 20 9 0.022
102 124 32 7 0.022
958 110 21 10 0.021
141 123 9 13 0.021
368 108 17 16 0.021
