26_Soldier_Drilling_Soldiers_Drilling_26_622
25
578 256 44 57 0.868
802 264 50 54 0.836
369 280 34 39 0.825
219 291 41 45 0.820
136 324 41 48 0.789
762 256 36 42 0.784
1004 321 15 20 0.747
949 320 14 16 0.719
900 317 13 16 0.527
849 301 19 21 0.432
303 303 14 17 0.428
337 312 13 15 0.305
667 329 9 10 0.128
909 308 15 16 0.094
689 339 10 14 0.077
916 308 12 13 0.072
522 313 9 9 0.061
465 334 7 9 0.058
702 338 8 10 0.044
295 333 19 26 0.039
905 335 14 19 0.031
818 281 45 40 0.026
682 336 18 17 0.022
873 324 11 14 0.021
670 332 24 16 0.021
