26_Soldier_Drilling_Soldiers_Drilling_26_920
27
782 306 24 31 0.708
923 303 16 19 0.687
969 312 16 20 0.677
704 316 14 16 0.640
242 307 12 15 0.630
624 323 12 15 0.596
449 302 14 16 0.547
580 317 12 13 0.533
151 324 14 17 0.493
304 338 17 29 0.407
82 297 11 14 0.395
55 334 12 15 0.332
466 297 10 14 0.183
158 288 11 13 0.179
948 306 12 14 0.168
465 302 12 16 0.133
461 306 14 15 0.106
165 286 11 12 0.082
154 291 12 13 0.060
962 316 14 19 0.057
790 307 24 30 0.045
132 321 12 14 0.041
64 286 8 8 0.038
146 311 13 21 0.035
584 318 11 13 0.031
170 287 8 11 0.026
309 335 14 21 0.023
