26_Soldier_Drilling_Soldiers_Drilling_26_232
36
166 115 48 64 0.828
28 171 22 27 0.772
600 132 42 70 0.765
552 164 13 17 0.688
861 179 11 12 0.553
966 172 9 10 0.525
759 177 9 10 0.437
891 165 11 12 0.409
926 167 9 11 0.383
985 177 8 10 0.298
701 183 9 10 0.275
221 174 26 30 0.227
741 182 9 11 0.207
1004 194 8 10 0.148
1010 176 8 9 0.113
940 171 8 10 0.085
973 178 24 8 0.083
888 168 11 14 0.074
694 183 11 14 0.069
849 175 8 10 0.054
742 180 9 9 0.052
913 168 18 9 0.051
291 190 35 39 0.046
711 196 8 9 0.045
248 168 13 15 0.041
603 203 10 10 0.041
855 176 11 12 0.040
697 182 13 13 0.040
908 171 9 10 0.036
691 178 9 13 0.036
1006 174 9 18 0.035
238 169 21 23 0.033
930 171 14 15 0.030
987 181 8 10 0.030
1008 175 11 8 0.024
929 189 9 11 0.020
