26_Soldier_Drilling_Soldiers_Drilling_26_629
67
288 174 23 28 0.753
419 168 22 25 0.737
257 183 21 24 0.723
468 207 40 41 0.703
379 183 20 23 0.701
552 181 19 24 0.675
662 176 16 20 0.656
211 177 26 27 0.638
739 181 13 17 0.591
924 161 19 21 0.590
871 163 17 18 0.562
680 179 14 18 0.524
318 177 21 25 0.509
896 176 14 16 0.445
811 182 11 13 0.439
219 182 26 28 0.406
617 193 10 12 0.365
179 180 20 23 0.330
575 196 15 18 0.304
125 185 26 28 0.298
75 114 22 27 0.287
471 193 34 34 0.285
983 169 13 15 0.273
824 179 15 17 0.247
965 168 15 17 0.226
152 195 19 19 0.212
811 180 22 17 0.194
178 186 22 29 0.182
584 192 16 14 0.178
509 193 13 14 0.172
296 176 25 26 0.156
324 182 19 25 0.140
59 213 25 25 0.140
967 168 29 16 0.135
48 140 22 23 0.125
359 187 15 16 0.110
34 173 28 32 0.102
346 190 17 17 0.089
649 179 14 18 0.069
653 179 16 19 0.069
322 189 18 23 0.065
139 188 63 23 0.061
16 176 31 38 0.060
954 166 15 17 0.054
308 179 21 25 0.054
329 189 23 22 0.054
176 205 21 28 0.052
150 192 32 26 0.050
526 196 14 14 0.047
477 190 24 28 0.043
851 150 10 12 0.042
847 233 14 17 0.042
981 153 12 17 0.041
738 187 13 16 0.039
980 148 11 12 0.036
229 189 17 21 0.036
918 162 17 20 0.035
567 193 64 14 0.031
136 189 24 25 0.031
577 190 16 16 0.031
830 165 15 24 0.031
342 192 16 17 0.029
820 176 15 16 0.029
89 137 29 33 0.029
978 147 14 28 0.023
848 252 16 18 0.021
15 192 30 32 0.021
