26_Soldier_Drilling_Soldiers_Drilling_26_666
28
577 485 84 102 0.858
378 479 13 16 0.802
455 508 14 17 0.780
374 510 13 17 0.770
332 479 13 16 0.769
288 512 16 20 0.769
416 509 14 18 0.769
909 492 15 18 0.764
335 510 16 20 0.763
290 480 15 17 0.761
29 476 22 26 0.760
418 479 13 15 0.754
123 488 17 20 0.752
862 496 15 18 0.747
192 493 20 22 0.705
945 508 16 18 0.689
455 487 13 15 0.665
802 504 14 20 0.429
158 5 24 31 0.275
290 480 66 16 0.129
275 479 13 18 0.043
800 511 15 25 0.042
968 507 12 16 0.041
56 485 16 19 0.036
804 522 15 18 0.034
795 505 17 20 0.031
306 31 28 32 0.024
939 511 13 16 0.021
