26_Soldier_Drilling_Soldiers_Drilling_26_180
54
790 211 23 29 0.804
644 228 23 31 0.774
970 304 16 20 0.770
213 241 29 38 0.754
862 242 20 25 0.722
676 214 18 23 0.716
58 226 18 28 0.704
519 205 18 25 0.686
319 201 19 25 0.685
896 226 21 31 0.677
415 223 17 23 0.632
452 191 23 37 0.578
717 278 16 19 0.502
27 213 9 11 0.502
763 205 9 12 0.485
0 221 8 11 0.370
383 220 14 21 0.354
507 209 17 21 0.347
259 218 10 12 0.337
589 243 8 9 0.328
559 209 10 11 0.263
233 218 14 15 0.219
57 224 14 19 0.194
704 211 9 10 0.113
58 225 7 9 0.113
909 229 15 24 0.113
721 244 11 13 0.103
236 216 16 15 0.088
889 231 19 24 0.088
64 227 23 28 0.081
696 211 18 18 0.066
742 215 7 9 0.064
14 226 11 12 0.059
936 238 13 17 0.057
452 217 17 28 0.055
0 227 8 12 0.036
592 243 9 9 0.036
762 226 10 12 0.035
979 271 8 12 0.035
64 222 9 12 0.034
227 220 14 16 0.032
568 242 8 9 0.031
737 237 10 12 0.027
846 254 13 16 0.026
453 225 13 17 0.025
726 238 19 17 0.024
642 356 22 25 0.023
738 307 9 10 0.022
343 218 11 15 0.022
413 219 14 20 0.022
363 231 11 13 0.021
761 230 10 12 0.020
738 221 8 21 0.020
229 214 21 25 0.020
