26_Soldier_Drilling_Soldiers_Drilling_26_753
29
529 215 25 32 0.824
496 223 22 28 0.808
826 237 18 24 0.783
424 219 26 34 0.781
279 252 20 23 0.772
123 251 15 20 0.756
201 236 20 24 0.754
94 233 17 19 0.735
164 242 16 19 0.706
239 224 18 21 0.694
288 230 14 17 0.636
115 239 12 15 0.550
154 228 13 15 0.539
221 228 12 16 0.484
179 238 14 17 0.322
268 227 13 15 0.284
169 241 17 19 0.246
459 227 17 20 0.113
358 286 14 17 0.094
192 229 14 16 0.087
236 227 44 16 0.079
182 236 11 13 0.042
462 232 16 18 0.038
152 235 13 18 0.035
312 314 8 9 0.035
184 240 28 21 0.034
259 229 16 17 0.031
302 265 11 14 0.024
202 226 17 19 0.020
