26_Soldier_Drilling_Soldiers_Drilling_26_468
41
252 386 19 20 0.742
298 384 20 22 0.722
451 372 19 24 0.718
372 369 22 27 0.701
173 400 17 20 0.672
516 380 23 26 0.669
326 379 21 25 0.669
24 384 12 13 0.666
101 411 20 25 0.653
221 389 19 22 0.647
400 384 20 21 0.640
598 390 16 23 0.587
142 406 16 20 0.544
548 390 14 19 0.501
76 379 11 14 0.474
627 393 20 23 0.437
911 501 16 19 0.359
435 372 18 23 0.321
122 418 14 17 0.317
273 384 15 20 0.308
899 470 14 16 0.275
471 394 13 17 0.258
105 414 24 22 0.249
98 381 16 20 0.174
593 391 39 22 0.169
1014 487 10 16 0.146
100 385 17 25 0.087
827 453 14 15 0.076
350 375 16 21 0.073
197 395 13 18 0.071
735 444 15 16 0.068
335 377 29 20 0.057
528 387 20 21 0.055
595 384 15 24 0.041
191 396 18 19 0.040
329 386 21 23 0.035
598 383 17 21 0.030
225 384 18 21 0.029
196 389 13 16 0.027
822 455 15 17 0.024
343 388 21 22 0.021
