45_Balloonist_Balloonist_45_361
29
390 107 76 90 0.868
215 263 28 42 0.852
155 140 24 37 0.775
526 89 11 15 0.570
966 239 16 22 0.538
192 158 14 18 0.495
934 185 13 16 0.438
924 198 12 14 0.393
493 96 12 15 0.383
613 88 50 58 0.349
1016 211 8 19 0.248
927 192 15 18 0.192
930 185 15 19 0.176
423 255 37 47 0.070
156 179 15 21 0.069
514 84 20 16 0.059
1017 206 7 17 0.054
611 14 36 45 0.050
504 83 14 18 0.046
270 207 16 25 0.043
474 86 9 11 0.042
188 153 20 27 0.041
206 230 22 35 0.041
508 79 12 13 0.038
147 148 23 30 0.033
968 247 18 25 0.024
225 95 11 17 0.023
922 199 10 13 0.022
198 161 14 16 0.021
