45_Balloonist_Balloonist_45_139
34
704 515 6 8 0.257
543 509 10 13 0.213
738 520 8 8 0.179
636 512 8 8 0.160
664 510 7 9 0.100
543 506 9 11 0.100
633 513 8 9 0.094
735 520 8 7 0.085
550 515 12 10 0.077
583 530 8 8 0.070
696 515 17 8 0.067
678 515 7 7 0.066
530 516 8 9 0.059
662 512 16 7 0.058
653 516 7 8 0.054
641 515 11 7 0.047
665 508 7 8 0.043
689 515 17 7 0.042
715 515 11 7 0.041
564 514 13 9 0.041
37 502 7 8 0.038
601 523 11 8 0.037
604 519 10 8 0.031
15 508 10 8 0.031
749 533 4 6 0.030
583 515 9 7 0.029
19 509 6 9 0.027
583 508 5 40 0.025
671 515 30 6 0.025
615 512 12 9 0.025
746 527 7 8 0.025
710 516 23 7 0.024
638 508 8 7 0.021
604 524 7 7 0.020
