45_Balloonist_Balloonist_45_403
39
539 332 36 44 0.820
393 446 33 44 0.798
869 962 28 35 0.780
154 676 31 40 0.768
809 967 27 32 0.768
213 631 30 39 0.767
759 835 25 31 0.760
45 679 30 39 0.759
926 829 26 33 0.741
994 808 24 30 0.721
812 848 26 30 0.708
113 670 33 36 0.702
735 977 28 33 0.599
861 847 24 31 0.588
18 682 24 33 0.460
76 692 27 33 0.352
869 848 24 33 0.249
692 951 25 32 0.205
567 727 29 34 0.134
671 694 31 34 0.101
724 863 23 29 0.095
882 850 22 30 0.072
546 729 52 39 0.048
932 945 22 26 0.046
316 619 65 92 0.045
641 694 61 45 0.040
532 738 39 40 0.038
877 844 22 29 0.035
694 901 26 35 0.034
920 941 29 30 0.033
635 688 36 33 0.031
911 935 22 27 0.030
14 689 22 34 0.029
176 679 26 33 0.027
405 515 34 36 0.026
526 745 36 40 0.024
609 730 31 41 0.023
860 836 24 29 0.022
660 717 37 42 0.021
