45_Balloonist_Balloonist_45_222
39
774 308 80 88 0.865
741 204 72 84 0.864
134 330 48 56 0.856
515 148 70 93 0.852
62 300 18 26 0.745
2 237 11 14 0.613
990 237 15 20 0.450
126 273 11 12 0.448
84 269 12 16 0.391
42 235 10 12 0.251
303 262 8 9 0.204
0 276 8 14 0.185
28 261 11 14 0.162
30 279 13 17 0.133
188 304 17 18 0.118
231 307 15 15 0.118
369 253 9 9 0.108
77 254 11 13 0.103
80 262 14 18 0.081
284 259 8 9 0.080
29 258 9 29 0.076
116 238 9 9 0.072
86 245 9 10 0.063
279 259 8 9 0.051
121 274 11 12 0.049
220 285 11 12 0.046
225 287 10 13 0.043
332 276 8 9 0.040
33 282 15 17 0.037
131 274 11 12 0.032
37 234 9 14 0.031
107 254 10 13 0.027
247 351 20 35 0.026
286 256 8 9 0.026
329 271 10 12 0.026
199 305 56 16 0.025
227 294 16 24 0.025
113 234 10 11 0.023
81 248 11 25 0.021
