3_Riot_Riot_3_220
28
450 191 39 48 0.827
577 185 38 44 0.825
129 192 45 58 0.817
936 207 27 31 0.804
522 197 37 47 0.792
326 171 43 49 0.774
661 213 30 42 0.754
180 177 47 62 0.743
691 214 33 42 0.742
839 216 24 32 0.736
460 121 22 27 0.731
12 150 33 49 0.683
801 228 27 38 0.601
563 142 24 30 0.458
713 190 31 44 0.448
617 225 32 39 0.442
738 157 27 34 0.324
278 168 35 47 0.218
272 186 37 44 0.134
718 210 28 34 0.118
285 161 33 42 0.112
475 198 31 42 0.112
806 222 25 33 0.079
756 157 20 29 0.063
41 177 37 43 0.052
796 221 28 36 0.025
626 221 33 40 0.025
701 190 32 40 0.023
