3_Riot_Riot_3_144
85
928 182 24 30 0.778
637 162 18 24 0.706
55 249 27 37 0.697
181 186 20 26 0.690
810 186 22 28 0.686
147 209 22 28 0.683
603 62 9 10 0.677
801 155 16 21 0.655
751 157 16 20 0.650
339 156 16 18 0.635
839 148 16 21 0.632
679 171 17 20 0.618
497 60 9 11 0.604
643 59 10 11 0.585
548 61 9 10 0.572
847 196 20 27 0.537
375 90 9 12 0.524
352 145 14 16 0.429
877 144 15 18 0.363
1012 160 11 28 0.351
149 61 9 10 0.297
233 24 8 9 0.283
345 152 16 19 0.278
186 30 8 9 0.260
573 59 8 10 0.255
872 137 13 25 0.179
801 158 19 47 0.139
913 274 25 43 0.137
186 34 8 11 0.131
1014 203 10 37 0.128
1016 173 8 24 0.118
865 146 14 20 0.118
701 145 15 16 0.096
133 139 15 17 0.089
813 145 17 22 0.088
321 38 8 8 0.087
107 244 21 27 0.087
244 39 7 8 0.077
373 90 8 10 0.076
143 68 10 10 0.073
183 41 9 11 0.066
319 39 7 8 0.066
671 85 8 9 0.064
927 146 17 21 0.062
813 128 11 13 0.062
279 37 7 8 0.055
570 59 9 10 0.054
380 138 16 16 0.052
546 63 10 11 0.050
181 62 7 8 0.050
654 120 10 12 0.048
874 137 11 13 0.048
810 150 19 23 0.044
291 170 14 19 0.044
684 165 20 22 0.042
865 155 15 20 0.042
236 29 10 12 0.042
134 71 8 10 0.040
816 133 14 17 0.036
217 53 6 8 0.035
866 141 13 18 0.034
827 141 15 19 0.033
385 145 12 26 0.032
706 147 13 17 0.031
387 160 12 15 0.028
701 143 12 13 0.028
817 185 20 26 0.027
922 152 16 21 0.027
280 34 12 8 0.027
359 139 14 16 0.026
375 87 9 11 0.025
368 137 24 14 0.024
1017 234 7 47 0.024
146 62 12 13 0.024
543 67 9 10 0.024
993 322 31 65 0.023
351 34 9 8 0.023
856 197 18 25 0.023
467 66 7 9 0.022
175 141 13 12 0.022
387 137 12 15 0.021
170 141 11 13 0.021
219 54 8 9 0.021
294 145 15 15 0.021
651 122 11 14 0.020
