3_Riot_Riot_3_317
53
178 508 41 48 0.767
384 420 29 32 0.754
53 163 31 40 0.746
430 417 28 31 0.743
350 422 27 30 0.743
306 418 26 29 0.741
728 412 29 35 0.723
605 425 30 33 0.708
203 170 27 37 0.677
467 412 27 29 0.660
546 434 34 37 0.654
989 424 32 37 0.641
770 567 51 65 0.627
519 419 28 32 0.620
599 619 61 67 0.534
255 534 45 49 0.415
0 136 13 43 0.213
922 415 31 34 0.198
175 145 26 39 0.183
881 422 36 43 0.181
363 261 23 28 0.171
838 541 50 50 0.158
780 383 25 28 0.109
233 251 28 37 0.090
1 125 11 33 0.088
97 395 29 37 0.087
650 415 30 32 0.087
596 625 41 51 0.075
651 478 34 36 0.075
584 424 23 27 0.051
1001 429 23 39 0.049
976 491 45 75 0.047
535 432 29 34 0.043
0 145 9 46 0.040
230 396 30 33 0.037
587 603 61 71 0.035
992 492 32 94 0.034
910 415 28 33 0.033
582 423 44 30 0.033
660 421 31 34 0.032
293 169 26 34 0.031
522 411 28 31 0.030
672 429 26 29 0.030
1005 420 19 36 0.030
915 419 31 34 0.025
271 535 43 46 0.024
180 135 22 32 0.023
888 434 37 36 0.022
616 615 49 56 0.021
239 265 24 33 0.020
2 445 25 39 0.020
0 452 19 31 0.020
765 582 41 57 0.020
