3_Riot_Riot_3_18
43
399 318 27 33 0.729
252 343 29 34 0.676
931 364 9 11 0.565
544 316 30 36 0.510
544 342 29 33 0.475
22 189 9 10 0.452
396 399 26 31 0.357
942 202 7 10 0.324
64 189 9 11 0.309
332 273 18 21 0.265
928 213 8 8 0.219
926 210 8 10 0.161
682 360 21 30 0.159
892 404 10 11 0.159
424 243 21 22 0.132
966 230 8 8 0.130
44 189 8 9 0.120
901 200 8 9 0.109
904 213 7 8 0.099
38 360 9 13 0.098
664 352 28 34 0.092
1010 273 8 9 0.087
20 188 7 15 0.063
921 199 8 10 0.060
656 355 29 37 0.058
900 210 10 13 0.055
1013 298 10 13 0.054
262 368 30 30 0.048
517 408 13 16 0.044
660 346 26 33 0.043
781 435 7 8 0.041
898 202 22 9 0.041
973 208 7 9 0.036
67 204 9 10 0.035
686 369 18 25 0.034
44 191 8 17 0.032
898 216 9 10 0.028
369 281 18 26 0.025
945 200 7 10 0.022
44 206 8 9 0.021
444 236 21 23 0.021
895 214 7 10 0.020
580 246 17 23 0.020
