3_Riot_Riot_3_36
25
150 160 53 64 0.862
432 187 36 45 0.835
899 115 34 42 0.828
328 187 40 53 0.815
925 94 48 56 0.808
732 96 39 49 0.793
778 98 53 75 0.770
360 113 15 18 0.605
585 116 27 34 0.540
312 104 12 16 0.396
856 98 37 49 0.294
388 120 23 26 0.218
395 119 25 29 0.152
586 111 22 27 0.141
330 120 11 15 0.119
437 134 14 18 0.095
434 140 15 17 0.063
388 125 14 20 0.058
525 104 42 52 0.050
459 131 13 15 0.042
690 136 32 42 0.031
252 115 15 19 0.030
781 57 30 38 0.024
495 139 16 19 0.023
977 130 27 33 0.022
