3_Riot_Riot_3_73
34
356 176 20 25 0.730
309 204 46 60 0.730
411 174 19 24 0.661
303 167 19 24 0.631
427 167 65 81 0.566
177 203 20 30 0.425
228 186 14 16 0.417
17 171 18 21 0.395
70 177 17 22 0.316
332 170 15 19 0.307
228 451 65 55 0.237
220 169 14 18 0.194
111 187 15 19 0.140
258 179 18 19 0.140
243 465 39 37 0.115
159 173 16 18 0.078
263 181 17 21 0.068
132 177 18 20 0.067
178 196 18 25 0.044
413 177 24 29 0.041
297 226 39 49 0.039
319 166 20 23 0.036
294 238 31 40 0.034
122 182 23 20 0.029
422 173 43 58 0.029
19 177 20 27 0.028
257 182 20 47 0.025
248 447 42 40 0.025
155 193 14 18 0.024
172 211 24 31 0.023
255 214 20 26 0.022
257 175 16 17 0.022
77 179 16 20 0.022
109 183 27 26 0.021
