3_Riot_Riot_3_255
76
465 97 19 24 0.705
312 100 20 24 0.533
622 234 22 27 0.526
613 116 18 23 0.467
327 228 25 30 0.445
520 127 22 27 0.441
179 253 18 23 0.425
594 108 17 21 0.308
704 217 19 25 0.296
489 122 17 20 0.292
230 157 18 22 0.283
424 71 19 24 0.257
394 135 18 21 0.247
385 165 24 30 0.242
369 155 19 22 0.179
572 130 18 23 0.176
299 167 17 23 0.142
119 286 13 16 0.141
860 274 17 20 0.135
390 180 21 24 0.131
664 242 21 25 0.130
371 157 24 25 0.120
577 126 20 22 0.114
379 164 24 25 0.112
859 295 15 19 0.100
596 183 16 21 0.098
803 263 11 13 0.097
407 224 24 28 0.093
820 309 18 22 0.090
52 261 11 14 0.085
102 267 16 16 0.074
956 256 10 12 0.072
480 45 20 23 0.062
821 297 16 20 0.060
533 123 16 19 0.056
327 218 24 30 0.053
463 115 16 21 0.053
462 175 21 26 0.051
474 244 23 28 0.050
860 278 16 32 0.050
670 248 17 22 0.050
234 203 21 25 0.050
342 98 17 19 0.049
391 270 24 28 0.048
675 316 16 17 0.047
102 268 23 21 0.047
733 243 16 19 0.045
953 256 10 11 0.043
717 204 17 19 0.041
100 270 13 16 0.041
570 135 22 40 0.040
572 115 56 27 0.039
745 317 13 15 0.038
973 270 16 21 0.038
278 222 22 28 0.036
572 153 24 28 0.036
483 200 22 27 0.032
296 137 16 19 0.029
521 139 17 20 0.028
397 95 19 35 0.027
420 147 16 19 0.027
583 120 19 23 0.026
391 148 22 26 0.025
731 231 21 34 0.025
843 293 17 20 0.024
1014 278 10 25 0.024
514 220 24 29 0.024
468 181 25 33 0.023
80 267 15 16 0.023
281 219 20 21 0.022
473 279 22 28 0.022
704 213 18 21 0.021
681 315 16 19 0.021
375 167 19 23 0.020
598 116 23 22 0.020
50 267 11 13 0.020
