3_Riot_Riot_3_13
43
16 95 92 103 0.849
321 50 39 48 0.837
151 46 73 90 0.829
380 86 28 37 0.819
699 52 28 38 0.791
549 230 33 41 0.783
101 52 34 41 0.768
851 33 66 86 0.764
56 41 40 51 0.722
254 32 32 42 0.672
798 222 50 60 0.630
458 56 27 39 0.318
501 76 22 34 0.214
516 65 28 34 0.213
749 68 33 38 0.197
580 64 18 24 0.176
292 63 32 38 0.113
474 0 40 32 0.101
0 22 21 39 0.094
577 88 24 30 0.091
569 72 26 34 0.089
779 217 58 62 0.084
454 39 28 40 0.079
578 65 22 45 0.064
518 92 24 29 0.062
510 86 28 33 0.061
518 73 31 40 0.055
787 99 48 57 0.052
481 0 45 44 0.051
366 53 33 42 0.048
557 81 24 31 0.046
454 34 23 31 0.042
449 51 29 46 0.040
558 26 25 32 0.038
547 79 25 32 0.037
60 55 48 53 0.037
245 40 31 37 0.031
790 120 40 42 0.027
466 66 19 27 0.026
719 98 17 24 0.025
500 1 31 38 0.024
0 55 12 35 0.024
526 90 31 30 0.022
