3_Riot_Riot_3_538
26
706 100 37 40 0.825
845 171 40 46 0.813
865 93 28 34 0.793
668 126 27 31 0.772
528 143 33 36 0.760
993 101 23 26 0.754
425 128 32 35 0.711
191 151 35 37 0.686
322 137 36 43 0.686
593 149 37 44 0.662
443 157 38 45 0.650
77 140 36 38 0.629
823 125 22 25 0.560
986 159 38 48 0.532
918 108 20 25 0.402
256 133 35 38 0.334
755 166 36 47 0.296
895 107 23 31 0.192
761 114 26 34 0.162
898 109 36 27 0.130
0 336 14 37 0.042
609 157 35 37 0.039
760 126 27 31 0.036
80 453 10 12 0.023
342 144 34 37 0.021
427 134 40 45 0.021
