3_Riot_Riot_3_279
25
290 196 46 52 0.731
491 178 55 63 0.730
896 187 43 49 0.704
818 180 39 48 0.511
221 205 27 33 0.400
308 262 35 40 0.207
405 196 38 41 0.192
967 302 54 73 0.118
802 181 40 52 0.091
866 169 36 54 0.071
419 200 33 41 0.058
796 194 34 46 0.054
193 231 20 27 0.045
737 206 37 46 0.038
828 189 41 49 0.034
406 103 10 11 0.034
795 175 36 44 0.031
395 199 35 40 0.031
681 268 10 12 0.030
49 303 30 39 0.027
308 273 45 46 0.027
401 211 37 39 0.025
837 477 59 78 0.022
860 189 35 41 0.022
305 290 51 60 0.020
