3_Riot_Riot_3_250
40
858 318 31 44 0.731
941 344 11 13 0.342
524 473 11 12 0.335
709 569 13 14 0.311
479 503 12 16 0.262
559 470 10 12 0.253
623 471 10 13 0.210
647 534 12 13 0.203
587 527 12 15 0.146
517 503 15 17 0.116
342 443 9 12 0.095
537 451 9 10 0.089
421 513 13 15 0.069
971 300 22 26 0.067
390 493 10 16 0.066
554 564 12 16 0.056
465 389 10 12 0.054
592 528 11 14 0.054
463 504 12 15 0.049
465 385 10 11 0.045
71 288 35 43 0.042
937 348 13 16 0.041
391 499 11 15 0.039
561 465 9 11 0.038
410 590 15 19 0.036
457 401 10 19 0.035
463 386 11 19 0.035
658 474 9 11 0.034
527 473 10 13 0.033
504 415 8 9 0.030
527 469 12 14 0.028
426 515 13 17 0.028
319 418 15 16 0.027
455 409 9 10 0.025
303 503 11 16 0.025
536 553 14 17 0.025
952 400 7 9 0.023
651 519 9 12 0.023
930 364 11 13 0.022
355 546 16 20 0.021
