3_Riot_Riot_3_155
45
418 7 39 49 0.842
10 0 51 59 0.839
206 41 38 47 0.837
232 20 34 42 0.833
284 93 45 52 0.833
910 54 47 54 0.827
716 34 44 57 0.827
503 91 49 56 0.822
278 3 38 52 0.821
53 29 50 57 0.820
821 17 47 54 0.817
993 0 31 49 0.809
126 56 50 54 0.809
965 4 31 43 0.766
543 1 34 38 0.761
364 0 41 45 0.752
567 20 34 42 0.720
486 0 43 36 0.652
632 1 38 49 0.640
663 0 34 29 0.584
871 0 36 29 0.566
117 5 37 41 0.539
897 0 43 36 0.396
796 6 26 34 0.309
755 0 34 24 0.305
874 0 60 33 0.234
304 0 28 27 0.202
163 15 27 35 0.157
903 0 40 22 0.093
32 105 53 62 0.081
54 0 29 30 0.065
0 42 20 61 0.044
916 2 43 24 0.035
257 11 25 38 0.034
552 11 35 39 0.031
605 0 25 12 0.030
667 87 42 50 0.027
874 0 30 17 0.027
0 30 14 59 0.025
933 0 25 15 0.025
851 33 29 41 0.023
252 5 45 43 0.023
165 9 28 30 0.021
146 36 38 43 0.021
122 13 45 54 0.020
