3_Riot_Riot_3_275
65
423 270 21 27 0.735
399 273 19 25 0.708
83 284 26 32 0.702
579 262 30 34 0.700
324 270 25 28 0.678
182 269 26 30 0.674
443 259 22 27 0.660
486 269 22 29 0.638
88 235 24 31 0.621
530 260 20 25 0.605
485 257 22 30 0.573
361 286 17 22 0.549
760 387 30 40 0.527
243 266 22 26 0.526
679 283 20 22 0.508
3 259 25 33 0.466
620 265 25 27 0.465
445 295 20 21 0.438
47 272 26 31 0.295
550 278 20 25 0.275
37 267 20 27 0.243
41 269 24 29 0.228
6 247 21 27 0.222
473 260 38 31 0.183
276 273 17 21 0.154
440 262 23 54 0.139
760 405 31 31 0.135
533 263 34 35 0.131
974 289 23 32 0.112
746 302 30 26 0.097
769 382 29 31 0.093
150 272 24 27 0.091
235 267 22 27 0.072
772 351 25 27 0.070
88 277 26 30 0.065
114 270 24 28 0.064
835 276 23 29 0.064
168 263 40 31 0.061
756 302 30 26 0.060
122 273 25 31 0.059
518 263 19 25 0.053
676 249 19 23 0.049
739 302 24 27 0.048
779 379 26 29 0.048
386 287 14 17 0.047
622 273 27 28 0.046
232 272 21 26 0.043
132 278 28 28 0.042
484 252 19 21 0.041
609 283 20 24 0.041
54 279 24 29 0.037
570 251 30 35 0.030
768 304 25 26 0.030
98 273 24 28 0.029
679 246 18 53 0.028
543 287 24 26 0.027
616 260 22 24 0.027
326 278 25 28 0.025
663 273 21 24 0.023
179 260 22 27 0.023
760 385 22 28 0.023
682 288 21 27 0.023
676 294 22 26 0.022
766 345 28 27 0.021
91 235 30 61 0.021
