3_Riot_Riot_3_207
85
452 106 31 38 0.834
248 81 28 37 0.825
103 121 36 41 0.817
528 77 29 36 0.790
242 130 26 31 0.781
76 73 25 31 0.753
843 67 29 34 0.752
112 64 22 25 0.749
162 50 20 27 0.747
468 32 20 26 0.740
0 95 17 28 0.738
810 31 21 30 0.730
279 27 18 27 0.705
193 21 16 24 0.684
919 67 21 29 0.640
0 144 18 39 0.631
300 68 17 23 0.622
615 24 23 31 0.618
961 47 21 30 0.603
171 140 33 31 0.463
326 77 22 27 0.462
254 11 18 24 0.361
301 133 31 43 0.310
572 15 21 28 0.289
394 56 18 24 0.226
446 63 27 32 0.224
381 66 18 27 0.223
247 54 24 28 0.211
688 5 21 27 0.202
596 57 22 27 0.176
332 73 17 22 0.156
385 61 20 27 0.150
103 33 15 20 0.147
782 33 27 31 0.146
179 137 30 29 0.129
75 119 20 26 0.125
400 55 15 21 0.115
880 29 21 28 0.111
498 91 21 27 0.105
88 176 29 42 0.097
168 135 24 30 0.095
453 69 25 30 0.090
304 1 23 23 0.074
9 65 15 20 0.071
1017 40 7 31 0.070
97 211 37 42 0.064
728 79 26 36 0.062
150 86 20 23 0.062
82 125 21 28 0.062
692 3 23 24 0.061
313 0 20 22 0.058
792 34 31 31 0.057
818 148 52 51 0.055
691 13 21 26 0.054
576 4 17 23 0.054
520 24 18 19 0.051
424 67 25 28 0.047
180 55 15 19 0.046
256 58 23 26 0.044
710 0 15 23 0.043
120 34 14 20 0.043
296 3 18 20 0.042
898 0 14 18 0.041
173 50 18 24 0.041
931 32 15 24 0.038
925 60 17 33 0.037
167 148 24 30 0.035
103 27 29 43 0.034
786 0 21 22 0.033
371 69 20 26 0.032
703 3 20 24 0.031
689 105 39 49 0.030
570 9 16 25 0.029
169 27 16 18 0.028
419 74 23 29 0.028
227 75 17 23 0.027
567 21 17 25 0.023
113 37 19 19 0.022
867 0 16 17 0.022
810 150 40 44 0.021
908 29 15 23 0.021
758 29 22 30 0.021
634 0 20 19 0.021
192 136 21 25 0.021
629 0 17 18 0.020
