3_Riot_Riot_3_674
45
707 346 29 36 0.774
974 347 37 51 0.769
585 308 26 31 0.691
625 307 30 36 0.691
467 312 23 29 0.684
442 314 19 22 0.671
686 324 21 24 0.586
880 271 42 59 0.447
499 364 27 31 0.335
465 353 24 28 0.329
447 433 20 27 0.280
1011 347 13 49 0.171
514 327 26 28 0.161
536 310 21 27 0.102
738 344 25 31 0.092
454 295 15 18 0.091
623 470 18 20 0.079
571 306 28 29 0.073
490 422 26 27 0.066
464 356 55 30 0.062
428 336 31 37 0.061
568 308 17 21 0.060
563 304 30 25 0.055
417 337 34 30 0.054
1014 546 10 38 0.047
1013 360 11 48 0.046
622 310 21 30 0.041
750 345 26 27 0.037
416 338 19 23 0.037
738 335 24 27 0.035
471 357 26 30 0.034
442 350 41 35 0.032
551 296 15 17 0.032
727 323 16 19 0.030
510 368 27 33 0.029
745 341 22 27 0.028
503 288 15 18 0.026
432 242 15 16 0.026
538 322 25 29 0.025
592 290 16 19 0.023
500 291 15 28 0.023
500 287 25 31 0.022
730 336 22 28 0.021
496 308 20 25 0.021
490 287 14 17 0.020
