50_Celebration_Or_Party_houseparty_50_128
26
667 180 31 40 0.730
784 194 22 27 0.689
694 196 22 26 0.563
483 161 33 36 0.305
290 168 11 13 0.279
685 191 24 29 0.195
501 167 25 28 0.189
380 163 11 12 0.187
564 190 23 31 0.164
483 130 17 22 0.160
481 70 23 26 0.089
512 169 15 21 0.079
419 148 13 17 0.073
740 198 26 29 0.070
725 195 18 25 0.061
570 183 26 31 0.053
516 65 15 19 0.042
570 197 23 30 0.038
184 215 12 16 0.035
419 141 16 21 0.030
700 195 47 24 0.029
375 159 14 16 0.026
571 173 22 30 0.025
579 176 24 25 0.024
558 181 29 32 0.021
482 153 26 35 0.021
