50_Celebration_Or_Party_houseparty_50_791
40
780 461 13 17 0.727
221 471 15 17 0.704
626 461 14 15 0.703
380 476 14 16 0.688
156 482 15 17 0.661
747 460 15 17 0.658
479 465 13 15 0.633
90 476 13 15 0.598
560 455 14 17 0.592
836 458 12 16 0.541
313 473 14 15 0.373
896 464 12 13 0.342
943 458 12 16 0.291
1011 449 12 16 0.264
92 480 13 17 0.257
92 486 14 18 0.202
877 481 13 15 0.191
877 471 13 16 0.140
882 464 17 14 0.135
220 484 14 15 0.099
166 501 12 15 0.091
881 466 18 22 0.090
876 463 12 13 0.089
875 475 13 16 0.073
875 463 28 16 0.062
223 479 14 18 0.060
938 463 14 15 0.059
304 470 12 16 0.051
897 475 11 14 0.048
75 474 11 14 0.042
876 484 11 13 0.040
66 494 12 13 0.036
316 479 15 15 0.035
489 468 12 16 0.032
322 487 13 16 0.031
940 455 12 14 0.030
79 477 22 15 0.025
161 482 14 17 0.020
952 467 12 15 0.020
559 461 14 19 0.020
