50_Celebration_Or_Party_houseparty_50_220
52
195 41 32 37 0.844
684 50 32 40 0.842
312 22 30 40 0.809
657 295 55 88 0.800
268 52 33 41 0.799
935 152 39 56 0.796
846 37 27 34 0.790
854 183 35 49 0.787
743 9 26 37 0.763
126 82 29 36 0.756
941 75 35 43 0.751
761 146 42 41 0.727
1 130 42 46 0.701
905 271 41 54 0.689
347 0 25 20 0.687
346 190 28 27 0.587
573 30 23 32 0.521
466 17 22 28 0.476
402 15 22 27 0.373
465 0 20 23 0.273
439 478 100 133 0.258
960 437 49 77 0.226
732 127 35 44 0.202
947 0 32 14 0.183
58 418 49 84 0.169
385 53 25 32 0.147
1001 70 23 50 0.102
400 17 23 44 0.100
271 38 31 40 0.090
460 8 23 29 0.090
64 408 39 64 0.073
734 51 26 32 0.071
572 20 23 32 0.069
628 149 25 28 0.054
1002 178 22 72 0.048
1 144 25 42 0.046
842 2 20 23 0.046
0 127 29 41 0.042
521 0 21 23 0.042
1009 86 15 48 0.039
665 252 30 46 0.038
666 27 20 26 0.035
748 7 33 37 0.034
429 0 24 18 0.032
409 17 26 27 0.032
425 22 24 29 0.031
1 105 29 51 0.031
394 377 63 88 0.026
294 178 24 26 0.022
206 555 135 103 0.022
353 183 27 27 0.021
395 11 23 24 0.021
