50_Celebration_Or_Party_houseparty_50_335
27
452 447 8 10 0.530
495 447 8 9 0.387
345 452 9 11 0.316
364 443 9 12 0.314
376 449 8 9 0.235
430 453 8 9 0.226
713 408 11 12 0.195
432 451 8 9 0.174
363 445 14 11 0.146
606 457 8 10 0.138
727 410 10 11 0.137
675 423 9 9 0.102
589 450 8 10 0.093
613 442 9 10 0.078
692 254 11 13 0.074
365 449 8 11 0.072
714 407 16 15 0.063
677 420 8 21 0.047
955 482 42 47 0.045
496 444 8 10 0.043
522 459 7 9 0.039
675 431 8 12 0.036
693 399 9 10 0.032
340 448 14 13 0.030
587 457 8 11 0.027
557 385 21 32 0.026
710 409 10 12 0.024
