50_Celebration_Or_Party_houseparty_50_304
31
467 211 24 29 0.727
636 244 15 20 0.660
261 229 21 25 0.651
336 228 15 19 0.522
765 251 12 16 0.394
364 241 10 12 0.313
726 248 13 16 0.190
440 229 8 11 0.114
605 237 14 15 0.083
609 239 13 15 0.079
605 230 11 16 0.075
608 229 12 17 0.072
778 234 12 15 0.053
735 228 10 12 0.051
302 231 23 29 0.047
691 231 10 11 0.042
613 228 9 11 0.041
604 228 10 10 0.040
210 255 28 29 0.039
305 227 20 22 0.033
377 230 11 12 0.032
565 270 9 10 0.029
428 236 10 12 0.027
314 236 23 26 0.027
765 255 14 17 0.027
770 251 13 18 0.025
625 226 14 14 0.024
369 234 18 17 0.022
420 231 20 14 0.021
723 239 10 13 0.020
297 251 18 20 0.020
