50_Celebration_Or_Party_birthdayparty_50_169
35
867 1119 84 87 0.764
665 1078 56 100 0.499
232 1011 19 23 0.484
77 1051 19 22 0.385
174 1043 20 21 0.295
664 299 22 27 0.213
8 1144 26 35 0.212
136 273 11 12 0.142
44 1190 27 32 0.139
16 1147 39 29 0.115
217 1315 27 27 0.110
77 1073 20 26 0.107
61 1261 32 39 0.088
824 308 19 23 0.086
38 1142 28 27 0.079
48 1139 22 27 0.053
2 1257 30 41 0.052
290 1333 26 27 0.039
240 1315 22 23 0.035
9 1202 26 29 0.033
83 312 16 16 0.032
119 1242 23 27 0.032
26 1176 27 32 0.030
27 1192 33 28 0.029
230 1021 20 23 0.029
153 1284 27 26 0.026
59 1160 22 29 0.025
592 1073 100 169 0.024
174 1037 18 19 0.024
63 1184 27 30 0.024
0 1263 21 33 0.023
7 1208 23 31 0.023
98 1091 18 24 0.022
280 1332 25 28 0.021
1 311 11 17 0.021
