50_Celebration_Or_Party_houseparty_50_23
25
818 188 38 49 0.862
323 421 57 73 0.862
626 287 46 61 0.860
390 264 41 56 0.853
292 333 54 68 0.852
702 343 57 74 0.852
82 251 46 57 0.851
614 226 35 47 0.847
559 278 41 52 0.847
499 318 43 56 0.838
907 211 49 66 0.837
341 321 51 68 0.834
235 137 36 47 0.833
866 269 40 50 0.833
331 226 36 45 0.831
757 134 36 50 0.829
490 381 57 78 0.828
481 274 45 54 0.822
96 178 42 52 0.814
10 306 51 73 0.798
954 246 49 74 0.603
978 245 43 76 0.385
598 567 50 46 0.250
88 495 39 43 0.148
916 229 72 65 0.022
