50_Celebration_Or_Party_houseparty_50_34
71
721 63 105 126 0.809
132 392 15 19 0.575
636 275 25 32 0.557
614 314 19 27 0.410
359 287 11 12 0.407
498 331 14 16 0.380
219 332 15 18 0.368
279 345 16 18 0.277
329 359 14 16 0.246
226 337 20 20 0.235
302 294 15 18 0.226
582 315 17 23 0.226
440 314 16 22 0.203
391 329 13 15 0.192
549 332 15 18 0.178
633 319 19 24 0.170
620 318 29 26 0.164
366 346 12 15 0.163
480 330 14 16 0.144
609 313 19 25 0.136
418 182 10 12 0.104
395 172 10 12 0.096
478 298 10 12 0.086
415 183 11 13 0.084
484 333 14 15 0.072
418 322 14 18 0.067
297 293 14 18 0.066
440 289 14 17 0.061
319 374 15 18 0.060
434 301 17 25 0.058
239 426 15 16 0.058
921 0 83 48 0.055
407 299 12 15 0.055
476 297 12 21 0.052
390 333 10 13 0.051
541 332 16 19 0.051
473 331 16 16 0.050
27 452 13 13 0.049
218 330 22 25 0.048
685 287 21 25 0.045
534 291 17 16 0.045
469 331 12 15 0.043
619 274 19 26 0.042
482 320 15 21 0.041
540 294 13 16 0.039
326 287 13 16 0.039
334 359 15 16 0.036
469 308 12 14 0.035
308 290 24 16 0.034
318 285 16 16 0.034
174 435 12 14 0.032
472 310 19 31 0.030
297 355 15 17 0.029
429 294 21 30 0.026
432 301 14 19 0.025
308 287 15 16 0.025
472 295 16 33 0.025
253 406 18 22 0.024
533 291 22 27 0.024
523 292 28 22 0.024
210 443 13 15 0.023
392 319 72 20 0.023
585 306 16 29 0.023
120 399 11 15 0.023
241 419 19 22 0.022
280 337 15 18 0.022
543 301 15 21 0.022
237 337 13 16 0.021
523 296 16 20 0.021
545 315 15 24 0.021
1005 74 19 103 0.021
