51_Dresses_wearingdress_51_145
35
449 223 150 195 0.880
314 397 34 42 0.781
143 386 22 27 0.642
7 371 29 39 0.638
112 411 23 31 0.563
240 388 23 30 0.482
135 414 21 27 0.450
363 389 31 48 0.324
202 318 14 17 0.188
189 396 20 30 0.169
171 395 18 22 0.158
229 387 23 28 0.158
278 370 15 18 0.141
365 380 29 38 0.125
219 384 19 25 0.119
20 316 21 30 0.114
287 398 22 29 0.110
178 394 23 28 0.099
85 411 21 28 0.079
295 383 16 23 0.069
60 358 22 27 0.046
176 321 11 14 0.043
206 433 22 27 0.043
59 358 15 18 0.043
56 407 20 27 0.043
279 367 22 30 0.042
25 332 20 43 0.040
73 378 22 27 0.037
65 402 30 33 0.036
27 344 22 52 0.035
268 315 11 14 0.033
223 381 16 19 0.028
317 353 12 16 0.027
330 368 16 19 0.026
64 366 28 36 0.023
