51_Dresses_wearingdress_51_1015
62
149 106 256 352 0.876
719 63 62 79 0.873
528 64 38 52 0.857
934 140 33 42 0.831
655 94 33 41 0.811
594 43 43 57 0.805
905 99 31 39 0.801
949 98 26 32 0.801
993 124 31 42 0.795
571 5 17 21 0.784
877 96 18 24 0.765
702 27 16 20 0.755
969 77 13 15 0.739
851 43 14 18 0.735
946 72 13 17 0.677
994 88 15 19 0.605
829 105 25 33 0.590
919 74 12 16 0.583
807 56 12 14 0.565
503 77 22 49 0.464
887 49 11 12 0.460
778 42 15 18 0.432
852 73 14 21 0.424
771 32 12 14 0.385
576 61 22 34 0.291
775 37 16 20 0.280
773 35 14 16 0.221
665 22 12 14 0.199
934 73 29 16 0.191
499 24 26 66 0.180
763 31 23 15 0.158
504 36 18 37 0.151
816 104 26 34 0.150
745 33 15 17 0.144
887 52 12 16 0.138
512 0 15 14 0.122
577 42 24 43 0.108
848 25 11 12 0.106
540 18 12 15 0.098
832 77 25 59 0.093
624 19 14 16 0.083
493 23 33 132 0.078
879 58 12 14 0.073
514 3 15 17 0.071
883 60 13 14 0.059
829 129 22 28 0.057
779 50 17 26 0.045
662 30 12 15 0.044
850 33 13 18 0.042
883 129 17 19 0.040
700 15 14 18 0.039
581 41 18 26 0.038
572 54 32 48 0.034
438 4 77 129 0.032
663 26 14 17 0.028
995 92 18 22 0.027
835 70 31 34 0.027
506 50 19 50 0.026
851 73 21 27 0.025
626 13 14 16 0.023
1008 91 14 21 0.023
660 37 12 15 0.020
