51_Dresses_wearingdress_51_498
76
148 54 165 231 0.881
941 9 28 34 0.864
798 75 62 86 0.837
980 277 44 57 0.797
911 67 24 31 0.777
712 34 70 95 0.744
1004 0 20 22 0.730
614 43 23 30 0.716
910 6 21 26 0.711
582 57 22 29 0.704
554 49 23 29 0.698
643 24 22 26 0.675
764 52 49 69 0.671
523 14 18 23 0.644
664 29 18 26 0.622
841 3 25 32 0.621
592 0 16 14 0.595
537 14 17 22 0.582
844 20 23 29 0.580
517 51 18 25 0.504
620 24 19 22 0.462
745 4 16 20 0.395
813 33 20 29 0.293
961 0 23 12 0.268
774 3 23 25 0.215
538 0 13 9 0.167
81 0 75 28 0.151
1010 121 14 39 0.145
1010 89 14 34 0.142
0 206 81 200 0.128
765 0 23 19 0.122
613 35 21 30 0.111
632 30 31 29 0.110
927 172 30 39 0.095
1001 77 21 45 0.094
566 83 23 28 0.090
568 0 12 13 0.079
609 25 24 28 0.078
291 0 73 38 0.076
531 312 20 28 0.075
993 87 22 34 0.073
1012 65 12 44 0.070
670 20 19 21 0.063
795 28 39 56 0.061
813 24 18 28 0.060
937 174 28 35 0.056
920 118 30 35 0.054
519 11 16 22 0.054
578 63 22 29 0.053
608 42 20 29 0.048
966 284 32 47 0.048
634 50 15 22 0.048
605 21 17 23 0.044
600 32 22 26 0.043
684 6 21 26 0.043
587 33 20 29 0.043
780 0 19 16 0.042
679 11 19 25 0.041
516 0 10 13 0.038
973 0 26 8 0.037
766 75 38 51 0.037
989 85 21 31 0.036
920 168 30 38 0.035
1009 344 15 62 0.034
811 17 17 29 0.029
687 2 17 21 0.028
919 111 25 30 0.026
0 0 21 85 0.026
815 13 21 21 0.024
889 86 28 38 0.023
765 8 24 28 0.023
874 2 16 14 0.023
516 0 18 12 0.022
843 0 24 19 0.021
927 1 16 12 0.021
876 5 14 18 0.020
