51_Dresses_wearingdress_51_683
24
373 276 40 45 0.852
523 282 38 45 0.843
681 51 71 85 0.843
868 279 33 41 0.831
203 252 47 48 0.830
21 250 49 50 0.827
912 294 33 37 0.827
329 300 34 38 0.819
132 285 39 41 0.811
979 280 35 39 0.808
419 279 34 38 0.804
277 279 36 39 0.792
0 276 18 37 0.758
76 290 36 38 0.755
450 302 24 28 0.633
557 293 25 32 0.614
895 306 19 26 0.602
584 312 15 22 0.068
1015 296 9 27 0.060
1000 287 21 35 0.028
1015 304 8 33 0.028
1015 283 9 27 0.027
552 299 27 34 0.021
66 335 32 34 0.021
