55_Sports_Coach_Trainer_sportcoaching_55_616
25
339 236 14 18 0.732
533 217 12 15 0.688
133 276 21 26 0.529
67 355 30 33 0.511
916 358 40 35 0.369
901 519 32 37 0.320
374 245 10 13 0.296
231 612 56 64 0.293
799 386 38 45 0.288
906 515 36 34 0.131
894 532 27 38 0.118
535 220 13 16 0.117
924 353 29 29 0.110
545 233 11 12 0.100
891 520 29 35 0.082
228 637 60 44 0.079
57 360 30 31 0.071
233 602 50 48 0.065
370 248 12 13 0.063
263 292 23 27 0.059
878 335 21 23 0.040
908 524 30 40 0.033
138 280 22 25 0.032
909 363 33 37 0.028
812 393 46 40 0.025
