55_Sports_Coach_Trainer_sportcoaching_55_935
25
391 428 117 147 0.840
709 724 29 37 0.278
0 806 21 41 0.255
846 850 28 36 0.164
604 692 25 29 0.149
645 748 32 36 0.115
257 683 18 20 0.114
936 841 30 36 0.070
749 705 26 32 0.067
785 718 26 40 0.048
907 765 22 29 0.044
609 704 25 34 0.042
231 829 38 44 0.041
650 687 24 29 0.039
598 707 32 43 0.039
226 660 19 23 0.035
632 750 31 37 0.035
642 738 101 35 0.034
591 726 31 35 0.032
254 680 20 36 0.031
736 751 29 35 0.026
787 711 25 33 0.026
697 819 37 51 0.024
861 867 33 41 0.023
751 747 23 31 0.020
