36_Football_americanfootball_ball_36_859
26
375 240 23 28 0.738
94 260 21 24 0.628
532 373 41 36 0.264
704 249 27 34 0.253
750 275 23 27 0.159
728 293 28 32 0.118
735 282 32 33 0.116
588 341 25 30 0.101
232 276 27 29 0.098
601 310 33 35 0.082
387 332 28 33 0.078
542 366 34 34 0.060
558 259 26 29 0.058
628 352 27 29 0.045
591 312 34 52 0.037
284 236 14 16 0.033
429 403 27 23 0.030
636 317 24 25 0.029
881 262 42 48 0.027
369 239 22 26 0.027
96 269 20 24 0.027
243 243 15 18 0.027
231 341 38 37 0.025
659 341 32 33 0.025
146 297 34 31 0.022
230 260 24 37 0.021
