36_Football_americanfootball_ball_36_173
45
424 32 25 31 0.837
512 53 23 30 0.814
787 34 30 36 0.808
126 76 25 30 0.808
24 86 21 27 0.807
636 52 30 33 0.794
885 48 23 29 0.789
950 26 25 31 0.787
660 25 27 28 0.786
594 40 23 28 0.761
341 77 23 28 0.734
225 59 38 39 0.694
712 138 39 41 0.640
702 30 23 25 0.618
566 254 37 35 0.558
412 245 33 37 0.539
103 106 26 34 0.475
495 209 41 37 0.429
572 261 37 37 0.402
379 71 19 29 0.368
714 58 31 31 0.296
494 223 40 33 0.249
505 204 36 33 0.142
558 260 34 33 0.128
562 271 40 42 0.116
711 69 29 28 0.112
721 54 23 26 0.104
193 281 34 39 0.084
417 259 26 26 0.076
781 61 17 21 0.076
560 290 32 29 0.047
483 216 36 34 0.045
554 244 44 41 0.038
578 254 40 36 0.030
406 240 30 35 0.030
532 252 34 31 0.027
996 80 22 29 0.027
554 230 52 44 0.026
498 234 33 29 0.024
189 296 44 38 0.024
647 320 36 29 0.024
586 269 31 35 0.022
499 180 36 36 0.022
521 240 37 33 0.022
761 35 20 26 0.020
