36_Football_americanfootball_ball_36_88
32
625 95 34 43 0.821
573 69 33 45 0.815
961 93 37 52 0.811
405 64 35 42 0.809
161 50 30 38 0.766
342 75 34 43 0.765
691 64 35 41 0.761
65 37 29 37 0.758
0 65 11 35 0.421
121 0 24 19 0.284
811 1 30 30 0.243
611 313 35 36 0.214
812 65 40 49 0.194
672 322 33 29 0.187
491 228 31 29 0.150
597 286 29 34 0.125
602 299 33 37 0.120
808 76 34 45 0.081
818 55 37 47 0.080
945 0 29 28 0.080
594 297 31 34 0.058
0 64 22 42 0.051
757 202 33 37 0.044
325 14 20 23 0.035
496 213 31 35 0.035
798 64 37 47 0.029
42 0 26 16 0.028
482 0 24 21 0.027
685 359 33 32 0.025
620 320 23 26 0.024
402 0 23 16 0.023
672 307 37 36 0.021
