36_Football_americanfootball_ball_36_706
201
100 452 73 80 0.817
644 233 24 30 0.750
259 230 26 34 0.749
401 210 20 24 0.736
64 193 16 18 0.735
697 204 20 23 0.728
968 410 47 50 0.697
641 186 18 22 0.697
532 205 20 25 0.690
915 116 15 17 0.669
22 197 17 20 0.639
488 255 26 29 0.622
699 172 14 17 0.619
739 198 18 23 0.608
781 5 21 24 0.607
425 181 13 17 0.602
443 185 17 19 0.588
589 183 16 18 0.587
450 219 22 26 0.587
171 187 14 17 0.583
41 172 13 15 0.574
163 244 37 43 0.573
520 172 13 15 0.568
299 171 13 17 0.528
244 180 15 19 0.525
974 176 16 19 0.521
192 181 12 15 0.516
5 218 16 18 0.512
861 242 23 28 0.496
220 205 18 22 0.495
615 171 12 17 0.480
577 160 13 16 0.453
573 182 12 15 0.430
362 168 15 18 0.428
929 340 24 25 0.414
137 247 17 20 0.413
359 201 22 24 0.382
916 188 21 23 0.378
747 177 17 20 0.376
83 218 24 26 0.373
426 207 17 20 0.370
971 205 18 22 0.362
569 208 20 23 0.359
455 162 11 13 0.358
840 217 24 27 0.358
842 175 19 24 0.355
895 216 19 22 0.352
995 198 19 23 0.340
890 277 27 30 0.325
493 171 13 17 0.319
468 206 16 19 0.305
827 211 20 22 0.302
747 285 22 29 0.298
424 230 18 21 0.296
512 232 21 25 0.281
339 273 26 28 0.280
470 176 11 12 0.275
848 215 21 24 0.268
202 230 18 21 0.265
135 187 12 15 0.254
23 230 23 26 0.250
192 208 14 16 0.247
775 176 13 17 0.244
714 228 22 23 0.243
0 282 15 37 0.242
761 167 15 17 0.241
769 200 16 17 0.239
662 208 16 18 0.234
836 273 25 28 0.229
269 198 15 18 0.229
147 173 10 13 0.227
716 191 14 17 0.219
323 182 15 17 0.191
383 189 15 18 0.188
900 221 25 22 0.185
614 218 21 26 0.181
392 251 29 32 0.172
2 461 48 52 0.169
553 202 16 20 0.167
593 178 16 18 0.164
312 228 18 21 0.162
544 176 12 14 0.161
243 229 17 19 0.161
496 202 18 23 0.151
399 187 12 13 0.148
925 232 23 30 0.145
685 192 15 18 0.145
29 227 20 25 0.138
770 186 16 32 0.136
148 203 14 18 0.136
51 188 16 20 0.135
244 173 15 18 0.130
550 207 18 20 0.128
760 470 28 30 0.127
251 227 25 28 0.126
170 184 30 18 0.120
56 245 30 32 0.119
821 208 19 23 0.118
305 197 15 18 0.114
180 181 29 15 0.109
651 218 21 23 0.105
345 195 15 19 0.104
575 211 28 22 0.101
497 232 45 37 0.100
517 201 17 20 0.100
861 234 23 24 0.097
558 206 26 17 0.097
651 165 15 19 0.096
910 186 19 22 0.095
757 171 31 22 0.095
391 186 18 17 0.095
490 206 27 22 0.094
511 212 33 47 0.089
598 214 19 21 0.088
576 155 13 49 0.088
522 238 29 30 0.086
54 249 31 46 0.085
916 249 24 28 0.085
851 210 18 19 0.079
707 197 19 20 0.079
451 158 18 38 0.075
910 225 21 22 0.074
945 220 16 19 0.074
643 224 24 29 0.073
73 215 25 24 0.072
488 184 22 48 0.070
15 234 22 26 0.068
55 272 31 30 0.066
732 251 26 29 0.066
908 231 22 27 0.063
527 243 29 33 0.058
242 204 17 19 0.058
253 201 18 17 0.056
497 197 17 17 0.056
969 181 40 50 0.055
39 224 16 19 0.055
276 168 13 15 0.054
189 203 14 18 0.053
747 172 15 18 0.052
426 177 12 15 0.051
131 187 14 20 0.050
858 292 34 37 0.049
194 211 14 17 0.047
541 173 13 15 0.047
773 180 19 27 0.043
256 171 16 15 0.040
839 230 21 24 0.040
69 216 18 20 0.040
355 167 13 17 0.039
201 233 28 28 0.039
0 364 9 51 0.038
541 237 22 25 0.038
860 285 46 39 0.037
1018 231 6 34 0.036
268 170 15 14 0.036
310 198 15 18 0.036
244 206 16 32 0.036
485 265 28 30 0.035
844 184 19 21 0.034
557 192 15 20 0.034
194 175 14 15 0.034
615 228 21 26 0.034
448 187 17 15 0.034
952 198 15 21 0.033
30 175 16 21 0.033
673 197 17 20 0.033
764 164 12 14 0.033
819 214 20 23 0.033
187 212 15 20 0.033
65 257 26 30 0.033
148 192 13 15 0.032
891 222 18 22 0.032
651 162 12 15 0.031
347 191 19 24 0.031
37 169 13 16 0.030
584 217 24 25 0.030
267 73 23 26 0.029
327 270 28 32 0.029
920 441 28 31 0.027
202 169 13 13 0.026
949 225 16 19 0.026
408 183 18 15 0.026
121 215 16 21 0.025
0 271 23 39 0.025
913 219 20 21 0.025
548 230 21 24 0.025
921 244 22 26 0.025
304 257 22 23 0.024
161 242 31 33 0.023
535 195 17 21 0.023
601 211 18 20 0.023
620 230 24 24 0.022
9 238 20 25 0.022
621 207 17 20 0.021
275 188 16 18 0.021
331 278 29 30 0.021
309 222 16 20 0.021
554 224 19 23 0.020
496 164 10 11 0.020
277 166 13 27 0.020
248 186 17 19 0.020
