36_Football_Football_36_172
81
779 49 40 52 0.863
491 143 28 36 0.857
670 106 26 32 0.821
635 23 27 34 0.811
800 293 109 159 0.806
705 13 25 29 0.789
747 12 26 32 0.760
511 47 23 26 0.758
427 64 18 21 0.749
250 125 22 25 0.747
462 63 19 22 0.743
376 285 29 42 0.736
366 180 21 26 0.722
533 427 44 61 0.707
239 210 24 27 0.693
292 97 21 23 0.693
292 178 22 24 0.674
290 217 24 29 0.674
153 207 43 55 0.662
0 212 15 30 0.654
371 84 22 26 0.647
479 126 22 23 0.626
273 289 30 35 0.623
49 193 20 23 0.618
144 161 22 24 0.574
605 157 24 30 0.533
793 2 24 26 0.531
673 191 40 53 0.514
358 220 29 28 0.509
458 147 17 21 0.468
151 196 37 44 0.392
539 86 18 21 0.385
220 180 20 22 0.383
555 137 20 25 0.329
9 236 23 32 0.325
383 393 32 34 0.311
546 127 18 25 0.293
365 77 21 26 0.291
245 241 23 26 0.285
431 205 28 33 0.277
273 168 18 23 0.254
580 153 22 26 0.180
912 334 112 165 0.174
375 386 30 36 0.164
421 145 19 25 0.157
626 142 25 31 0.134
395 294 22 33 0.091
585 153 27 30 0.086
369 217 25 28 0.081
452 128 16 22 0.079
427 108 17 22 0.079
596 1 18 20 0.066
920 41 23 27 0.066
429 197 25 34 0.057
314 199 17 23 0.052
943 28 23 28 0.048
500 107 17 23 0.047
68 231 25 32 0.045
968 46 24 35 0.043
225 185 21 23 0.040
356 212 23 29 0.039
999 8 25 29 0.037
148 153 21 23 0.037
370 262 26 39 0.037
422 135 17 22 0.035
305 210 22 28 0.032
140 155 23 22 0.032
567 145 24 29 0.029
923 50 26 27 0.028
681 206 41 49 0.027
752 20 30 33 0.027
161 200 23 28 0.026
169 227 29 36 0.025
238 122 16 20 0.025
169 195 29 30 0.024
685 182 39 59 0.023
4 223 18 42 0.022
297 218 25 28 0.021
366 250 27 38 0.021
404 254 25 31 0.020
449 186 22 29 0.020
