36_Football_americanfootball_ball_36_217
61
265 258 34 37 0.750
741 271 36 38 0.738
81 216 28 32 0.702
595 100 14 18 0.681
127 170 25 30 0.658
223 401 31 34 0.645
972 92 15 19 0.645
25 159 12 14 0.643
95 148 12 14 0.642
914 97 13 14 0.636
705 108 13 16 0.605
535 103 11 14 0.577
572 144 13 16 0.570
47 151 11 13 0.566
842 96 13 17 0.562
516 147 12 15 0.542
432 107 12 15 0.491
990 271 27 30 0.446
356 122 12 14 0.363
459 264 24 42 0.317
163 144 11 13 0.293
622 149 12 14 0.275
328 122 12 13 0.269
1 256 20 35 0.237
193 137 12 13 0.215
924 70 11 15 0.214
7 256 31 35 0.172
323 121 11 12 0.165
881 69 12 17 0.157
1005 74 11 13 0.154
432 113 12 14 0.139
331 124 12 14 0.137
29 156 13 16 0.117
961 64 11 12 0.111
488 274 27 43 0.080
917 94 14 17 0.077
176 137 32 15 0.071
360 122 12 14 0.069
164 540 22 23 0.067
534 147 11 13 0.066
24 222 19 22 0.063
1 259 30 42 0.059
555 104 12 13 0.046
1017 95 7 18 0.044
182 140 12 14 0.044
323 122 56 13 0.039
98 150 11 14 0.037
960 62 16 20 0.037
658 272 29 36 0.037
485 289 27 35 0.035
187 601 27 21 0.034
2 250 28 36 0.032
188 201 13 16 0.032
0 211 7 23 0.030
1002 273 21 29 0.026
173 446 36 31 0.026
158 140 12 16 0.026
955 65 15 12 0.022
1002 67 13 17 0.021
21 194 13 17 0.021
109 539 20 18 0.020
