36_Football_americanfootball_ball_36_155
42
439 176 58 66 0.518
670 154 45 44 0.501
59 114 16 19 0.302
645 146 46 50 0.275
117 118 14 18 0.244
683 174 55 42 0.126
7 120 13 17 0.106
958 101 26 29 0.088
312 109 21 26 0.079
277 113 15 20 0.070
560 115 28 26 0.068
593 148 42 39 0.065
311 105 18 21 0.063
941 85 26 33 0.061
187 159 46 55 0.056
942 89 39 35 0.053
319 117 18 20 0.039
65 118 16 18 0.038
630 150 42 40 0.037
151 125 16 17 0.037
931 113 21 25 0.034
262 127 16 18 0.034
268 113 22 23 0.033
104 139 17 20 0.032
266 121 18 20 0.030
114 118 21 24 0.029
962 95 26 29 0.027
538 155 29 37 0.027
149 111 17 32 0.024
115 60 14 16 0.024
148 108 15 18 0.023
102 100 17 20 0.023
923 135 20 23 0.022
457 187 55 63 0.022
242 44 36 38 0.022
160 26 15 17 0.021
347 125 17 19 0.021
604 155 38 37 0.021
571 155 55 49 0.021
606 103 28 27 0.020
651 160 45 46 0.020
996 23 19 22 0.020
