36_Football_Football_36_85
49
549 29 17 19 0.776
614 24 15 20 0.753
745 32 16 18 0.731
923 17 15 17 0.657
297 39 12 14 0.648
669 36 17 19 0.640
346 223 20 24 0.583
907 197 19 22 0.564
783 468 24 27 0.518
305 156 19 22 0.447
455 211 22 27 0.443
101 313 21 24 0.409
830 210 19 23 0.383
954 0 12 14 0.308
429 237 28 29 0.245
755 292 23 24 0.225
833 291 22 23 0.153
1017 30 7 13 0.153
315 249 27 29 0.126
420 241 27 27 0.122
1016 72 7 14 0.098
786 296 19 22 0.083
661 263 18 19 0.079
751 255 21 23 0.075
582 249 22 24 0.074
903 193 17 21 0.071
301 153 17 23 0.065
923 227 16 22 0.062
144 727 25 35 0.062
843 290 21 22 0.058
440 233 23 28 0.057
449 221 25 31 0.052
835 208 18 21 0.048
754 297 38 20 0.046
716 285 21 23 0.045
792 742 23 25 0.045
288 186 18 20 0.044
359 297 29 26 0.038
751 334 17 21 0.036
650 16 17 19 0.035
548 344 20 16 0.034
9 76 19 27 0.033
584 257 22 22 0.031
0 171 12 50 0.028
682 96 18 23 0.025
849 247 16 27 0.024
849 260 18 28 0.023
734 313 19 18 0.021
734 303 30 23 0.020
