36_Football_americanfootball_ball_36_605
24
311 321 15 17 0.715
225 332 19 20 0.715
422 315 15 19 0.684
555 319 16 17 0.680
105 311 21 23 0.676
359 313 20 22 0.637
893 320 16 19 0.629
656 297 21 23 0.617
494 349 9 11 0.551
768 334 14 17 0.544
606 342 12 13 0.534
839 339 15 16 0.398
288 340 10 11 0.333
939 311 20 22 0.325
137 349 19 24 0.144
624 341 16 20 0.118
607 340 24 17 0.105
927 316 18 23 0.076
683 320 16 20 0.066
734 357 9 10 0.059
509 371 7 9 0.051
843 349 14 14 0.028
159 362 11 16 0.025
948 309 16 21 0.022
