36_Football_americanfootball_ball_36_696
26
590 157 227 294 0.835
239 50 210 321 0.764
837 12 31 42 0.593
923 49 37 45 0.567
960 0 34 31 0.506
735 29 23 29 0.246
772 5 38 40 0.234
683 24 31 30 0.164
801 34 34 40 0.162
769 24 36 41 0.162
676 16 31 31 0.146
674 11 23 27 0.139
499 137 122 179 0.127
965 167 38 45 0.111
779 25 57 45 0.095
1009 87 15 57 0.091
766 4 27 32 0.062
558 0 29 27 0.057
888 1 34 36 0.040
784 7 23 28 0.033
492 0 32 30 0.030
768 37 39 42 0.030
687 0 24 28 0.030
897 135 39 55 0.026
1007 30 17 57 0.024
636 0 26 21 0.023
