11_Meeting_Meeting_11_Meeting_Meeting_11_821
41
325 172 33 40 0.882
300 211 29 38 0.882
670 260 33 43 0.861
430 290 34 44 0.858
97 224 34 42 0.851
152 233 41 55 0.850
576 178 29 37 0.847
587 273 34 42 0.844
539 287 36 45 0.844
485 180 31 42 0.843
254 221 34 45 0.840
744 236 31 39 0.837
269 274 34 45 0.834
218 242 34 42 0.834
57 220 41 50 0.832
527 179 27 34 0.832
215 188 33 39 0.831
306 282 36 49 0.831
478 264 37 46 0.830
138 178 35 43 0.828
616 259 32 45 0.826
808 281 33 42 0.826
508 242 30 39 0.825
674 221 28 34 0.825
416 239 34 44 0.824
943 260 35 44 0.822
427 202 28 35 0.822
596 217 30 37 0.820
893 285 35 44 0.816
765 276 34 41 0.814
344 267 32 40 0.810
850 279 32 41 0.805
356 222 33 42 0.800
706 212 23 30 0.786
388 216 27 34 0.776
703 274 29 35 0.757
185 227 26 37 0.718
167 158 36 37 0.305
663 178 32 32 0.078
682 220 37 30 0.028
413 203 41 45 0.022
