11_Meeting_Meeting_11_Meeting_Meeting_11_484
24
541 43 186 263 0.871
19 8 101 122 0.860
789 16 182 212 0.859
93 425 32 43 0.819
163 458 27 34 0.797
161 1 98 98 0.749
109 175 25 28 0.744
320 427 26 33 0.290
284 331 27 27 0.275
487 17 25 40 0.227
351 336 25 30 0.172
372 427 30 36 0.155
283 338 26 31 0.154
384 415 33 39 0.115
388 260 100 137 0.097
208 250 23 26 0.095
511 11 20 29 0.080
496 14 30 33 0.080
229 319 23 27 0.040
399 227 16 21 0.033
116 354 36 40 0.024
289 315 24 38 0.021
297 300 18 22 0.021
295 478 36 42 0.020
