11_Meeting_Meeting_11_Meeting_Meeting_11_588
31
487 254 46 59 0.840
467 504 8 9 0.606
398 502 8 9 0.568
368 500 9 10 0.560
502 505 8 8 0.551
432 500 7 9 0.461
572 502 8 9 0.456
84 533 16 24 0.395
605 504 7 10 0.369
539 500 7 9 0.348
0 512 16 23 0.280
401 501 7 8 0.156
606 507 9 10 0.147
602 506 8 9 0.100
0 544 14 23 0.072
297 528 10 13 0.059
22 533 18 23 0.044
85 528 14 19 0.041
603 501 7 9 0.039
0 518 13 25 0.038
466 501 10 14 0.038
450 548 8 8 0.037
79 537 18 24 0.037
542 499 7 9 0.035
270 515 11 13 0.031
114 532 17 19 0.027
3 543 23 21 0.026
613 512 8 10 0.025
396 500 12 13 0.022
85 543 16 22 0.021
14 536 20 23 0.021
