11_Meeting_Meeting_11_Meeting_Meeting_11_538
249
412 670 36 46 0.854
926 274 34 45 0.854
391 462 28 39 0.842
576 75 37 51 0.835
637 83 29 39 0.834
329 661 26 34 0.828
523 282 30 41 0.814
368 657 25 31 0.810
899 493 40 47 0.808
365 145 28 39 0.805
609 600 35 50 0.802
961 126 18 22 0.799
213 323 20 28 0.791
814 124 21 27 0.784
603 49 29 36 0.782
807 234 36 44 0.781
950 510 25 33 0.778
364 438 21 27 0.774
471 287 19 25 0.770
940 111 13 17 0.770
759 139 33 45 0.770
38 312 18 23 0.760
14 128 18 21 0.751
317 460 34 46 0.746
631 434 19 22 0.732
63 667 13 16 0.726
59 489 13 16 0.723
25 501 17 20 0.719
591 289 17 21 0.718
920 686 14 17 0.716
868 675 16 19 0.715
638 284 13 16 0.710
443 293 13 16 0.708
33 681 16 18 0.707
160 105 12 16 0.704
751 681 17 21 0.687
167 297 13 17 0.685
614 276 13 15 0.685
60 306 16 21 0.682
59 102 12 15 0.679
859 527 27 33 0.679
37 120 16 20 0.677
460 106 12 16 0.669
619 297 12 17 0.668
918 106 13 16 0.668
472 463 17 22 0.652
413 282 13 15 0.635
180 503 17 24 0.607
550 491 19 24 0.595
492 470 14 19 0.563
105 661 10 14 0.554
395 281 11 13 0.536
115 691 17 20 0.535
101 483 11 15 0.529
724 282 18 23 0.516
4 685 13 16 0.511
667 290 12 13 0.498
86 280 13 15 0.467
370 123 18 24 0.452
394 99 10 12 0.447
381 275 12 13 0.446
309 76 8 9 0.434
338 92 9 11 0.425
858 107 11 12 0.421
145 294 12 15 0.420
126 93 11 14 0.414
739 285 17 21 0.393
67 293 11 13 0.379
0 507 9 18 0.379
88 92 10 11 0.354
513 96 12 16 0.354
834 687 13 16 0.349
713 70 21 30 0.345
740 51 17 26 0.341
474 465 24 23 0.339
834 117 13 16 0.338
842 106 10 12 0.326
111 518 16 20 0.326
421 99 9 12 0.316
322 289 13 15 0.311
169 472 8 10 0.301
190 683 16 19 0.299
117 659 10 12 0.293
111 483 11 13 0.291
700 71 23 31 0.267
533 485 15 17 0.266
338 288 11 14 0.264
263 744 23 24 0.240
194 649 9 12 0.238
97 88 9 12 0.228
383 303 15 20 0.227
128 290 12 13 0.227
177 677 13 19 0.203
330 288 21 14 0.197
378 276 13 17 0.173
379 94 9 10 0.173
360 286 12 15 0.171
195 478 12 14 0.161
826 117 20 24 0.157
168 650 8 8 0.153
894 105 10 12 0.147
182 301 14 15 0.143
21 284 11 13 0.142
184 304 18 15 0.137
329 274 9 9 0.132
527 488 13 14 0.130
151 135 16 15 0.122
538 488 17 19 0.122
129 304 13 15 0.119
323 91 8 9 0.118
91 299 13 16 0.116
504 117 12 16 0.113
174 675 12 18 0.113
556 490 20 30 0.110
618 277 16 36 0.110
442 106 11 10 0.109
196 305 12 16 0.108
172 669 12 16 0.107
826 665 13 15 0.106
124 288 13 17 0.106
119 656 10 11 0.106
151 654 8 9 0.105
145 478 8 10 0.104
91 280 13 15 0.103
643 487 17 20 0.102
874 111 10 12 0.099
473 108 13 13 0.095
841 663 11 16 0.091
479 108 7 9 0.090
505 98 15 17 0.089
185 473 8 9 0.085
754 257 14 19 0.085
44 485 72 14 0.081
713 55 47 39 0.080
166 637 7 9 0.080
860 102 21 19 0.080
184 474 25 14 0.080
554 304 16 18 0.079
66 519 10 15 0.078
131 93 12 14 0.077
850 142 22 28 0.076
107 511 13 20 0.075
200 482 15 18 0.075
122 96 11 13 0.073
193 307 12 15 0.071
358 87 9 8 0.070
179 117 13 24 0.067
217 648 9 9 0.065
193 651 19 10 0.065
19 288 11 18 0.065
88 78 7 9 0.064
897 102 9 10 0.062
166 299 34 16 0.062
90 81 10 20 0.058
181 477 11 12 0.056
24 298 12 15 0.055
179 105 11 27 0.054
784 640 7 8 0.054
151 510 21 20 0.053
164 329 15 13 0.053
178 121 16 32 0.053
193 675 16 23 0.053
839 105 35 13 0.052
100 101 11 13 0.052
366 284 15 16 0.051
168 472 31 12 0.051
116 300 28 17 0.051
158 325 14 15 0.049
150 653 20 9 0.048
192 473 9 9 0.048
940 704 12 14 0.047
382 278 48 22 0.046
40 678 13 17 0.046
120 472 8 9 0.045
208 473 9 9 0.044
168 474 11 21 0.044
177 100 13 16 0.043
719 489 18 24 0.043
93 299 16 19 0.042
330 277 12 15 0.042
172 493 14 19 0.041
132 158 12 12 0.041
338 90 8 8 0.041
119 287 13 13 0.040
148 510 14 20 0.040
507 93 13 17 0.040
816 108 16 20 0.039
422 104 9 11 0.038
719 71 19 37 0.038
690 290 9 10 0.038
766 489 24 30 0.037
709 289 9 12 0.037
356 88 16 12 0.036
164 509 28 18 0.035
825 662 10 14 0.035
439 296 13 16 0.035
823 666 13 15 0.034
326 276 12 14 0.034
446 139 8 9 0.034
524 488 11 13 0.034
559 736 44 31 0.034
213 646 18 13 0.033
744 282 14 21 0.033
11 505 20 17 0.033
996 138 15 24 0.032
92 676 10 11 0.032
898 104 20 15 0.032
118 473 14 11 0.031
207 648 20 9 0.031
34 100 10 11 0.031
793 739 35 28 0.031
752 253 17 36 0.030
363 280 23 15 0.030
674 291 18 11 0.030
839 670 13 19 0.030
121 649 10 10 0.030
126 650 8 9 0.029
211 486 14 16 0.029
165 635 8 20 0.029
818 103 11 13 0.028
869 101 9 9 0.028
778 640 8 9 0.028
364 116 15 17 0.027
191 647 14 17 0.027
24 94 11 11 0.027
150 687 15 15 0.027
85 96 10 14 0.027
711 304 13 15 0.026
186 663 19 28 0.025
574 506 31 49 0.025
202 485 15 20 0.025
643 490 20 25 0.025
527 118 21 33 0.024
295 492 14 15 0.023
98 105 13 15 0.023
208 471 17 12 0.023
786 639 7 9 0.023
21 292 13 18 0.023
414 97 14 12 0.023
172 686 12 18 0.022
162 513 15 19 0.022
755 673 22 19 0.022
878 140 16 20 0.022
2 690 11 17 0.022
346 92 16 27 0.021
779 654 9 10 0.021
147 128 47 23 0.021
35 116 14 17 0.020
768 124 28 38 0.020
