11_Meeting_Meeting_11_Meeting_Meeting_11_247
125
69 459 25 33 0.756
22 413 18 26 0.750
162 321 15 19 0.728
139 367 16 20 0.710
231 400 17 24 0.688
532 345 14 18 0.649
780 349 14 18 0.640
443 347 15 18 0.627
264 343 14 20 0.606
520 373 16 22 0.594
277 439 16 22 0.591
67 356 17 23 0.569
50 369 15 20 0.569
424 474 18 27 0.562
431 383 16 21 0.531
510 435 17 20 0.517
443 542 21 32 0.516
453 383 17 21 0.507
139 405 18 23 0.506
622 383 13 19 0.477
98 327 12 19 0.450
954 266 11 14 0.448
231 349 15 16 0.446
359 515 17 29 0.444
121 340 13 17 0.428
874 278 11 12 0.416
838 299 13 16 0.412
187 514 18 23 0.393
932 462 17 27 0.391
608 415 15 23 0.341
511 344 14 15 0.325
1015 326 9 15 0.317
207 320 13 17 0.316
333 329 12 14 0.303
282 414 15 19 0.296
48 431 21 21 0.259
142 399 27 25 0.248
880 317 14 18 0.246
941 361 15 19 0.229
609 360 17 25 0.175
429 384 44 19 0.171
816 274 10 13 0.162
935 457 19 30 0.160
105 335 32 19 0.155
939 449 18 26 0.155
616 375 14 45 0.154
33 383 14 19 0.144
853 347 12 17 0.141
979 370 17 21 0.126
66 351 16 19 0.124
765 329 12 18 0.123
332 360 15 19 0.122
159 399 17 25 0.121
618 374 15 24 0.111
619 342 14 17 0.111
51 361 17 23 0.107
612 345 16 21 0.100
417 367 13 17 0.100
822 256 12 14 0.095
371 474 16 24 0.095
1014 267 9 11 0.093
189 358 12 15 0.089
862 447 18 23 0.086
608 350 16 18 0.082
980 336 17 20 0.082
54 355 15 18 0.078
701 377 17 19 0.073
669 440 14 21 0.073
210 313 13 19 0.071
518 364 16 21 0.069
940 299 13 14 0.067
818 263 13 27 0.065
135 400 19 23 0.065
480 311 11 13 0.062
599 499 20 27 0.058
819 256 12 23 0.056
825 252 10 14 0.051
788 634 18 36 0.050
596 502 15 24 0.045
71 361 16 22 0.044
841 297 15 16 0.042
712 533 18 26 0.041
971 362 17 25 0.039
871 278 10 12 0.039
265 380 12 22 0.038
618 379 19 27 0.037
1004 325 20 21 0.037
851 297 13 15 0.037
761 396 15 22 0.037
146 394 17 23 0.037
932 279 10 13 0.036
995 261 10 12 0.035
762 410 17 26 0.033
839 351 18 21 0.033
240 347 14 17 0.032
506 343 14 16 0.032
639 403 16 21 0.030
427 345 28 29 0.030
835 354 15 20 0.029
919 271 10 11 0.029
57 432 20 24 0.028
515 372 16 21 0.027
281 350 14 16 0.027
405 395 18 24 0.026
606 496 16 26 0.026
928 468 15 22 0.026
1010 263 13 15 0.024
983 329 18 21 0.024
998 258 12 12 0.024
636 344 17 23 0.024
879 372 18 24 0.023
926 338 14 16 0.023
548 355 15 19 0.023
934 280 11 20 0.023
404 401 17 21 0.022
909 309 12 13 0.022
495 315 13 15 0.022
804 310 14 15 0.022
982 375 15 20 0.022
994 260 25 13 0.021
374 463 21 28 0.021
487 314 12 13 0.021
501 324 21 38 0.021
362 510 15 26 0.020
945 296 13 15 0.020
