11_Meeting_Meeting_11_Meeting_Meeting_11_408
44
5 214 36 45 0.845
117 252 50 65 0.840
177 210 37 41 0.836
951 264 58 63 0.835
227 273 64 80 0.833
532 241 37 45 0.833
362 230 37 49 0.825
800 255 60 74 0.825
310 215 36 43 0.824
299 184 31 36 0.813
686 237 41 51 0.813
68 224 40 49 0.811
222 220 29 36 0.784
460 225 33 44 0.783
419 331 81 99 0.778
444 195 30 36 0.776
669 213 30 36 0.764
117 210 30 35 0.757
360 192 33 38 0.716
516 317 48 52 0.716
569 214 29 33 0.604
135 57 9 11 0.376
29 52 11 12 0.254
102 55 10 12 0.240
45 54 9 11 0.191
121 68 8 10 0.180
70 76 11 12 0.169
97 54 12 11 0.139
129 57 17 14 0.137
86 58 11 12 0.132
84 57 9 12 0.123
67 79 10 12 0.089
107 57 18 9 0.070
43 50 9 10 0.053
371 190 25 33 0.048
497 330 62 48 0.046
51 55 10 12 0.045
101 52 9 9 0.044
118 219 32 38 0.040
73 79 10 12 0.036
136 57 12 14 0.035
16 53 16 10 0.033
121 94 9 11 0.032
15 53 9 10 0.022
