11_Meeting_Meeting_11_Meeting_Meeting_11_354
34
599 156 40 46 0.875
394 283 49 58 0.871
307 301 57 69 0.869
352 138 42 54 0.861
762 265 63 82 0.860
815 318 86 100 0.858
652 260 48 56 0.855
240 329 61 74 0.854
449 133 41 56 0.847
684 144 42 57 0.845
706 274 50 66 0.842
519 163 44 56 0.840
169 371 73 91 0.831
870 239 23 33 0.789
292 180 17 23 0.733
945 252 23 37 0.700
975 223 19 22 0.665
904 225 17 22 0.607
0 325 23 70 0.471
998 236 22 31 0.275
223 279 8 9 0.226
802 230 14 15 0.150
1014 198 10 28 0.124
996 227 23 31 0.072
978 224 22 27 0.059
135 289 6 8 0.056
827 234 14 21 0.050
19 217 8 8 0.038
972 211 13 14 0.033
150 305 7 8 0.033
1006 219 16 34 0.031
823 231 16 19 0.024
1007 200 15 21 0.023
971 212 16 22 0.020
