12_Group_Large_Group_12_Group_Large_Group_12_269
35
547 173 44 53 0.854
713 204 29 37 0.814
769 221 21 23 0.788
133 202 26 31 0.788
306 212 22 28 0.785
411 219 17 21 0.783
181 216 15 20 0.773
813 225 20 22 0.761
83 213 15 19 0.746
483 232 13 17 0.699
662 224 10 13 0.698
607 224 11 13 0.691
41 217 13 14 0.665
859 227 15 17 0.641
634 229 11 14 0.619
348 224 12 13 0.570
226 220 9 12 0.535
277 221 11 13 0.464
844 230 14 17 0.460
654 224 20 14 0.231
874 227 11 13 0.150
120 211 11 13 0.119
344 223 13 16 0.109
866 228 17 16 0.094
887 252 10 12 0.093
611 224 11 13 0.066
745 216 14 17 0.050
583 226 10 13 0.049
653 222 13 14 0.046
750 214 15 18 0.046
47 174 8 9 0.043
390 219 14 16 0.037
385 218 11 15 0.032
992 225 7 8 0.028
376 221 14 16 0.021
