12_Group_Team_Organized_Group_12_Group_Team_Organized_Group_12_59
120
581 321 12 14 0.718
941 270 12 14 0.671
457 274 12 14 0.607
285 251 12 14 0.594
813 277 10 13 0.594
127 244 10 13 0.577
550 259 11 13 0.577
430 318 11 13 0.566
612 267 10 12 0.563
8 251 14 16 0.557
470 258 11 12 0.554
587 259 12 14 0.542
50 256 12 14 0.531
176 248 13 15 0.524
881 271 12 12 0.520
965 269 12 14 0.513
93 257 13 14 0.510
748 272 11 13 0.502
842 267 11 13 0.496
710 273 10 12 0.487
672 297 10 11 0.481
778 279 9 11 0.462
264 250 11 12 0.459
431 258 10 12 0.454
975 273 13 16 0.454
1013 265 10 13 0.449
639 261 9 10 0.440
496 261 9 10 0.413
351 257 10 12 0.396
309 252 9 12 0.392
368 262 10 13 0.388
724 278 10 11 0.368
660 268 9 11 0.360
327 260 10 12 0.357
104 249 11 13 0.353
626 268 9 10 0.352
30 249 11 13 0.336
240 255 11 13 0.327
926 269 11 15 0.313
689 275 10 12 0.309
917 278 10 12 0.277
668 266 9 11 0.273
390 254 14 14 0.259
752 273 11 12 0.249
967 271 19 15 0.233
570 265 9 11 0.212
918 276 13 15 0.209
628 266 11 11 0.201
330 260 11 12 0.196
932 269 19 14 0.195
657 268 19 11 0.160
912 277 11 13 0.149
407 254 13 13 0.145
607 338 10 11 0.140
203 245 10 12 0.131
384 252 13 14 0.130
851 267 11 13 0.122
3 250 13 16 0.118
809 277 23 13 0.117
191 244 20 13 0.116
613 269 10 12 0.101
658 271 9 9 0.099
268 249 33 14 0.098
132 246 11 13 0.096
86 277 12 13 0.096
562 297 10 10 0.095
521 258 10 11 0.095
357 262 24 14 0.094
574 263 27 12 0.092
670 289 13 20 0.087
165 248 10 11 0.084
523 260 10 11 0.084
446 260 19 11 0.081
675 271 22 16 0.077
216 273 9 11 0.073
607 265 11 12 0.072
877 273 11 12 0.072
350 255 11 11 0.068
193 242 11 11 0.066
596 363 11 13 0.066
779 283 10 11 0.065
934 270 54 13 0.065
307 254 32 14 0.061
608 297 8 11 0.057
168 246 13 14 0.055
767 277 14 13 0.050
517 261 11 10 0.050
0 254 72 14 0.048
233 252 12 12 0.045
556 347 10 12 0.045
394 256 13 14 0.044
496 257 17 13 0.044
546 347 21 13 0.043
235 258 11 12 0.042
545 344 11 13 0.042
42 259 11 13 0.040
902 273 11 11 0.039
95 252 16 17 0.039
313 252 12 11 0.037
689 266 10 10 0.036
333 254 11 10 0.035
139 248 12 11 0.034
410 257 11 13 0.034
319 259 52 13 0.033
309 255 9 17 0.032
882 273 29 12 0.028
97 249 12 14 0.028
602 340 13 19 0.028
697 274 71 11 0.026
794 286 9 11 0.025
330 297 9 10 0.024
718 272 13 13 0.024
543 261 12 11 0.023
659 339 11 11 0.023
157 252 19 12 0.023
17 232 9 12 0.022
855 268 9 10 0.022
637 262 22 13 0.021
598 350 12 29 0.021
379 246 10 14 0.021
