12_Group_Large_Group_12_Group_Large_Group_12_224
188
364 217 16 20 0.803
105 201 16 20 0.790
161 224 17 20 0.788
253 189 14 18 0.784
500 239 17 21 0.782
614 239 16 21 0.781
478 261 16 20 0.781
553 200 16 18 0.780
214 256 14 18 0.778
453 135 15 17 0.770
118 180 14 17 0.770
184 100 15 20 0.769
124 224 14 18 0.768
819 236 14 18 0.765
249 224 15 18 0.765
912 163 13 15 0.759
838 130 13 15 0.758
745 164 13 16 0.757
138 101 14 17 0.754
316 240 15 18 0.753
312 192 15 18 0.753
168 73 14 17 0.752
92 160 16 19 0.752
946 143 14 17 0.747
957 246 15 18 0.746
426 121 15 16 0.744
369 122 12 15 0.741
729 250 16 18 0.741
193 67 12 16 0.739
843 148 13 16 0.739
906 234 17 19 0.739
364 253 15 18 0.737
235 129 14 17 0.737
213 196 14 16 0.729
873 259 17 19 0.728
819 140 14 16 0.726
384 132 14 17 0.725
682 256 15 18 0.723
69 243 16 19 0.719
278 129 13 16 0.719
239 106 13 15 0.717
309 122 13 17 0.716
797 153 14 16 0.715
780 250 16 18 0.713
488 140 14 17 0.710
261 111 13 16 0.709
120 67 14 18 0.707
799 135 11 14 0.705
537 131 12 15 0.700
354 188 14 17 0.699
827 162 12 14 0.695
286 109 13 15 0.692
444 236 17 20 0.690
146 78 15 18 0.687
317 99 13 16 0.680
591 132 12 13 0.679
966 147 15 19 0.677
400 129 15 17 0.676
219 126 13 16 0.668
907 137 14 16 0.666
864 142 14 18 0.666
548 167 13 17 0.662
768 147 12 15 0.657
925 142 14 16 0.657
274 83 11 13 0.655
242 88 13 14 0.651
197 88 13 16 0.647
300 98 12 15 0.644
563 152 12 15 0.643
682 155 12 15 0.640
628 128 11 12 0.632
397 112 13 15 0.629
612 144 12 15 0.614
522 135 11 13 0.605
663 134 13 15 0.586
709 156 13 14 0.585
644 154 14 17 0.583
345 128 13 15 0.568
463 114 11 14 0.565
423 110 11 13 0.563
578 147 13 15 0.549
745 145 14 16 0.548
485 120 14 15 0.541
218 82 11 13 0.535
509 135 11 14 0.532
598 146 13 15 0.528
758 129 12 13 0.520
724 142 13 15 0.520
645 130 12 14 0.518
352 100 12 14 0.517
444 105 11 13 0.516
550 117 11 12 0.512
208 95 13 15 0.505
326 123 12 15 0.502
218 110 13 16 0.500
892 146 13 15 0.467
281 100 11 12 0.452
446 114 12 14 0.449
342 110 13 16 0.442
610 126 12 13 0.441
283 104 14 19 0.420
655 151 11 14 0.419
335 101 12 15 0.414
406 232 16 20 0.401
725 132 11 13 0.384
690 139 15 16 0.365
699 139 15 16 0.351
194 227 15 17 0.350
779 143 12 17 0.348
384 132 25 17 0.333
275 86 12 16 0.312
530 121 10 12 0.299
372 106 12 14 0.291
558 131 14 13 0.285
821 134 17 18 0.285
783 279 15 16 0.276
706 135 12 14 0.273
448 116 13 20 0.269
312 122 27 15 0.267
514 136 17 15 0.265
459 116 12 29 0.262
218 100 14 23 0.242
677 132 11 14 0.239
394 226 12 13 0.215
343 103 20 17 0.193
483 139 32 16 0.190
551 154 20 24 0.179
364 121 26 19 0.177
523 131 27 15 0.175
297 100 36 14 0.174
775 132 12 13 0.167
745 146 36 14 0.151
240 91 12 32 0.147
490 118 13 15 0.139
564 140 13 29 0.138
580 147 31 15 0.134
551 120 16 22 0.133
640 131 24 13 0.132
672 138 34 17 0.128
99 167 34 26 0.125
569 130 14 14 0.120
366 111 16 32 0.105
837 145 44 16 0.099
367 111 13 17 0.095
278 89 31 33 0.075
306 115 32 25 0.073
914 142 46 15 0.070
760 127 11 11 0.070
199 184 28 59 0.062
485 120 24 18 0.060
584 135 36 30 0.058
329 109 34 34 0.057
781 267 16 20 0.056
797 121 18 54 0.053
508 125 50 25 0.053
910 118 16 77 0.049
254 105 38 39 0.048
483 139 14 18 0.043
757 141 57 24 0.037
960 249 15 19 0.036
508 141 12 14 0.036
406 110 16 12 0.035
442 242 18 19 0.034
371 172 12 13 0.034
645 114 25 65 0.033
305 92 67 33 0.030
760 125 39 40 0.030
742 121 28 71 0.029
927 145 18 16 0.028
818 120 38 66 0.027
390 102 58 51 0.026
274 262 15 18 0.026
741 131 23 13 0.026
601 125 52 27 0.026
857 127 13 14 0.026
728 196 11 13 0.025
305 119 14 17 0.025
205 57 29 91 0.024
232 71 20 103 0.023
525 117 13 14 0.023
448 90 49 75 0.023
249 383 29 32 0.022
513 124 13 14 0.022
703 129 56 48 0.021
681 121 45 67 0.021
964 153 14 17 0.020
115 186 15 30 0.020
375 93 44 72 0.020
