12_Group_Large_Group_12_Group_Large_Group_12_435
136
101 564 60 76 0.872
211 540 52 65 0.867
578 568 65 76 0.826
7 483 36 41 0.803
364 496 37 52 0.781
164 451 27 34 0.774
298 487 28 36 0.773
244 423 19 25 0.763
222 453 25 31 0.734
644 535 41 64 0.731
536 455 19 27 0.688
833 481 25 35 0.650
52 433 18 23 0.646
217 497 27 37 0.630
412 455 23 29 0.626
286 419 20 24 0.622
492 457 17 23 0.621
693 420 16 21 0.603
623 441 15 20 0.595
128 409 13 17 0.577
115 425 17 24 0.559
703 482 22 28 0.542
379 463 23 30 0.522
576 448 17 22 0.501
789 413 17 22 0.497
479 416 13 15 0.496
446 419 13 17 0.480
452 442 15 19 0.451
212 427 17 21 0.451
770 443 17 23 0.446
747 460 19 24 0.430
866 420 18 24 0.392
959 425 24 31 0.371
420 439 18 23 0.349
572 394 14 18 0.343
708 454 20 28 0.340
647 439 16 23 0.311
104 511 32 38 0.307
855 428 23 23 0.284
750 424 16 20 0.283
852 430 17 22 0.263
566 422 15 18 0.239
923 497 26 32 0.213
177 409 12 16 0.196
514 410 13 16 0.190
434 380 10 12 0.188
111 427 16 23 0.188
87 414 12 20 0.169
371 404 12 13 0.168
239 421 23 39 0.168
97 504 27 32 0.164
240 405 13 16 0.160
587 413 12 16 0.159
98 477 30 32 0.152
308 413 13 16 0.149
448 420 17 43 0.132
99 485 30 48 0.132
839 414 15 21 0.126
917 441 20 27 0.117
332 403 13 14 0.112
570 419 16 19 0.111
763 438 25 33 0.105
326 403 15 16 0.105
721 514 27 33 0.103
499 418 13 17 0.095
877 450 19 24 0.094
421 372 9 11 0.092
437 419 50 16 0.092
953 502 33 30 0.088
167 425 16 18 0.088
616 416 13 16 0.086
366 425 14 18 0.081
215 404 13 15 0.080
725 415 14 19 0.080
337 404 12 15 0.077
953 432 23 32 0.073
391 406 12 14 0.072
183 400 11 15 0.067
154 397 12 13 0.066
580 429 16 40 0.064
328 430 12 16 0.062
825 485 22 35 0.061
371 405 18 18 0.060
497 411 15 18 0.060
540 443 15 22 0.059
383 406 22 14 0.057
418 409 12 16 0.056
762 443 19 23 0.055
575 682 64 79 0.053
829 411 20 21 0.053
921 501 59 30 0.053
703 409 13 17 0.053
699 411 15 19 0.053
481 394 12 13 0.050
563 416 17 21 0.047
515 415 14 16 0.043
321 405 15 17 0.043
732 650 40 51 0.043
432 397 15 14 0.043
290 397 11 14 0.041
946 429 25 31 0.038
370 397 13 46 0.038
946 501 28 29 0.037
66 387 11 13 0.037
241 409 28 39 0.036
830 415 28 23 0.035
427 400 13 14 0.033
700 413 47 24 0.033
825 412 16 22 0.032
208 501 26 31 0.032
841 474 29 37 0.031
388 405 12 13 0.031
0 453 9 31 0.030
108 505 23 29 0.028
197 431 13 18 0.028
534 413 12 15 0.028
0 554 10 49 0.027
532 371 13 15 0.027
911 447 21 27 0.027
114 499 23 33 0.026
329 418 15 21 0.026
87 478 32 36 0.026
483 401 16 19 0.025
241 397 11 14 0.025
110 384 10 13 0.025
1013 455 11 34 0.024
372 458 33 46 0.024
415 410 12 15 0.023
442 394 12 12 0.023
660 434 21 22 0.023
545 369 11 13 0.023
868 416 17 18 0.022
107 433 15 22 0.022
680 442 16 21 0.021
420 453 20 30 0.020
207 430 19 23 0.020
