12_Group_Team_Organized_Group_12_Group_Team_Organized_Group_12_361
42
870 407 30 36 0.866
815 414 27 35 0.862
741 255 26 30 0.828
826 280 26 30 0.827
486 378 23 31 0.825
690 257 24 28 0.821
612 371 23 29 0.821
767 222 24 29 0.819
563 371 23 26 0.817
665 381 23 29 0.812
361 243 24 29 0.811
287 248 26 32 0.810
941 268 33 38 0.809
743 400 23 29 0.808
247 392 26 34 0.807
446 262 23 27 0.796
486 266 23 27 0.795
636 262 24 27 0.795
332 390 24 31 0.795
329 250 22 27 0.787
557 250 21 26 0.782
220 253 25 32 0.778
665 238 23 26 0.776
481 236 22 25 0.772
414 261 25 27 0.769
595 251 23 26 0.764
883 276 26 32 0.742
520 250 23 25 0.733
790 298 21 28 0.637
163 281 9 11 0.369
287 250 59 28 0.213
58 275 15 18 0.182
518 256 23 28 0.093
76 269 14 16 0.054
1018 278 6 27 0.045
617 240 16 20 0.045
65 388 12 15 0.042
177 337 8 10 0.039
101 284 11 12 0.033
177 339 9 11 0.023
174 265 8 10 0.022
150 336 9 9 0.021
