12_Group_Team_Organized_Group_12_Group_Team_Organized_Group_12_910
301
425 519 32 41 0.755
207 419 11 14 0.720
375 513 25 31 0.711
458 456 16 19 0.700
119 420 12 15 0.666
683 494 21 24 0.658
186 400 10 13 0.640
378 480 20 23 0.637
358 396 10 12 0.632
269 406 10 12 0.621
492 439 14 17 0.600
424 434 14 18 0.593
830 317 13 15 0.561
567 475 20 23 0.553
82 399 10 12 0.548
220 410 11 13 0.532
166 333 9 10 0.532
496 486 21 26 0.524
653 506 19 26 0.523
50 443 14 16 0.521
152 419 12 14 0.517
528 410 11 13 0.504
576 446 16 19 0.497
480 519 23 27 0.479
258 379 8 10 0.478
491 379 8 10 0.476
855 417 15 16 0.462
337 391 8 11 0.446
641 382 9 10 0.446
478 416 13 14 0.443
757 331 11 14 0.426
256 330 7 9 0.425
599 597 26 32 0.418
119 402 10 11 0.413
609 365 7 9 0.399
195 415 12 14 0.397
429 341 9 10 0.392
663 375 8 9 0.382
739 327 10 11 0.380
424 472 15 20 0.362
459 426 11 14 0.353
315 311 10 13 0.342
379 383 9 10 0.340
228 394 10 11 0.335
74 389 9 10 0.330
513 417 11 13 0.324
506 480 19 22 0.321
161 413 12 14 0.314
817 513 21 23 0.314
208 335 9 10 0.312
224 588 27 46 0.310
303 326 10 11 0.303
110 390 9 10 0.298
455 337 8 10 0.293
443 389 10 12 0.291
721 363 10 11 0.284
460 392 9 12 0.283
280 320 8 9 0.271
292 395 9 11 0.270
56 395 9 11 0.270
509 369 10 10 0.261
719 412 16 17 0.259
601 468 17 20 0.258
202 390 8 10 0.254
724 519 20 27 0.251
216 391 12 11 0.249
185 426 9 12 0.249
504 322 7 8 0.244
397 348 8 10 0.243
251 394 10 11 0.236
215 410 14 17 0.228
927 271 13 15 0.217
552 327 8 9 0.217
547 370 8 11 0.212
788 464 19 22 0.211
568 427 11 14 0.211
694 405 12 13 0.209
460 381 9 11 0.208
642 412 12 14 0.206
147 337 11 12 0.200
358 370 9 11 0.198
424 385 10 11 0.197
376 384 11 11 0.195
153 415 14 16 0.184
675 419 13 16 0.183
112 397 12 14 0.183
665 467 17 21 0.180
169 385 9 10 0.178
590 400 12 13 0.174
524 494 20 24 0.173
225 379 8 9 0.167
169 387 9 17 0.166
521 369 9 10 0.160
936 270 14 15 0.159
526 387 9 11 0.150
199 416 21 17 0.148
49 409 11 12 0.147
218 386 10 13 0.146
206 390 21 10 0.145
227 397 11 13 0.143
576 395 10 12 0.137
929 270 23 15 0.137
688 440 14 19 0.136
572 372 9 10 0.132
526 327 11 9 0.132
107 406 10 11 0.130
915 413 19 23 0.125
586 383 10 10 0.122
633 371 8 9 0.118
307 317 14 17 0.116
661 408 13 16 0.115
439 412 10 13 0.114
655 388 10 12 0.114
474 334 8 9 0.114
772 448 16 20 0.112
357 350 7 9 0.112
396 346 7 9 0.109
665 412 18 17 0.107
68 407 11 13 0.107
756 399 20 23 0.106
1 425 8 13 0.105
205 404 11 13 0.104
442 390 21 13 0.103
565 381 11 14 0.102
547 327 10 9 0.102
567 369 11 11 0.097
561 362 8 10 0.096
797 462 21 23 0.096
203 335 9 11 0.095
655 378 16 12 0.094
445 381 16 11 0.094
222 376 9 10 0.092
513 478 16 20 0.091
561 611 28 34 0.090
443 382 12 18 0.090
158 405 10 23 0.086
413 413 10 12 0.085
331 374 8 9 0.085
548 444 15 18 0.084
734 452 17 21 0.081
433 369 9 10 0.081
66 404 11 14 0.081
387 404 9 10 0.079
163 396 10 12 0.079
886 340 12 14 0.078
854 470 15 18 0.078
685 376 9 13 0.077
568 390 13 13 0.076
397 412 10 11 0.076
485 324 8 8 0.076
835 295 11 14 0.075
87 419 12 12 0.075
165 397 9 28 0.074
692 386 12 15 0.073
686 371 9 12 0.073
490 426 15 22 0.071
404 334 8 10 0.070
487 377 9 11 0.069
503 400 10 12 0.069
565 410 11 15 0.068
438 351 8 13 0.068
518 445 15 18 0.067
625 385 11 12 0.065
507 402 13 20 0.065
187 449 11 13 0.064
616 441 15 20 0.064
167 383 9 10 0.064
513 323 10 9 0.063
739 342 10 14 0.062
823 515 23 24 0.062
54 398 11 14 0.061
734 426 15 17 0.060
589 422 13 16 0.060
821 472 19 23 0.057
691 425 16 22 0.057
569 430 15 18 0.056
664 415 27 19 0.056
383 356 9 10 0.055
562 387 10 11 0.054
742 326 12 24 0.054
482 326 14 10 0.053
79 419 11 14 0.052
556 327 6 8 0.052
587 396 17 20 0.051
499 611 29 34 0.051
378 377 13 27 0.051
689 492 19 23 0.050
639 410 15 26 0.049
375 372 10 15 0.049
460 330 15 12 0.049
705 529 23 25 0.048
647 435 14 19 0.048
689 375 12 23 0.048
521 388 15 14 0.047
886 470 16 21 0.047
570 423 20 40 0.047
467 329 24 12 0.047
89 430 11 20 0.047
750 593 32 34 0.046
514 441 15 18 0.046
75 388 11 14 0.045
640 411 27 19 0.045
797 403 13 16 0.045
145 341 12 13 0.044
426 426 53 20 0.044
718 367 12 14 0.044
640 380 14 17 0.044
801 454 23 20 0.043
210 334 9 10 0.043
467 325 7 9 0.043
506 324 26 8 0.043
891 367 15 20 0.043
435 362 8 19 0.042
82 476 11 12 0.042
783 468 19 20 0.042
776 438 16 29 0.041
88 439 15 14 0.041
200 333 9 12 0.041
729 430 16 21 0.041
21 402 10 12 0.040
734 442 20 36 0.040
219 387 15 35 0.040
590 389 12 46 0.040
671 470 23 21 0.040
447 375 11 13 0.039
655 499 17 22 0.039
620 500 16 23 0.039
542 370 12 23 0.039
485 404 16 18 0.039
403 347 10 10 0.039
653 386 21 13 0.039
574 377 20 14 0.039
165 420 11 12 0.038
669 439 29 45 0.037
404 341 11 11 0.037
498 403 20 12 0.037
696 386 13 12 0.037
556 348 9 18 0.037
796 386 10 19 0.035
531 386 12 13 0.035
17 394 11 13 0.035
697 437 23 20 0.034
170 335 8 11 0.033
20 397 11 13 0.033
527 399 22 48 0.032
334 390 8 10 0.032
634 430 19 18 0.031
649 509 18 24 0.031
925 277 12 15 0.031
98 440 15 15 0.031
528 329 9 8 0.031
400 378 9 11 0.031
813 467 21 22 0.030
716 460 18 21 0.030
794 386 11 10 0.030
379 501 23 35 0.029
709 555 22 31 0.029
619 385 14 18 0.029
708 411 21 18 0.028
613 413 14 14 0.028
583 487 21 22 0.028
567 410 15 18 0.028
665 548 21 28 0.028
531 446 35 19 0.028
262 364 10 12 0.027
643 377 14 68 0.027
284 434 11 12 0.027
326 333 9 11 0.026
478 325 9 9 0.026
861 471 46 20 0.026
536 483 17 20 0.026
387 517 21 28 0.025
621 491 19 24 0.025
721 456 25 24 0.025
596 391 16 19 0.025
762 569 22 26 0.025
682 442 17 21 0.025
316 429 9 11 0.024
405 383 25 10 0.024
206 333 12 14 0.024
730 514 24 28 0.024
635 376 16 22 0.024
782 432 15 19 0.024
791 450 21 28 0.023
589 490 18 21 0.023
704 532 25 38 0.023
362 637 26 38 0.022
553 335 8 25 0.022
611 501 20 35 0.022
627 428 19 22 0.022
0 121 14 22 0.022
344 425 10 14 0.022
814 650 37 28 0.022
615 378 18 18 0.022
761 395 21 37 0.022
707 437 23 20 0.021
483 330 11 10 0.021
611 365 7 9 0.021
415 413 19 20 0.021
186 445 11 21 0.020
745 426 15 19 0.020
