12_Group_Group_12_Group_Group_12_762
51
886 899 27 36 0.831
787 921 27 36 0.818
320 884 26 30 0.814
705 912 26 34 0.803
146 926 29 38 0.799
550 897 24 29 0.793
399 881 23 28 0.788
749 722 18 22 0.785
527 710 18 21 0.772
698 714 20 23 0.772
635 707 18 23 0.770
429 613 16 19 0.767
806 731 18 21 0.764
836 604 15 20 0.755
622 589 16 19 0.754
932 613 16 19 0.753
291 620 16 20 0.751
885 607 15 19 0.745
468 602 16 20 0.739
580 712 18 22 0.739
988 616 16 19 0.737
732 593 15 17 0.735
787 597 14 17 0.733
475 721 17 20 0.728
257 630 17 22 0.728
684 593 15 18 0.726
384 615 16 20 0.711
514 606 16 19 0.707
470 885 24 27 0.703
332 620 17 20 0.697
566 607 16 19 0.629
661 599 17 19 0.319
0 400 18 23 0.207
675 593 63 17 0.129
734 628 14 16 0.102
750 593 14 16 0.097
618 437 10 11 0.085
692 421 11 12 0.085
404 591 17 20 0.078
694 761 17 18 0.071
279 621 22 20 0.051
655 595 17 18 0.045
317 460 23 19 0.039
587 461 8 10 0.038
696 700 16 76 0.038
492 603 27 19 0.030
830 643 16 18 0.026
732 605 14 39 0.026
901 514 10 11 0.022
493 598 17 19 0.020
739 596 25 16 0.020
