12_Group_Large_Group_12_Group_Large_Group_12_237
209
272 590 29 36 0.822
811 560 25 30 0.795
803 425 11 14 0.724
425 508 18 21 0.704
885 588 21 28 0.701
741 567 29 31 0.700
894 411 11 13 0.692
362 517 17 21 0.689
340 461 13 16 0.684
719 401 10 13 0.663
696 421 11 13 0.634
868 420 12 12 0.621
205 602 26 31 0.612
643 462 18 20 0.602
144 647 22 28 0.559
474 510 18 20 0.549
656 389 9 10 0.537
27 412 10 10 0.529
115 406 7 9 0.526
313 419 11 13 0.512
553 400 10 13 0.508
838 380 9 10 0.496
628 396 8 10 0.493
239 549 22 25 0.476
639 412 9 11 0.457
489 466 13 16 0.455
902 391 9 10 0.452
560 492 19 25 0.446
486 626 25 28 0.437
345 361 7 9 0.420
156 406 8 9 0.402
995 526 16 19 0.394
256 361 7 7 0.376
445 378 8 9 0.373
296 521 14 18 0.367
495 387 8 9 0.357
302 373 6 7 0.356
293 411 11 12 0.332
921 398 8 10 0.325
589 392 8 8 0.313
962 419 8 9 0.306
403 391 8 9 0.291
523 390 7 9 0.291
916 411 10 11 0.285
100 412 7 9 0.281
867 384 7 8 0.275
351 620 24 26 0.243
287 529 20 20 0.239
1015 370 8 9 0.236
340 420 10 15 0.235
155 402 7 9 0.230
979 406 8 10 0.225
615 506 16 18 0.225
919 400 10 11 0.220
434 421 10 12 0.213
282 532 19 20 0.207
930 410 8 9 0.181
421 366 7 8 0.179
961 390 8 9 0.173
189 403 8 10 0.171
185 367 6 6 0.164
132 408 7 8 0.159
33 368 6 8 0.141
471 390 8 10 0.140
409 468 14 15 0.131
241 366 7 8 0.128
50 394 6 8 0.127
451 458 14 15 0.127
500 625 24 27 0.117
561 564 18 19 0.117
494 409 11 11 0.116
215 368 6 6 0.113
643 468 19 20 0.113
394 499 11 13 0.111
436 436 12 14 0.109
455 462 14 17 0.108
315 417 11 13 0.104
15 420 9 9 0.103
735 392 9 11 0.102
862 464 12 13 0.099
534 494 16 20 0.098
867 414 44 13 0.096
703 393 9 10 0.092
453 509 12 14 0.089
159 410 6 7 0.089
351 433 11 13 0.088
554 484 23 22 0.086
400 540 20 23 0.083
412 430 13 14 0.080
98 411 7 8 0.080
246 556 18 21 0.079
213 370 7 8 0.078
588 406 9 11 0.078
459 472 14 21 0.077
297 515 14 18 0.076
241 371 7 7 0.076
336 396 9 10 0.075
497 402 9 15 0.070
1 417 6 9 0.067
909 370 7 9 0.067
991 529 14 21 0.067
461 399 11 13 0.066
462 404 10 12 0.065
434 423 12 16 0.064
585 402 10 11 0.062
235 390 6 7 0.061
132 366 6 6 0.061
320 393 10 10 0.059
232 548 20 23 0.059
545 480 19 24 0.057
290 515 17 18 0.057
393 646 29 30 0.056
982 362 7 8 0.055
270 388 6 8 0.055
101 415 8 9 0.055
339 426 10 13 0.054
186 404 8 9 0.054
182 366 11 7 0.054
637 477 19 19 0.052
909 726 25 28 0.052
471 391 11 15 0.051
447 375 6 8 0.051
451 509 20 17 0.051
49 396 6 9 0.050
492 512 14 15 0.049
356 624 27 24 0.049
188 393 7 8 0.049
748 562 27 29 0.049
934 446 9 11 0.047
398 465 14 15 0.047
349 611 22 28 0.047
684 398 9 11 0.047
406 426 12 14 0.046
285 401 10 12 0.046
611 508 15 17 0.044
982 407 8 10 0.044
411 471 14 16 0.044
873 421 13 14 0.044
677 400 16 11 0.043
678 405 9 10 0.042
271 386 6 8 0.042
395 526 16 18 0.042
417 435 21 13 0.041
442 378 8 16 0.040
279 523 18 22 0.039
439 421 11 14 0.039
836 379 18 14 0.039
393 533 24 28 0.038
454 453 13 16 0.038
612 502 14 17 0.037
961 414 12 15 0.037
488 499 16 32 0.037
565 411 12 11 0.037
411 464 16 17 0.035
110 360 5 7 0.034
410 399 11 10 0.034
316 398 10 12 0.034
435 439 12 16 0.034
736 458 12 13 0.033
148 639 19 26 0.033
342 423 14 16 0.033
950 448 10 12 0.032
418 423 32 14 0.032
132 410 12 9 0.032
436 397 8 8 0.031
615 499 14 14 0.031
305 373 6 8 0.031
554 503 19 21 0.030
563 486 18 23 0.030
318 393 15 16 0.029
176 365 6 7 0.029
214 365 10 15 0.029
404 432 13 15 0.029
965 391 11 8 0.029
917 377 9 9 0.028
482 512 20 19 0.028
391 527 15 19 0.026
344 370 8 14 0.026
481 618 24 27 0.026
352 604 23 24 0.026
494 377 7 24 0.025
395 464 12 14 0.025
336 464 14 17 0.025
663 400 25 12 0.025
622 357 7 8 0.025
243 362 9 6 0.025
907 370 12 13 0.024
364 618 31 29 0.024
192 390 12 15 0.024
387 535 16 20 0.024
621 510 21 20 0.024
630 424 10 11 0.024
552 463 17 13 0.023
615 511 17 21 0.023
642 407 22 15 0.023
495 435 10 12 0.023
1001 531 20 22 0.023
696 392 16 9 0.023
526 374 7 10 0.022
869 371 7 8 0.022
281 515 22 20 0.022
484 462 13 16 0.022
489 389 15 30 0.022
951 409 9 9 0.022
587 390 11 15 0.021
812 370 7 8 0.021
507 409 11 11 0.020
419 400 18 8 0.020
1014 390 9 12 0.020
