12_Group_Team_Organized_Group_12_Group_Team_Organized_Group_12_779
62
483 149 44 56 0.859
225 166 65 74 0.856
389 172 59 74 0.850
25 118 66 86 0.831
610 176 47 53 0.824
709 168 43 48 0.815
742 247 46 59 0.783
908 186 37 59 0.769
868 217 23 28 0.768
760 177 23 29 0.763
809 171 17 24 0.759
94 145 25 29 0.756
984 229 26 27 0.753
346 211 24 28 0.735
874 183 21 24 0.688
291 146 24 28 0.680
148 141 14 17 0.636
116 132 16 18 0.578
848 186 18 21 0.529
196 130 24 33 0.421
318 171 13 15 0.333
351 166 10 12 0.273
743 286 42 60 0.191
989 298 34 71 0.183
338 177 11 13 0.181
618 128 29 33 0.179
193 135 19 25 0.125
107 136 22 26 0.125
147 176 17 19 0.121
550 208 15 18 0.108
341 181 13 14 0.095
198 130 36 46 0.094
678 217 17 22 0.093
134 160 15 19 0.092
139 142 18 30 0.083
345 165 16 20 0.080
87 141 35 44 0.063
861 276 27 31 0.056
374 181 11 15 0.052
767 180 29 24 0.052
2 137 21 40 0.051
351 168 17 13 0.051
562 407 65 61 0.050
203 118 48 56 0.047
605 378 81 87 0.041
727 159 28 40 0.040
737 161 19 26 0.039
308 171 55 18 0.039
0 140 15 58 0.038
203 137 41 50 0.037
760 274 42 73 0.029
200 125 20 26 0.029
853 182 14 19 0.028
373 173 17 25 0.026
854 286 35 49 0.026
526 155 14 24 0.025
293 158 18 24 0.023
198 110 40 47 0.022
0 154 11 46 0.022
783 184 14 18 0.022
888 206 18 27 0.021
146 138 19 27 0.020
