12_Group_Large_Group_12_Group_Large_Group_12_165
87
445 210 23 27 0.699
904 253 22 30 0.671
570 204 22 28 0.670
231 247 22 25 0.666
315 194 14 16 0.663
403 227 19 31 0.654
943 311 26 38 0.644
641 189 21 26 0.619
258 199 14 17 0.619
347 344 22 33 0.609
495 219 19 27 0.569
763 211 23 29 0.550
773 318 25 45 0.524
705 262 17 25 0.471
261 228 18 22 0.460
339 257 24 27 0.439
569 234 20 30 0.433
743 257 19 27 0.430
280 251 22 28 0.371
283 296 22 27 0.346
727 230 18 26 0.303
513 216 15 21 0.302
491 281 19 30 0.284
817 284 23 32 0.284
354 255 19 25 0.264
884 232 19 26 0.261
473 300 21 32 0.257
991 283 31 42 0.242
284 247 25 28 0.228
548 209 18 23 0.206
609 194 16 20 0.200
806 254 20 28 0.193
237 217 18 21 0.178
298 247 23 28 0.164
744 290 21 31 0.158
302 256 21 29 0.146
276 257 19 23 0.139
63 111 11 14 0.133
873 261 18 26 0.115
365 236 19 26 0.114
683 242 16 25 0.114
810 251 21 48 0.113
864 231 18 23 0.108
939 337 19 30 0.108
357 241 21 35 0.108
830 252 21 26 0.105
481 289 24 35 0.105
866 323 25 35 0.103
280 288 21 25 0.100
272 309 23 33 0.098
460 243 18 24 0.094
692 254 32 29 0.092
885 225 15 22 0.086
443 183 19 23 0.083
334 260 21 28 0.073
290 278 21 38 0.061
575 236 21 28 0.060
612 218 17 24 0.058
812 279 21 29 0.055
267 314 21 30 0.051
419 247 19 29 0.046
339 346 22 29 0.044
610 201 16 26 0.044
435 187 19 21 0.043
447 176 19 45 0.034
686 249 27 27 0.033
639 257 18 28 0.032
859 229 18 22 0.032
640 236 15 24 0.029
449 184 17 21 0.029
773 309 24 38 0.028
346 219 16 20 0.027
584 306 24 34 0.027
306 266 19 24 0.026
431 192 14 17 0.025
275 290 21 28 0.024
946 280 25 28 0.024
703 242 18 28 0.024
837 253 17 22 0.024
766 219 21 28 0.023
508 221 20 23 0.023
605 198 14 20 0.023
266 235 20 28 0.023
1001 290 23 44 0.021
998 318 26 46 0.021
398 116 10 11 0.021
681 249 17 25 0.020
