12_Group_Large_Group_12_Group_Large_Group_12_9
114
272 323 19 25 0.855
594 469 25 30 0.839
404 463 26 32 0.836
107 462 25 31 0.825
652 457 24 30 0.821
456 405 23 32 0.820
573 417 23 30 0.816
514 332 23 29 0.815
229 352 20 27 0.814
691 369 20 25 0.811
781 462 27 32 0.810
692 242 17 21 0.809
462 458 27 34 0.808
520 415 21 28 0.807
115 423 21 27 0.805
190 341 21 27 0.803
641 325 20 25 0.799
352 253 18 23 0.798
191 425 23 28 0.797
255 304 18 24 0.797
312 348 20 27 0.796
964 472 25 29 0.793
880 461 22 26 0.792
717 282 20 25 0.789
190 473 22 26 0.787
370 354 22 27 0.782
535 257 18 23 0.781
242 441 21 28 0.779
795 349 21 25 0.777
720 467 23 29 0.775
537 209 18 22 0.770
340 404 24 27 0.766
597 297 21 26 0.763
436 239 19 22 0.762
328 473 22 28 0.761
856 412 21 25 0.760
449 346 22 25 0.760
270 453 25 31 0.756
760 211 15 19 0.756
744 347 20 24 0.755
326 323 18 25 0.748
476 263 18 23 0.743
635 358 20 24 0.743
651 292 18 22 0.742
362 303 21 25 0.737
725 221 16 19 0.733
449 305 19 23 0.720
672 430 23 29 0.709
580 352 22 27 0.706
368 333 20 24 0.704
287 292 18 22 0.703
804 445 21 25 0.700
382 400 25 30 0.698
607 273 19 24 0.679
624 433 22 28 0.679
611 244 15 22 0.671
281 252 17 21 0.657
699 328 19 24 0.643
554 349 20 27 0.596
879 423 20 24 0.586
509 453 22 29 0.574
419 297 22 26 0.539
603 218 17 23 0.481
401 223 18 22 0.400
1007 445 16 29 0.397
708 446 23 27 0.350
51 433 22 25 0.316
721 320 20 24 0.253
318 330 20 44 0.240
459 229 16 22 0.215
495 219 17 21 0.194
521 310 17 24 0.179
321 292 18 24 0.152
379 264 17 23 0.151
427 262 17 20 0.148
518 318 20 30 0.127
1013 472 10 28 0.099
253 244 11 16 0.094
774 267 20 23 0.092
457 299 22 26 0.092
631 215 17 23 0.091
661 271 16 21 0.088
442 238 28 20 0.084
30 388 16 20 0.081
571 272 18 25 0.075
725 255 17 20 0.074
46 436 19 25 0.063
362 316 19 26 0.062
764 453 22 26 0.056
767 265 20 26 0.055
466 295 18 24 0.053
387 269 19 24 0.049
58 431 19 24 0.046
1010 430 13 26 0.039
456 208 13 17 0.038
706 326 22 25 0.036
755 452 22 28 0.036
517 457 25 28 0.034
326 288 19 24 0.032
312 261 16 21 0.032
780 274 19 20 0.031
576 359 22 26 0.029
752 237 14 18 0.028
377 397 22 29 0.026
578 311 17 23 0.026
305 265 20 24 0.025
633 217 18 34 0.024
573 261 19 22 0.023
33 390 18 24 0.022
884 426 23 27 0.022
296 280 19 22 0.022
47 416 22 35 0.021
0 470 9 26 0.021
588 303 20 26 0.020
