12_Group_Team_Organized_Group_12_Group_Team_Organized_Group_12_681
83
377 274 17 21 0.829
485 290 18 23 0.825
543 289 18 25 0.818
359 284 17 21 0.815
448 292 18 23 0.811
188 283 19 25 0.803
601 261 16 20 0.799
315 276 18 22 0.797
528 278 17 20 0.793
662 295 18 23 0.793
569 263 16 19 0.791
392 254 16 22 0.790
958 278 20 27 0.789
346 264 17 21 0.788
623 280 19 24 0.784
525 261 16 19 0.783
892 274 17 22 0.782
160 270 16 23 0.780
464 269 16 21 0.780
287 276 17 23 0.779
42 277 18 22 0.779
414 292 16 21 0.778
909 287 19 24 0.777
932 281 16 21 0.773
656 273 17 22 0.771
329 256 14 19 0.771
480 256 16 19 0.769
819 263 18 23 0.768
712 284 17 22 0.766
96 259 17 23 0.764
674 256 16 22 0.760
266 275 16 21 0.758
501 259 16 20 0.757
235 264 16 20 0.754
413 269 17 21 0.753
753 262 17 21 0.751
850 283 18 24 0.747
250 285 17 21 0.745
777 282 20 27 0.743
800 256 16 22 0.741
589 289 18 22 0.736
441 261 15 19 0.735
728 271 16 23 0.731
211 258 18 21 0.704
129 272 18 23 0.684
742 276 18 23 0.681
630 263 16 19 0.664
836 276 15 22 0.648
275 255 15 20 0.636
583 275 16 20 0.595
805 290 15 20 0.592
792 269 18 21 0.563
197 261 16 20 0.293
248 284 32 21 0.288
202 259 23 23 0.263
838 281 30 23 0.259
414 273 17 37 0.235
276 258 19 22 0.174
747 261 21 31 0.174
267 276 43 22 0.173
222 261 31 23 0.171
797 261 46 26 0.155
735 272 34 25 0.150
508 262 37 22 0.136
815 262 29 36 0.132
712 280 41 25 0.117
380 255 27 39 0.114
726 281 16 22 0.090
234 257 18 20 0.089
622 279 56 33 0.084
213 248 15 16 0.080
543 269 61 53 0.079
326 272 55 33 0.074
443 284 61 30 0.069
69 251 15 17 0.060
754 260 29 25 0.051
64 250 14 16 0.050
120 265 17 22 0.049
199 258 16 18 0.046
192 275 19 25 0.043
441 261 29 23 0.042
38 220 7 8 0.029
270 252 14 16 0.028
