12_Group_Group_12_Group_Group_12_107
59
298 208 19 23 0.840
867 160 19 24 0.837
191 124 18 23 0.833
372 136 15 20 0.826
716 208 18 21 0.826
412 104 15 19 0.818
114 168 19 21 0.816
206 167 16 19 0.813
598 213 17 21 0.812
322 105 16 18 0.812
818 164 18 21 0.810
534 204 19 23 0.810
925 115 23 25 0.810
474 205 18 23 0.809
857 126 20 24 0.805
804 131 19 22 0.802
751 129 16 21 0.802
916 161 21 23 0.800
629 163 15 19 0.800
366 106 15 19 0.799
416 210 18 21 0.797
777 168 18 21 0.795
252 167 16 19 0.795
510 130 16 20 0.794
458 96 16 19 0.793
364 208 18 24 0.792
295 133 14 18 0.792
701 135 17 21 0.790
608 130 14 19 0.789
562 127 15 18 0.789
656 136 17 20 0.789
655 211 17 20 0.787
404 169 16 19 0.782
578 162 16 20 0.782
502 110 15 19 0.779
158 173 19 22 0.779
69 158 20 24 0.775
727 164 18 21 0.775
337 139 14 18 0.774
532 169 15 18 0.770
675 165 15 19 0.769
306 172 18 20 0.769
492 177 16 19 0.765
451 173 16 19 0.762
357 175 16 18 0.754
416 146 16 22 0.751
131 135 19 22 0.749
610 105 15 17 0.747
252 143 16 18 0.739
562 101 13 17 0.734
461 144 14 16 0.730
248 222 19 20 0.723
609 102 14 35 0.290
458 140 14 44 0.180
267 214 16 18 0.060
25 160 9 9 0.048
23 160 8 9 0.036
257 213 20 22 0.030
19 156 7 8 0.023
