12_Group_Group_12_Group_Group_12_145
24
378 266 27 34 0.873
415 264 28 36 0.863
260 282 29 36 0.860
756 275 28 36 0.860
305 258 26 33 0.854
345 295 27 36 0.853
216 269 29 36 0.847
462 248 29 39 0.841
137 266 32 42 0.839
588 269 26 36 0.839
106 256 31 37 0.832
559 270 27 34 0.829
892 261 36 44 0.824
626 265 29 40 0.821
701 275 28 35 0.812
795 281 32 37 0.808
676 264 25 33 0.796
498 278 27 35 0.738
197 138 10 11 0.080
2 165 8 12 0.079
42 159 8 9 0.038
25 191 10 11 0.029
4 167 10 11 0.028
37 172 8 10 0.021
