12_Group_Large_Group_12_Group_Large_Group_12_945
37
228 283 23 30 0.743
501 288 18 23 0.704
707 294 18 23 0.601
438 272 19 22 0.539
565 280 17 21 0.500
528 291 13 15 0.385
145 262 24 30 0.355
661 288 19 23 0.327
149 260 33 34 0.244
768 313 23 24 0.240
270 297 18 20 0.197
792 319 22 21 0.188
566 294 17 23 0.175
161 252 30 44 0.175
725 312 17 20 0.157
463 288 14 18 0.153
442 276 22 23 0.152
667 292 16 21 0.137
305 233 24 28 0.099
165 270 25 33 0.097
596 304 16 18 0.079
622 336 15 17 0.064
579 317 16 19 0.061
801 320 16 19 0.059
526 294 13 17 0.058
171 248 25 37 0.055
577 308 27 22 0.050
653 284 20 25 0.049
157 242 31 40 0.046
581 301 33 21 0.040
425 275 17 22 0.039
779 319 23 21 0.034
466 284 15 19 0.033
580 297 17 20 0.031
397 261 17 23 0.029
549 298 14 18 0.021
437 279 19 24 0.020
