12_Group_Group_12_Group_Group_12_250
37
581 164 30 36 0.871
722 190 35 41 0.868
672 84 32 40 0.868
478 111 30 39 0.865
602 88 31 40 0.863
641 176 33 41 0.863
183 222 33 43 0.863
356 118 31 39 0.858
829 206 30 38 0.858
106 92 29 36 0.857
922 218 36 45 0.856
787 235 32 42 0.855
142 148 33 40 0.855
520 181 33 44 0.855
773 182 29 34 0.851
381 91 24 33 0.847
57 141 30 39 0.847
285 65 27 37 0.847
387 204 33 41 0.847
430 236 34 43 0.847
678 231 32 41 0.840
547 246 33 43 0.840
683 167 32 38 0.839
773 102 32 38 0.838
216 74 27 33 0.834
540 71 30 38 0.832
170 103 28 34 0.832
261 119 30 36 0.830
501 60 29 38 0.828
729 83 33 43 0.825
290 235 34 43 0.824
253 162 33 42 0.822
569 126 29 35 0.809
632 83 25 32 0.800
403 72 30 35 0.785
312 67 25 34 0.778
462 85 29 34 0.772
