12_Group_Team_Organized_Group_12_Group_Team_Organized_Group_12_257
33
644 235 15 18 0.774
854 278 16 19 0.735
615 216 14 17 0.726
532 171 14 18 0.714
447 286 14 18 0.709
221 253 12 15 0.697
659 183 13 16 0.682
765 193 12 15 0.677
271 265 12 15 0.626
901 209 12 16 0.616
826 207 14 17 0.611
800 219 14 17 0.603
627 197 12 13 0.478
539 272 15 19 0.416
744 245 13 16 0.409
209 287 13 13 0.380
524 344 14 16 0.367
313 318 13 17 0.317
323 304 12 15 0.161
317 311 14 19 0.151
237 315 16 20 0.116
253 324 15 17 0.083
534 274 14 18 0.074
245 322 15 18 0.072
265 323 11 16 0.066
268 190 9 9 0.061
214 290 14 16 0.058
234 312 14 18 0.046
620 207 15 20 0.043
221 294 14 17 0.040
146 8 9 10 0.037
545 276 14 17 0.032
745 249 13 15 0.026
