12_Group_Team_Organized_Group_12_Group_Team_Organized_Group_12_204
46
0 171 153 198 0.876
281 232 92 112 0.844
519 272 17 21 0.790
988 287 21 27 0.706
947 282 20 24 0.638
596 286 12 14 0.599
488 279 15 19 0.582
622 278 11 13 0.580
885 276 10 11 0.552
580 285 12 14 0.500
454 281 18 21 0.463
902 282 9 11 0.444
647 281 10 12 0.438
665 288 10 11 0.437
971 272 13 14 0.430
562 277 12 15 0.414
936 275 13 16 0.349
672 274 9 11 0.349
874 277 9 10 0.279
939 275 25 27 0.263
878 275 12 12 0.179
483 284 14 17 0.171
892 278 18 12 0.158
669 280 10 18 0.141
873 289 10 11 0.140
572 282 22 15 0.123
1004 274 14 18 0.115
645 282 19 13 0.103
687 287 10 10 0.102
910 282 11 12 0.081
947 267 19 20 0.080
976 272 18 15 0.077
879 275 20 13 0.072
549 279 14 16 0.069
901 278 9 10 0.069
913 281 21 12 0.066
920 283 10 11 0.065
650 278 9 10 0.058
645 278 11 10 0.049
984 273 12 13 0.044
236 273 41 52 0.039
1009 273 12 18 0.039
731 275 7 7 0.033
867 287 10 11 0.031
431 261 28 41 0.029
883 277 41 13 0.028
