12_Group_Group_12_Group_Group_12_173
30
902 318 20 29 0.743
956 324 17 23 0.731
398 190 19 26 0.718
689 341 18 28 0.649
433 386 20 29 0.648
154 335 16 25 0.547
711 305 18 21 0.512
977 350 15 22 0.467
568 303 16 20 0.417
260 324 16 23 0.411
465 342 17 26 0.243
581 331 22 28 0.181
982 342 18 26 0.130
987 340 18 24 0.111
731 325 15 21 0.103
669 326 16 22 0.058
806 359 17 24 0.055
637 342 16 22 0.050
995 339 16 22 0.040
765 329 14 21 0.039
978 342 15 22 0.038
678 332 22 26 0.037
721 314 17 22 0.033
346 353 15 27 0.033
738 327 16 19 0.028
575 325 20 29 0.025
711 345 13 21 0.024
691 331 16 23 0.022
348 354 26 25 0.021
799 357 16 23 0.020
