12_Group_Group_12_Group_Group_12_76
25
465 330 31 38 0.875
540 305 38 45 0.871
588 314 30 36 0.869
169 343 38 48 0.867
669 297 30 36 0.861
752 320 37 51 0.859
524 358 34 47 0.854
348 305 32 37 0.854
613 348 38 48 0.852
74 359 41 52 0.852
714 305 35 44 0.850
821 330 45 58 0.847
380 326 31 39 0.844
497 302 30 38 0.844
429 314 29 41 0.841
309 346 33 43 0.841
269 351 37 44 0.839
409 359 30 38 0.831
457 289 29 36 0.825
644 321 29 40 0.821
619 308 25 33 0.790
524 287 24 33 0.724
327 321 23 32 0.365
325 316 35 42 0.023
604 305 38 44 0.020
