12_Group_Large_Group_12_Group_Large_Group_12_548
115
632 160 50 59 0.855
575 378 53 63 0.849
456 118 45 53 0.848
450 585 59 71 0.843
957 108 53 62 0.843
189 406 50 61 0.841
206 184 51 62 0.838
879 518 54 64 0.836
800 639 62 67 0.831
984 487 40 65 0.827
291 244 48 56 0.827
57 461 53 63 0.824
459 406 55 63 0.823
870 147 43 55 0.823
936 417 48 61 0.820
499 5 42 51 0.820
792 463 56 68 0.819
519 570 58 66 0.818
600 538 57 61 0.816
249 67 46 54 0.813
962 210 44 51 0.812
101 620 63 68 0.811
0 55 25 53 0.811
752 566 51 67 0.810
323 397 51 60 0.809
415 196 47 59 0.809
46 72 41 51 0.808
639 388 45 51 0.805
778 276 43 54 0.793
433 359 49 59 0.791
211 536 54 63 0.790
659 271 47 55 0.784
771 74 45 54 0.779
689 133 41 50 0.779
18 140 41 53 0.778
6 667 53 39 0.775
55 571 49 55 0.771
107 272 39 53 0.766
855 331 46 55 0.764
666 667 56 39 0.757
890 231 44 52 0.747
781 339 39 55 0.731
688 314 47 59 0.727
165 368 49 58 0.721
263 116 36 46 0.714
382 150 39 50 0.709
810 159 41 45 0.706
545 317 41 52 0.669
715 524 44 57 0.645
448 313 43 51 0.638
184 607 40 50 0.635
737 84 36 44 0.625
184 163 40 50 0.592
604 64 39 51 0.579
891 80 47 45 0.550
1007 631 17 70 0.538
271 199 41 48 0.513
526 243 42 52 0.512
904 61 47 51 0.485
370 0 44 42 0.475
114 122 38 49 0.459
314 62 40 47 0.451
0 231 14 55 0.399
682 89 42 48 0.385
29 0 46 36 0.384
555 136 44 55 0.347
0 465 16 41 0.326
545 292 48 60 0.256
1002 39 21 53 0.220
172 88 42 49 0.217
572 0 46 43 0.155
961 305 37 47 0.135
324 58 45 51 0.117
95 128 44 53 0.089
683 103 44 53 0.088
153 89 41 48 0.079
1 242 10 72 0.072
669 297 60 63 0.070
174 150 46 55 0.065
382 0 56 49 0.061
398 444 35 46 0.060
640 77 36 48 0.057
518 237 40 48 0.056
2 467 21 51 0.050
771 45 42 47 0.048
501 228 44 54 0.048
951 298 39 48 0.048
1 158 16 42 0.046
1011 57 13 50 0.045
623 0 51 39 0.043
539 124 48 61 0.042
149 134 41 45 0.041
556 320 49 50 0.041
726 84 37 50 0.040
350 0 37 27 0.040
573 327 40 45 0.040
806 172 46 48 0.039
896 41 51 59 0.037
870 301 49 54 0.036
162 142 44 53 0.034
441 0 52 54 0.034
458 326 45 58 0.031
956 322 38 38 0.029
762 333 47 56 0.028
687 528 66 67 0.028
149 87 28 36 0.027
915 45 42 53 0.026
0 418 17 61 0.025
555 288 50 52 0.025
882 295 46 50 0.025
523 82 42 52 0.023
413 0 67 47 0.023
0 248 12 30 0.022
762 33 33 38 0.021
558 120 47 57 0.021
