12_Group_Large_Group_12_Group_Large_Group_12_71
67
231 331 31 39 0.827
335 310 29 33 0.787
512 328 33 39 0.773
151 341 28 34 0.723
437 292 21 24 0.709
757 228 17 21 0.693
936 298 20 24 0.685
550 274 16 21 0.673
656 268 16 21 0.642
710 286 23 36 0.632
424 276 14 17 0.618
600 275 13 19 0.590
754 292 24 30 0.559
792 279 15 20 0.536
918 339 24 26 0.500
189 265 14 18 0.489
480 263 14 16 0.449
850 295 18 27 0.442
271 266 12 16 0.373
308 263 11 13 0.360
206 241 12 15 0.359
264 280 17 27 0.352
449 269 15 16 0.350
460 331 22 36 0.330
202 243 12 17 0.281
518 270 15 17 0.272
584 260 11 13 0.238
428 280 22 24 0.219
268 269 14 22 0.192
311 265 11 12 0.187
641 281 14 19 0.179
365 275 12 16 0.171
968 317 20 28 0.140
381 276 15 17 0.115
556 267 13 20 0.082
963 316 18 27 0.074
780 281 16 22 0.066
752 286 22 24 0.065
529 266 14 19 0.062
418 278 13 16 0.060
246 255 9 11 0.057
199 276 12 17 0.049
716 283 19 30 0.049
276 230 9 10 0.045
492 270 18 15 0.040
386 279 13 15 0.039
175 297 17 23 0.037
459 273 16 20 0.036
445 310 24 36 0.034
258 280 18 27 0.032
464 277 16 18 0.031
311 284 13 19 0.029
382 282 16 17 0.029
499 271 15 18 0.026
478 258 13 17 0.026
900 350 18 22 0.025
744 287 22 22 0.025
415 274 12 12 0.024
926 337 21 24 0.024
361 270 14 17 0.024
482 284 21 22 0.024
485 272 16 28 0.023
413 285 12 14 0.023
286 279 13 18 0.022
819 298 16 21 0.021
427 296 28 28 0.020
479 261 20 23 0.020
