12_Group_Group_12_Group_Group_12_239
42
811 244 30 37 0.871
756 499 31 37 0.861
658 490 30 34 0.843
610 326 25 32 0.840
557 241 25 30 0.839
554 320 25 31 0.838
659 318 24 30 0.835
832 483 32 37 0.833
565 487 30 34 0.832
478 499 29 33 0.830
78 388 33 38 0.830
263 248 28 33 0.830
330 224 25 32 0.830
386 384 27 33 0.829
819 352 29 36 0.828
909 335 39 44 0.827
187 315 25 32 0.826
564 378 26 32 0.825
618 374 27 33 0.824
497 347 29 34 0.821
631 225 25 32 0.821
399 502 28 31 0.820
357 310 25 32 0.820
179 351 28 34 0.820
476 223 25 32 0.819
176 463 29 32 0.819
266 491 28 31 0.815
266 377 27 30 0.814
741 378 27 32 0.811
780 329 25 29 0.807
433 369 27 33 0.807
274 309 25 26 0.806
331 371 26 30 0.805
721 325 25 28 0.801
717 214 24 31 0.795
490 314 24 29 0.794
424 307 26 30 0.781
332 488 26 27 0.773
399 232 25 30 0.765
678 382 26 34 0.737
498 471 25 28 0.021
495 221 26 32 0.020
