12_Group_Large_Group_12_Group_Large_Group_12_272
28
837 120 31 41 0.874
705 191 42 53 0.870
188 115 40 51 0.863
921 17 39 51 0.861
358 98 34 42 0.859
576 221 38 47 0.855
150 192 43 56 0.855
738 103 33 40 0.851
439 99 36 45 0.850
638 102 36 44 0.849
264 102 33 39 0.849
491 240 40 52 0.849
630 284 39 48 0.848
402 202 43 54 0.848
340 302 49 57 0.845
294 215 38 52 0.843
176 318 48 52 0.839
533 93 35 41 0.836
80 105 40 48 0.827
707 296 31 40 0.796
772 25 8 9 0.304
786 22 8 9 0.274
779 23 14 9 0.115
811 29 7 8 0.106
746 31 8 8 0.102
733 32 9 8 0.062
812 28 10 10 0.043
826 36 7 8 0.035
