12_Group_Group_12_Group_Group_12_452
36
547 463 45 53 0.896
616 448 36 49 0.881
63 372 28 36 0.856
747 111 44 54 0.853
314 66 54 66 0.851
43 93 29 40 0.847
140 37 54 69 0.847
403 110 76 92 0.845
678 469 32 40 0.840
175 434 27 33 0.837
268 437 37 47 0.836
867 496 25 30 0.832
905 54 53 67 0.829
374 428 40 52 0.822
578 74 53 74 0.816
726 487 28 38 0.811
812 486 28 33 0.810
499 61 39 62 0.809
426 574 26 30 0.801
160 495 22 26 0.795
769 486 23 30 0.790
974 582 22 24 0.786
933 550 26 30 0.779
445 517 31 35 0.713
746 505 22 30 0.685
0 372 5 36 0.349
381 69 41 50 0.208
390 61 42 51 0.150
0 366 9 41 0.103
891 534 20 28 0.099
604 122 31 43 0.066
375 77 37 51 0.061
460 519 26 31 0.043
385 77 51 62 0.033
0 358 7 37 0.027
362 70 43 48 0.025
