12_Group_Large_Group_12_Group_Large_Group_12_285
99
191 426 19 24 0.820
214 474 20 24 0.819
418 360 18 23 0.817
792 364 18 24 0.817
741 369 19 23 0.816
571 429 19 24 0.815
39 456 20 24 0.814
103 444 20 24 0.813
242 365 19 22 0.812
547 389 19 23 0.812
500 438 18 21 0.810
371 363 19 24 0.809
166 384 18 22 0.805
415 335 18 22 0.805
318 411 20 25 0.804
127 354 18 23 0.802
200 348 19 23 0.800
609 447 20 24 0.797
790 426 20 25 0.797
811 340 20 24 0.794
689 405 19 24 0.794
489 347 17 22 0.794
678 360 17 23 0.791
706 422 18 24 0.791
745 420 20 25 0.791
144 457 19 23 0.790
284 371 18 22 0.790
533 437 19 23 0.790
338 455 20 23 0.789
895 344 19 22 0.787
437 472 20 24 0.783
77 383 18 22 0.782
675 336 18 20 0.780
669 422 20 23 0.779
775 356 17 22 0.779
371 338 17 19 0.777
471 439 19 25 0.776
589 477 22 24 0.773
415 433 18 24 0.772
462 411 19 21 0.770
708 345 16 20 0.768
267 342 17 21 0.768
721 363 17 20 0.765
540 485 23 27 0.765
554 361 17 21 0.760
302 363 16 21 0.760
647 369 17 20 0.758
777 326 16 19 0.756
280 474 19 23 0.750
938 356 23 25 0.744
394 465 20 23 0.740
568 345 15 20 0.727
500 414 16 20 0.725
329 335 16 19 0.724
606 362 17 19 0.724
644 321 17 20 0.722
836 432 18 21 0.720
556 330 16 20 0.712
474 329 16 19 0.691
327 309 15 17 0.683
739 348 15 18 0.669
654 348 16 20 0.667
876 347 17 22 0.645
447 346 18 21 0.630
847 351 21 20 0.587
308 343 16 18 0.561
337 363 16 20 0.500
506 345 15 18 0.479
606 336 15 20 0.469
528 357 14 20 0.461
456 348 18 20 0.454
936 342 21 24 0.396
556 444 15 20 0.395
626 366 14 17 0.336
136 438 18 23 0.288
536 335 16 19 0.217
138 446 21 26 0.197
494 346 24 21 0.195
871 343 44 24 0.185
672 414 29 27 0.166
409 433 18 23 0.149
508 345 23 23 0.142
404 434 14 19 0.133
717 365 48 22 0.127
321 365 16 19 0.127
465 329 28 25 0.119
440 499 23 25 0.116
838 349 16 21 0.116
697 367 14 18 0.115
404 339 68 20 0.079
615 345 15 20 0.064
435 267 13 15 0.056
532 376 14 19 0.043
530 368 16 22 0.036
521 345 24 23 0.036
628 371 15 16 0.035
429 355 21 21 0.030
548 441 19 21 0.026
439 481 22 31 0.020
