12_Group_Team_Organized_Group_12_Group_Team_Organized_Group_12_369
28
287 172 32 43 0.872
928 99 29 36 0.870
75 86 29 37 0.859
826 178 31 39 0.858
345 103 28 33 0.856
200 173 31 37 0.849
254 80 29 35 0.848
383 82 26 33 0.841
156 74 28 36 0.840
718 169 32 41 0.840
414 208 29 39 0.839
534 114 26 34 0.838
82 201 33 40 0.838
740 102 27 35 0.837
508 161 30 39 0.836
389 246 28 32 0.834
693 90 26 32 0.833
830 95 29 37 0.832
608 90 24 31 0.826
299 84 25 32 0.825
800 86 25 34 0.825
643 121 26 35 0.824
901 95 26 33 0.821
587 171 28 38 0.812
449 105 25 33 0.806
447 84 25 30 0.795
626 209 30 40 0.793
526 87 25 28 0.784
