12_Group_Group_12_Group_Group_12_682
39
711 126 27 35 0.867
259 298 29 38 0.864
246 210 25 32 0.861
362 299 30 38 0.854
380 97 23 31 0.853
141 303 30 39 0.852
471 308 26 36 0.851
812 305 30 38 0.851
833 140 30 37 0.846
596 206 26 35 0.845
430 228 25 32 0.844
772 228 26 34 0.844
515 212 25 31 0.843
683 234 26 34 0.843
163 209 31 38 0.841
294 99 25 33 0.839
354 221 29 37 0.838
689 311 31 40 0.838
658 100 24 32 0.838
776 154 25 32 0.837
579 313 27 34 0.836
649 144 24 30 0.836
184 150 26 34 0.835
524 100 25 33 0.835
757 101 26 31 0.833
316 247 24 31 0.832
594 88 25 32 0.831
451 103 24 31 0.831
702 180 22 29 0.830
310 162 25 31 0.830
637 193 22 28 0.827
531 151 24 30 0.824
369 156 23 30 0.822
586 160 24 30 0.821
426 165 22 30 0.808
254 153 26 31 0.797
476 169 22 29 0.770
400 194 23 28 0.766
720 211 21 25 0.023
