12_Group_Team_Organized_Group_12_Group_Team_Organized_Group_12_413
26
213 213 46 51 0.814
587 251 58 90 0.796
687 185 23 30 0.787
759 193 16 23 0.765
24 176 15 18 0.743
384 166 15 17 0.740
951 174 12 15 0.720
996 160 13 16 0.709
292 167 14 17 0.688
563 162 14 17 0.683
231 174 14 17 0.679
900 182 12 14 0.499
365 165 9 12 0.398
836 464 43 33 0.213
549 171 11 12 0.074
0 181 7 15 0.058
477 238 10 11 0.055
769 179 12 14 0.050
991 163 12 14 0.047
495 238 10 11 0.046
459 246 9 10 0.042
835 471 53 41 0.032
1 189 9 15 0.027
586 171 9 9 0.027
491 237 11 11 0.023
767 182 14 18 0.021
