12_Group_Group_12_Group_Group_12_362
541
298 444 37 54 0.864
274 483 52 68 0.842
308 290 28 37 0.840
199 435 56 67 0.837
352 440 40 54 0.834
62 461 56 75 0.828
690 544 38 55 0.828
325 526 48 64 0.827
360 334 32 42 0.827
850 546 35 45 0.822
94 120 37 45 0.820
609 561 38 43 0.817
46 151 36 53 0.809
276 354 39 56 0.804
397 232 30 39 0.801
731 509 29 39 0.795
723 419 28 38 0.790
605 394 30 38 0.788
2 369 36 43 0.788
386 498 42 57 0.778
791 385 27 34 0.772
972 505 25 32 0.762
550 521 38 45 0.752
52 209 36 43 0.744
487 538 35 45 0.733
310 247 30 33 0.726
156 333 41 53 0.725
497 440 43 49 0.719
900 509 33 38 0.715
715 283 17 21 0.706
597 205 17 21 0.699
345 388 30 40 0.694
866 462 26 33 0.689
543 155 22 30 0.681
655 216 15 17 0.665
0 400 41 61 0.655
665 375 28 33 0.651
390 438 43 54 0.647
0 89 16 39 0.640
230 156 26 42 0.628
47 383 38 48 0.612
878 395 20 22 0.604
522 411 26 34 0.585
77 399 47 64 0.583
914 469 26 30 0.583
990 390 18 21 0.575
38 25 19 23 0.572
620 189 13 17 0.549
981 291 10 11 0.540
199 104 21 27 0.534
938 368 18 22 0.534
734 272 14 16 0.532
444 247 25 33 0.525
811 283 13 15 0.517
700 236 14 16 0.508
365 213 22 29 0.498
403 178 17 23 0.498
898 333 15 17 0.497
749 307 18 21 0.485
805 316 19 24 0.461
313 57 19 23 0.458
130 16 16 20 0.455
476 394 29 35 0.448
645 427 27 35 0.437
723 382 24 30 0.433
265 57 17 23 0.429
573 284 20 28 0.427
456 185 19 22 0.426
954 451 23 29 0.415
140 62 20 22 0.401
403 196 23 27 0.398
602 444 29 42 0.393
89 105 29 34 0.393
848 362 16 19 0.391
867 345 13 17 0.378
690 517 25 30 0.371
766 270 14 17 0.368
788 470 30 39 0.367
764 212 12 13 0.363
718 475 24 30 0.363
700 255 15 18 0.361
783 477 29 39 0.353
712 194 11 13 0.338
1014 332 10 13 0.330
901 549 31 40 0.328
797 460 29 39 0.327
952 290 12 13 0.322
825 392 19 23 0.318
725 169 9 12 0.305
262 145 22 27 0.305
839 266 10 13 0.301
749 240 12 14 0.299
344 121 17 22 0.298
780 299 18 19 0.298
678 168 11 12 0.295
162 178 26 33 0.291
712 208 12 15 0.290
755 185 10 11 0.285
922 468 27 30 0.283
640 178 12 13 0.278
799 352 21 27 0.270
653 187 14 18 0.262
241 255 28 30 0.260
638 156 10 12 0.260
50 95 30 33 0.258
780 284 17 19 0.257
881 314 12 16 0.254
819 249 11 12 0.253
483 125 13 15 0.251
862 237 9 12 0.250
754 324 19 23 0.247
665 154 9 12 0.241
463 505 33 40 0.230
915 500 29 39 0.225
656 244 16 18 0.222
990 324 11 14 0.219
588 511 33 47 0.219
975 341 13 16 0.218
882 430 21 27 0.218
931 481 28 33 0.216
639 308 20 25 0.214
391 126 17 21 0.213
189 43 16 24 0.211
560 229 17 21 0.210
784 249 12 14 0.204
922 495 27 37 0.204
809 265 12 15 0.201
126 33 15 18 0.199
1011 408 12 20 0.194
849 247 11 15 0.193
957 353 18 22 0.187
917 354 17 18 0.186
173 332 32 46 0.182
712 197 13 16 0.181
672 473 28 35 0.181
306 148 21 28 0.176
840 346 20 21 0.176
259 138 22 27 0.173
878 245 9 10 0.171
677 189 12 15 0.170
535 130 15 16 0.167
319 339 30 41 0.164
695 176 10 13 0.162
892 259 10 12 0.162
803 234 10 12 0.161
127 119 30 38 0.160
441 387 30 39 0.160
413 475 34 43 0.157
842 236 10 10 0.152
126 22 17 23 0.151
0 2 9 19 0.151
373 165 19 24 0.150
606 249 18 20 0.149
0 78 15 30 0.147
864 279 12 15 0.147
953 571 27 36 0.146
700 229 14 39 0.144
608 487 29 35 0.144
389 310 28 36 0.140
809 218 11 13 0.139
264 48 17 20 0.139
912 428 23 29 0.137
213 147 40 48 0.137
842 307 17 18 0.137
418 163 13 16 0.137
678 167 9 30 0.133
674 449 31 38 0.130
781 291 17 20 0.129
997 309 9 11 0.127
696 338 22 28 0.126
681 164 10 12 0.125
593 496 33 49 0.124
743 199 12 15 0.124
32 93 30 31 0.124
62 96 24 30 0.121
68 0 18 13 0.121
326 140 16 19 0.120
635 490 31 40 0.119
473 153 15 20 0.117
245 146 42 35 0.116
920 327 14 17 0.116
857 306 17 17 0.115
354 182 20 25 0.111
913 262 9 9 0.110
0 244 25 48 0.109
616 191 15 19 0.108
753 223 10 27 0.107
568 345 26 29 0.107
692 191 11 13 0.107
962 348 20 24 0.105
66 31 20 23 0.104
294 125 21 24 0.104
910 559 29 33 0.103
955 270 8 9 0.100
658 278 20 25 0.100
541 328 26 33 0.099
840 211 8 9 0.099
913 292 10 12 0.098
942 321 13 15 0.098
881 356 17 22 0.097
787 221 11 13 0.095
931 271 9 12 0.092
706 255 15 17 0.092
653 164 10 12 0.091
607 269 20 25 0.091
1012 337 11 18 0.090
348 186 21 26 0.090
604 188 13 16 0.090
896 312 13 15 0.089
696 421 23 33 0.089
23 50 15 19 0.089
1008 351 11 14 0.089
953 307 12 15 0.089
914 280 10 12 0.088
418 328 26 36 0.088
749 232 13 18 0.086
646 184 20 24 0.085
1013 274 9 12 0.085
601 474 30 55 0.085
397 81 15 18 0.084
204 32 18 20 0.084
876 329 14 16 0.084
802 327 17 21 0.083
319 83 15 16 0.083
705 210 14 20 0.082
944 447 23 27 0.082
877 296 13 13 0.081
909 308 14 16 0.081
89 78 22 26 0.081
995 395 20 22 0.080
1013 391 11 20 0.080
652 333 29 27 0.080
724 337 24 30 0.080
866 403 24 27 0.079
671 327 21 26 0.079
493 368 25 32 0.078
202 136 28 37 0.078
833 238 15 12 0.078
577 170 13 14 0.077
1009 330 14 18 0.077
643 182 19 19 0.076
875 246 11 15 0.076
877 307 17 27 0.075
783 491 30 39 0.075
619 168 13 18 0.075
584 454 27 35 0.074
854 309 16 20 0.074
210 30 19 21 0.073
387 131 17 19 0.073
804 227 13 19 0.073
173 55 18 27 0.072
773 270 23 47 0.072
459 188 28 16 0.072
843 327 15 17 0.072
628 177 28 17 0.071
844 433 23 31 0.071
723 261 26 36 0.071
750 185 15 16 0.070
828 240 17 14 0.070
861 496 30 36 0.069
888 264 11 20 0.069
103 47 17 22 0.068
356 170 35 36 0.068
316 190 23 30 0.068
164 0 23 17 0.068
603 299 21 28 0.067
1002 473 18 30 0.067
808 204 11 11 0.066
483 188 16 19 0.066
774 268 19 18 0.066
477 193 19 33 0.066
395 400 31 38 0.066
947 357 20 26 0.066
565 132 11 12 0.066
952 337 32 39 0.066
863 265 11 27 0.065
861 297 13 23 0.065
912 277 10 21 0.064
171 51 17 23 0.064
756 206 18 22 0.063
86 419 39 55 0.063
917 423 22 27 0.063
317 67 18 27 0.063
847 246 18 23 0.062
633 224 14 19 0.062
685 260 17 19 0.062
863 243 27 11 0.062
786 250 18 15 0.062
435 144 13 15 0.062
881 412 19 34 0.061
438 377 32 39 0.061
189 254 29 40 0.060
861 406 21 30 0.060
754 532 31 42 0.060
902 355 36 18 0.060
768 249 12 14 0.060
18 3 25 21 0.059
913 293 14 16 0.059
206 153 30 40 0.059
190 51 16 21 0.058
945 315 14 23 0.058
806 323 18 22 0.058
678 214 13 15 0.058
360 114 18 21 0.058
1014 485 10 32 0.058
475 206 20 25 0.058
766 198 11 15 0.057
563 268 22 33 0.057
39 71 26 28 0.057
332 183 40 29 0.057
773 302 17 19 0.057
246 90 23 28 0.056
959 327 13 18 0.056
806 354 18 23 0.056
1006 372 12 15 0.056
1012 425 11 26 0.056
695 220 18 15 0.056
457 116 11 14 0.056
814 285 21 17 0.056
684 430 31 49 0.055
269 165 25 33 0.055
1003 345 14 20 0.055
237 42 16 20 0.055
943 467 29 30 0.055
482 397 33 39 0.054
643 337 28 27 0.054
175 68 18 22 0.054
189 38 15 19 0.054
839 336 42 38 0.054
331 103 18 22 0.054
603 288 21 26 0.054
754 277 22 18 0.053
760 368 21 28 0.053
548 337 48 33 0.053
711 234 14 17 0.053
255 130 21 26 0.052
785 194 12 13 0.052
896 282 17 14 0.052
994 330 20 14 0.051
683 262 14 18 0.051
670 244 14 18 0.051
340 191 22 28 0.051
841 288 14 15 0.050
362 180 25 26 0.050
724 168 8 28 0.050
956 562 35 39 0.050
580 166 13 16 0.049
655 204 13 33 0.049
424 217 17 24 0.049
485 382 31 39 0.049
166 318 35 45 0.049
219 85 16 22 0.048
648 277 25 48 0.048
394 123 16 19 0.048
802 336 19 26 0.048
749 296 19 22 0.047
958 268 7 9 0.047
658 267 21 24 0.047
281 102 18 24 0.046
603 274 23 33 0.046
745 285 16 17 0.046
43 77 25 34 0.046
679 255 15 23 0.046
507 448 40 52 0.045
762 349 22 24 0.045
450 176 18 24 0.045
25 36 26 38 0.044
292 113 24 27 0.044
1011 380 11 26 0.044
916 304 21 15 0.044
245 82 17 21 0.043
205 92 28 29 0.043
327 38 13 17 0.043
882 400 21 24 0.043
647 432 34 40 0.043
866 264 14 23 0.042
972 410 18 22 0.042
319 75 18 38 0.042
650 264 24 26 0.042
388 165 22 22 0.042
324 190 36 30 0.042
700 147 8 9 0.042
959 313 11 24 0.041
457 118 14 26 0.041
924 352 18 24 0.041
693 338 53 28 0.041
614 162 11 12 0.041
216 29 16 19 0.040
488 411 40 39 0.040
68 100 29 31 0.040
248 248 29 34 0.039
399 125 17 19 0.039
193 41 18 22 0.039
24 94 21 26 0.039
868 487 28 34 0.038
227 37 28 24 0.038
753 331 22 27 0.038
481 110 13 53 0.038
963 318 12 14 0.038
729 212 15 13 0.038
362 84 15 17 0.038
567 200 16 19 0.037
619 165 22 14 0.037
481 99 12 17 0.037
674 376 29 33 0.037
729 206 22 16 0.037
745 245 13 16 0.037
1012 274 7 9 0.037
29 1 26 24 0.036
1003 452 17 24 0.036
914 258 8 35 0.036
716 336 26 30 0.036
826 290 26 16 0.036
533 134 17 21 0.036
669 154 19 27 0.036
789 355 77 24 0.036
992 316 17 24 0.035
0 318 12 38 0.035
977 399 21 24 0.035
919 320 15 61 0.034
880 346 15 21 0.034
352 141 18 24 0.034
946 335 14 19 0.034
688 451 28 32 0.034
885 272 10 31 0.033
691 195 11 14 0.033
589 141 11 13 0.033
930 504 27 36 0.033
292 72 17 23 0.033
216 85 41 24 0.033
895 256 8 9 0.033
315 82 31 33 0.032
926 303 30 14 0.032
382 38 15 18 0.032
448 375 28 36 0.032
99 23 15 18 0.032
936 451 21 28 0.031
947 486 24 30 0.031
475 159 16 20 0.031
679 196 12 33 0.031
658 231 20 71 0.030
829 274 18 30 0.030
916 270 26 14 0.030
419 114 13 17 0.030
938 530 26 41 0.030
413 374 38 45 0.030
619 240 17 21 0.030
31 19 21 25 0.030
971 481 21 27 0.030
790 265 18 18 0.030
774 349 20 24 0.030
664 306 25 53 0.029
26 205 58 45 0.029
721 331 21 24 0.029
629 339 26 30 0.029
112 99 19 28 0.029
0 1 15 17 0.029
573 105 7 9 0.029
903 335 19 19 0.029
668 453 37 54 0.029
928 326 26 19 0.028
815 228 17 15 0.028
286 190 29 30 0.028
858 322 61 45 0.028
454 126 15 20 0.028
751 347 29 43 0.028
985 347 13 16 0.027
796 348 18 23 0.027
606 126 10 14 0.027
760 539 33 45 0.027
556 232 19 27 0.027
684 332 27 28 0.027
576 118 8 10 0.027
336 163 19 24 0.027
674 145 9 11 0.027
762 185 11 13 0.027
512 464 35 51 0.026
1010 440 12 33 0.026
842 280 15 21 0.026
623 151 25 39 0.026
661 296 21 25 0.026
299 186 34 30 0.026
367 208 21 24 0.026
759 347 43 46 0.026
624 493 29 39 0.026
357 96 21 45 0.025
89 42 17 21 0.025
963 396 18 21 0.025
0 355 15 33 0.024
189 31 15 16 0.024
430 137 14 20 0.024
825 366 18 23 0.024
702 163 13 14 0.024
493 421 34 44 0.024
175 94 21 27 0.024
702 175 20 87 0.023
741 215 19 19 0.023
949 475 27 36 0.023
382 158 17 19 0.023
255 253 27 36 0.023
780 304 18 21 0.023
537 131 23 15 0.023
368 117 18 18 0.023
935 389 18 22 0.023
1014 495 9 36 0.023
111 51 18 21 0.022
1004 346 14 36 0.022
772 291 21 23 0.022
605 262 20 27 0.022
326 96 20 24 0.022
219 22 18 19 0.022
618 275 19 22 0.022
1007 415 16 26 0.022
589 145 11 27 0.022
644 196 15 18 0.022
33 64 25 27 0.022
0 359 24 37 0.022
515 169 23 28 0.022
100 11 16 25 0.022
353 324 30 44 0.022
873 424 23 31 0.022
951 260 13 91 0.021
294 58 17 27 0.021
944 561 34 40 0.021
0 11 7 19 0.021
266 174 24 31 0.021
585 153 12 17 0.021
639 130 11 83 0.021
812 225 28 47 0.021
837 309 15 20 0.021
404 464 38 48 0.021
0 153 8 40 0.021
223 289 31 42 0.021
577 166 14 33 0.021
64 57 21 27 0.021
0 255 15 47 0.020
712 316 19 27 0.020
471 250 20 27 0.020
776 366 20 27 0.020
402 489 35 46 0.020
851 327 19 17 0.020
