12_Group_Group_12_Group_Group_12_921
24
490 373 27 33 0.868
836 372 30 37 0.859
533 246 24 30 0.857
425 246 26 30 0.857
348 243 25 32 0.853
91 350 29 37 0.851
176 368 26 31 0.849
579 379 24 31 0.848
271 253 26 33 0.845
661 372 30 33 0.840
216 235 26 33 0.838
674 243 25 33 0.838
379 226 25 30 0.837
150 248 25 31 0.835
331 365 29 39 0.829
753 381 30 36 0.828
244 378 26 33 0.827
855 237 26 33 0.824
812 229 25 33 0.821
408 378 26 36 0.820
758 250 25 30 0.819
478 240 24 27 0.815
597 258 23 29 0.810
253 238 21 27 0.802
