12_Group_Group_12_Group_Group_12_436
62
743 75 40 50 0.881
240 393 43 55 0.872
743 533 43 56 0.868
0 416 21 57 0.866
115 395 44 54 0.864
186 508 49 57 0.863
411 78 38 46 0.863
879 188 41 48 0.862
919 432 42 54 0.862
408 180 41 53 0.861
287 299 44 56 0.860
495 464 38 51 0.860
565 513 47 58 0.860
968 419 44 51 0.858
598 265 41 48 0.858
4 221 44 49 0.857
374 439 42 53 0.857
523 190 41 50 0.853
534 326 45 56 0.852
157 310 44 54 0.852
996 155 28 51 0.851
802 318 44 52 0.851
401 306 45 55 0.851
464 125 39 50 0.851
480 243 44 51 0.849
916 317 43 54 0.849
271 83 36 41 0.848
239 267 44 59 0.848
819 106 38 50 0.847
614 418 44 53 0.846
941 122 37 44 0.845
626 54 40 48 0.845
941 545 48 55 0.845
815 251 40 52 0.844
672 309 43 55 0.843
388 513 50 63 0.843
697 115 37 49 0.843
98 182 41 49 0.842
18 541 44 52 0.842
269 194 45 58 0.841
587 137 39 44 0.841
42 335 42 53 0.841
353 270 45 50 0.840
344 115 37 50 0.840
760 183 42 48 0.840
940 64 40 45 0.838
222 110 37 46 0.835
710 258 46 53 0.834
46 95 34 43 0.833
939 250 43 51 0.832
513 57 39 50 0.832
107 127 40 46 0.830
163 48 42 48 0.830
847 73 37 47 0.826
648 217 41 50 0.824
773 447 40 51 0.800
107 263 44 52 0.797
0 130 10 40 0.629
351 100 27 33 0.236
907 130 36 49 0.204
1015 315 9 52 0.051
517 755 26 31 0.028
