12_Group_Large_Group_12_Group_Large_Group_12_671
70
277 388 24 28 0.768
790 409 19 22 0.724
975 418 19 20 0.703
511 410 16 21 0.693
626 382 21 28 0.689
915 413 18 20 0.657
446 405 20 24 0.653
74 373 25 31 0.624
195 393 13 15 0.614
243 401 18 19 0.611
408 396 18 21 0.600
6 380 13 16 0.590
163 398 11 13 0.583
499 395 14 16 0.570
325 406 23 25 0.563
357 390 16 19 0.559
817 410 22 22 0.508
711 414 15 20 0.491
213 399 12 15 0.462
588 399 14 15 0.435
896 420 13 15 0.429
101 380 17 24 0.354
1002 406 15 17 0.340
480 401 13 15 0.316
836 399 21 25 0.312
522 388 17 19 0.311
752 410 15 20 0.238
659 404 12 14 0.226
479 401 25 15 0.191
327 400 42 24 0.155
312 397 14 17 0.153
501 398 19 21 0.132
571 414 15 19 0.119
754 405 14 17 0.119
415 399 17 19 0.089
385 395 16 21 0.086
69 374 21 26 0.084
3 383 11 16 0.072
560 408 21 22 0.068
798 413 20 21 0.065
316 398 25 22 0.060
515 386 18 18 0.056
454 409 16 20 0.056
551 402 16 21 0.053
443 384 21 21 0.052
387 398 38 21 0.051
768 419 14 14 0.049
551 398 13 16 0.049
710 402 10 14 0.047
426 393 22 23 0.043
363 389 13 16 0.042
590 402 16 18 0.041
529 389 16 16 0.041
82 376 25 33 0.038
708 407 14 16 0.038
64 375 17 21 0.037
205 392 15 15 0.035
225 399 23 15 0.035
311 394 10 13 0.031
760 415 17 17 0.029
157 396 15 17 0.028
213 392 14 14 0.028
912 411 16 18 0.026
357 397 15 17 0.025
56 375 14 17 0.023
927 449 16 19 0.022
386 389 13 18 0.021
728 415 14 19 0.021
194 397 12 14 0.021
721 408 19 18 0.020
