12_Group_Group_12_Group_Group_12_211
35
670 225 32 43 0.869
585 252 28 40 0.868
746 264 33 43 0.865
238 245 32 43 0.860
528 177 29 38 0.858
323 197 25 36 0.857
309 247 31 39 0.857
282 166 27 37 0.854
171 248 30 36 0.852
189 204 26 34 0.852
720 173 31 41 0.851
485 235 33 43 0.851
394 193 26 34 0.850
824 204 27 34 0.849
659 149 29 40 0.848
453 151 27 36 0.845
210 168 27 34 0.844
779 157 28 38 0.840
814 249 31 39 0.837
908 243 32 39 0.836
124 192 29 37 0.835
240 200 28 34 0.835
363 126 25 34 0.833
564 165 27 37 0.832
86 222 33 39 0.832
619 174 31 34 0.831
857 157 27 34 0.831
523 123 26 36 0.831
444 101 26 34 0.830
396 248 30 39 0.827
604 113 27 34 0.826
370 168 27 33 0.824
454 199 26 32 0.823
267 114 26 34 0.810
161 145 25 28 0.800
