12_Group_Large_Group_12_Group_Large_Group_12_137
81
749 366 24 30 0.853
543 295 25 32 0.851
31 346 26 32 0.851
508 294 25 34 0.841
638 273 26 33 0.830
426 304 22 30 0.825
851 368 25 30 0.823
738 253 20 25 0.823
248 256 19 24 0.816
409 256 19 24 0.814
785 218 17 22 0.812
292 266 21 26 0.811
221 239 19 22 0.809
110 237 20 25 0.809
488 249 22 25 0.807
809 264 20 25 0.807
344 365 20 26 0.806
145 224 20 23 0.805
204 360 24 29 0.803
856 256 21 26 0.801
127 270 20 24 0.801
937 261 23 26 0.800
691 206 18 24 0.797
700 255 20 25 0.797
922 368 24 27 0.797
753 225 17 21 0.796
467 239 16 21 0.794
642 225 20 24 0.794
193 256 22 26 0.793
460 262 19 23 0.793
827 217 19 24 0.792
659 192 17 21 0.792
326 357 19 25 0.792
877 235 21 26 0.788
564 216 18 23 0.784
418 215 20 25 0.784
722 225 22 25 0.782
354 229 17 21 0.782
305 218 18 22 0.778
287 360 21 26 0.778
339 205 17 21 0.778
825 251 16 22 0.776
266 379 22 27 0.775
106 407 19 24 0.775
52 254 23 28 0.774
333 244 19 23 0.774
583 256 20 24 0.772
262 192 16 21 0.772
275 243 19 23 0.772
605 248 18 23 0.765
542 261 23 26 0.764
348 262 19 23 0.745
523 225 19 23 0.744
391 201 18 22 0.729
498 225 17 21 0.717
606 205 17 19 0.717
151 403 17 23 0.706
450 219 18 22 0.702
650 256 21 24 0.678
491 207 16 18 0.658
373 205 14 17 0.638
542 187 17 20 0.627
935 393 22 25 0.586
294 207 12 16 0.391
435 231 15 18 0.337
289 228 13 19 0.255
221 202 15 17 0.254
763 221 42 20 0.188
462 247 18 37 0.153
292 217 28 24 0.151
707 247 54 28 0.151
519 224 40 22 0.142
455 227 17 23 0.120
883 366 17 22 0.057
448 324 18 23 0.057
279 218 46 47 0.051
858 228 13 16 0.050
106 215 14 18 0.036
3 270 11 21 0.034
186 212 16 18 0.025
433 227 54 51 0.022
