12_Group_Team_Organized_Group_12_Group_Team_Organized_Group_12_576
23
861 247 37 45 0.868
598 89 38 49 0.862
163 264 44 48 0.861
592 230 39 49 0.857
487 260 38 46 0.854
513 119 34 41 0.853
358 115 37 41 0.853
727 267 40 49 0.853
945 269 42 47 0.849
294 101 41 48 0.847
672 139 32 39 0.845
66 83 43 47 0.841
769 104 34 44 0.839
663 219 39 45 0.838
248 283 43 47 0.836
363 269 40 44 0.831
174 98 39 44 0.826
419 83 36 46 0.822
732 198 41 48 0.821
269 78 38 46 0.782
10 111 28 32 0.338
6 113 21 27 0.038
275 91 36 46 0.031
