12_Group_Large_Group_12_Group_Large_Group_12_863
50
505 245 27 31 0.800
537 248 27 31 0.798
491 316 23 33 0.795
433 309 27 29 0.763
673 301 24 33 0.757
364 257 25 28 0.757
62 282 27 32 0.753
288 236 24 28 0.753
226 229 23 30 0.751
482 267 24 30 0.749
577 257 26 31 0.732
250 224 25 28 0.732
436 262 25 27 0.730
322 252 25 29 0.724
978 297 22 26 0.720
404 280 26 27 0.716
555 293 25 28 0.708
721 295 23 27 0.697
273 255 23 27 0.696
184 241 22 27 0.678
349 235 20 24 0.652
851 339 23 27 0.652
206 241 22 27 0.647
768 298 24 30 0.622
0 245 20 28 0.614
759 334 26 33 0.608
120 287 21 25 0.344
645 298 22 27 0.283
493 253 35 33 0.226
20 243 18 23 0.214
202 238 39 30 0.150
8 243 25 26 0.143
466 301 25 30 0.122
554 385 39 42 0.116
55 241 21 27 0.108
103 300 23 30 0.097
0 291 16 29 0.097
81 285 23 29 0.093
444 306 51 30 0.061
550 399 41 39 0.053
331 250 21 27 0.046
561 380 31 33 0.030
234 276 23 29 0.030
0 283 12 27 0.030
115 281 22 28 0.029
373 254 24 28 0.023
169 240 34 27 0.023
89 289 32 30 0.022
0 304 13 30 0.021
915 333 22 33 0.020
