12_Group_Team_Organized_Group_12_Group_Team_Organized_Group_12_555
27
377 336 33 40 0.873
196 321 32 40 0.866
396 287 32 38 0.865
605 332 29 40 0.861
185 262 31 39 0.860
324 288 33 41 0.859
109 329 32 39 0.857
473 357 33 41 0.854
247 315 35 44 0.848
744 428 28 35 0.841
788 291 31 38 0.839
642 328 28 35 0.837
545 317 32 35 0.833
561 373 31 37 0.831
323 369 32 37 0.827
456 300 30 37 0.825
430 393 31 35 0.824
828 320 30 39 0.823
809 457 32 38 0.817
163 344 33 40 0.815
685 326 30 35 0.811
263 273 24 30 0.809
731 310 28 36 0.801
847 281 27 32 0.801
591 306 27 33 0.794
897 304 30 35 0.766
708 290 26 33 0.745
