12_Group_Large_Group_12_Group_Large_Group_12_402
25
205 34 117 142 0.867
633 182 133 164 0.860
498 175 128 153 0.855
554 56 111 139 0.849
0 72 117 158 0.845
868 171 82 93 0.817
473 108 60 82 0.816
751 192 74 105 0.713
993 124 31 78 0.712
681 95 55 75 0.651
810 105 66 79 0.649
954 195 70 97 0.490
406 152 83 117 0.298
28 227 153 179 0.271
431 0 66 40 0.245
821 80 57 67 0.212
397 107 91 115 0.166
837 78 37 44 0.166
162 452 164 228 0.159
287 626 83 55 0.124
950 141 67 92 0.093
494 0 68 34 0.075
342 0 74 53 0.023
504 4 68 41 0.023
554 0 55 23 0.021
