12_Group_Large_Group_12_Group_Large_Group_12_396
147
300 470 13 16 0.775
528 474 13 16 0.686
613 400 10 12 0.652
505 507 14 16 0.624
320 415 10 13 0.566
496 480 12 14 0.565
240 424 13 14 0.518
549 397 7 9 0.479
461 413 9 11 0.477
619 350 6 7 0.456
481 388 9 10 0.455
405 445 11 13 0.440
530 396 7 9 0.440
371 463 12 13 0.434
428 468 12 15 0.426
410 373 7 9 0.414
656 447 11 11 0.413
444 359 7 8 0.403
475 444 11 12 0.382
512 356 7 7 0.378
525 373 7 8 0.372
688 452 11 14 0.363
382 440 11 13 0.362
280 455 12 14 0.360
577 371 7 8 0.359
570 398 9 10 0.358
354 421 10 12 0.355
496 358 7 9 0.331
574 433 11 13 0.317
601 374 7 9 0.296
429 435 10 14 0.289
988 443 10 13 0.284
528 440 9 11 0.283
428 476 13 17 0.281
638 392 7 8 0.277
628 372 6 8 0.274
612 437 11 13 0.273
563 361 6 7 0.272
576 354 6 7 0.266
662 465 10 12 0.258
629 465 12 13 0.237
588 419 9 10 0.232
646 365 7 8 0.231
508 404 9 11 0.225
363 374 7 9 0.222
730 455 12 14 0.221
472 444 10 13 0.212
405 429 10 11 0.209
675 361 7 8 0.206
594 356 6 7 0.201
428 440 12 14 0.177
493 358 8 9 0.176
510 403 8 8 0.162
539 355 6 8 0.160
471 357 7 8 0.156
429 427 9 13 0.156
43 476 13 19 0.151
377 364 8 10 0.145
673 370 6 8 0.143
565 436 11 13 0.138
358 423 11 14 0.125
387 371 8 8 0.114
511 425 10 10 0.113
672 365 7 12 0.111
556 414 9 10 0.107
402 429 9 11 0.107
462 383 8 9 0.103
444 363 8 11 0.102
505 402 9 9 0.098
561 360 14 8 0.098
378 369 14 9 0.095
473 358 9 9 0.089
364 440 11 14 0.088
626 467 12 13 0.081
752 473 10 12 0.079
447 474 12 14 0.078
443 390 10 10 0.077
402 446 11 13 0.076
647 445 16 12 0.075
493 358 23 8 0.075
639 383 8 20 0.072
245 428 12 15 0.072
687 365 7 8 0.067
561 434 10 12 0.066
524 453 11 10 0.063
429 424 9 11 0.062
429 436 12 27 0.060
610 395 9 11 0.059
505 413 10 18 0.058
475 416 14 11 0.056
482 417 11 10 0.055
616 349 6 7 0.055
509 411 11 24 0.055
493 536 15 16 0.054
432 478 14 17 0.054
574 396 9 25 0.053
242 433 14 16 0.053
563 361 18 13 0.052
431 464 12 16 0.051
599 362 8 24 0.051
700 450 12 14 0.051
527 441 12 16 0.050
593 417 9 10 0.047
625 489 11 13 0.046
519 452 10 11 0.046
1004 459 9 11 0.045
560 360 11 12 0.042
473 355 7 7 0.041
621 353 15 11 0.041
688 363 7 8 0.040
658 443 10 13 0.040
555 416 20 10 0.039
246 424 11 12 0.038
673 355 10 28 0.038
320 419 10 12 0.037
538 418 11 13 0.036
232 460 10 13 0.035
612 371 9 95 0.035
467 360 10 12 0.034
441 442 11 12 0.034
529 455 8 10 0.033
367 372 12 10 0.032
374 440 51 23 0.032
508 417 8 28 0.032
638 395 8 9 0.030
40 472 15 17 0.030
619 378 12 16 0.029
414 368 7 10 0.029
467 447 10 12 0.029
378 362 9 9 0.029
443 353 6 9 0.029
691 448 12 15 0.027
625 482 13 15 0.027
296 467 14 15 0.027
630 397 10 10 0.026
523 408 13 20 0.026
374 456 12 17 0.026
638 441 11 13 0.026
363 436 16 15 0.025
443 363 7 30 0.025
649 439 41 38 0.024
572 425 28 20 0.023
401 366 7 9 0.023
468 355 5 6 0.022
626 460 11 14 0.021
652 369 9 22 0.021
38 507 15 19 0.021
