12_Group_Group_12_Group_Group_12_769
45
844 190 23 29 0.835
459 225 23 27 0.835
182 229 25 30 0.833
592 204 23 28 0.825
689 186 24 30 0.822
392 229 21 25 0.818
801 212 23 28 0.816
72 223 25 30 0.814
613 177 24 29 0.813
657 213 23 29 0.812
12 230 23 29 0.809
555 203 22 28 0.808
248 218 21 28 0.806
728 212 23 27 0.804
869 182 23 29 0.802
287 187 21 27 0.801
489 193 21 25 0.799
0 202 18 26 0.799
130 197 22 27 0.798
458 191 20 26 0.797
652 170 23 29 0.794
391 193 22 26 0.792
121 223 23 29 0.790
321 227 22 25 0.787
796 183 22 26 0.783
261 194 23 28 0.778
166 184 24 28 0.775
574 187 21 26 0.773
731 181 22 25 0.769
220 201 21 26 0.763
193 195 22 25 0.754
520 210 23 26 0.754
769 186 24 31 0.742
422 200 23 25 0.738
340 208 23 26 0.732
532 195 19 24 0.698
89 198 18 26 0.666
106 200 19 26 0.659
30 194 18 25 0.506
196 197 33 24 0.304
565 189 26 30 0.294
730 195 22 41 0.285
48 183 19 26 0.210
583 201 24 28 0.042
335 208 19 22 0.022
