12_Group_Team_Organized_Group_12_Group_Team_Organized_Group_12_765
125
245 774 21 27 0.762
22 557 22 30 0.756
328 713 14 17 0.708
375 722 14 17 0.691
247 566 18 26 0.660
362 797 14 17 0.639
100 792 15 17 0.632
196 711 13 16 0.630
126 526 14 17 0.596
302 720 12 14 0.594
150 785 13 15 0.593
218 713 14 17 0.581
419 814 13 15 0.567
285 712 13 16 0.558
150 714 15 17 0.556
262 709 13 17 0.548
46 631 29 44 0.546
299 797 15 18 0.543
172 713 12 15 0.543
360 710 12 15 0.530
6 830 11 14 0.521
421 704 11 14 0.500
66 536 15 21 0.496
766 572 24 30 0.493
322 694 13 15 0.487
406 720 13 16 0.451
444 695 13 16 0.425
475 725 13 16 0.421
472 702 13 15 0.391
772 623 30 47 0.390
406 693 12 15 0.386
348 692 12 15 0.381
335 808 13 16 0.374
236 804 13 17 0.356
460 721 14 16 0.325
435 723 12 16 0.322
71 532 16 23 0.273
380 809 10 12 0.271
358 799 16 16 0.254
248 627 49 46 0.232
22 508 15 20 0.229
24 491 12 16 0.203
149 811 10 13 0.201
124 759 14 16 0.198
584 653 15 16 0.192
286 715 29 15 0.185
370 802 15 16 0.174
153 627 35 44 0.170
79 527 13 18 0.166
368 715 17 20 0.160
202 551 13 20 0.147
0 806 8 15 0.146
23 492 12 32 0.144
982 930 8 9 0.143
161 713 15 17 0.139
27 490 12 15 0.134
37 529 16 22 0.115
443 705 13 17 0.112
142 815 13 15 0.104
350 634 19 27 0.100
9 479 11 12 0.099
475 729 17 19 0.097
252 696 14 17 0.094
20 497 13 17 0.093
963 928 7 8 0.089
419 749 11 13 0.088
886 932 7 8 0.084
286 694 15 15 0.083
77 532 14 21 0.082
133 548 15 20 0.080
18 799 13 15 0.080
26 502 14 19 0.071
495 706 12 13 0.069
381 809 14 14 0.067
392 814 11 13 0.067
233 705 15 17 0.065
342 644 23 28 0.064
0 628 19 32 0.064
17 716 10 13 0.062
130 829 14 17 0.062
486 748 13 15 0.061
20 515 14 16 0.061
181 692 12 12 0.060
407 689 25 44 0.058
423 689 12 12 0.057
442 720 32 16 0.053
431 718 40 25 0.048
182 696 13 17 0.043
8 480 16 17 0.043
422 691 38 38 0.042
158 568 17 23 0.042
472 852 15 18 0.040
123 714 12 23 0.039
3 811 22 29 0.036
269 629 31 36 0.035
290 693 15 15 0.035
283 693 14 15 0.034
296 696 12 15 0.034
288 841 16 16 0.033
22 483 18 12 0.033
837 936 9 10 0.033
888 950 8 9 0.032
992 950 7 8 0.032
348 596 14 19 0.032
121 723 14 18 0.031
31 483 10 12 0.030
154 572 18 22 0.029
132 554 16 22 0.029
454 685 33 54 0.028
285 800 13 14 0.028
427 622 16 17 0.028
3 488 12 18 0.028
387 692 10 11 0.027
405 703 40 47 0.027
887 936 7 23 0.026
425 813 14 16 0.024
59 750 16 19 0.024
52 622 23 36 0.024
71 573 22 23 0.023
473 849 14 36 0.023
472 862 18 21 0.023
392 692 20 16 0.021
106 727 20 17 0.021
469 859 14 19 0.020
417 746 21 17 0.020
