12_Group_Team_Organized_Group_12_Group_Team_Organized_Group_12_579
24
537 189 24 33 0.800
701 180 25 32 0.799
350 176 27 35 0.778
110 194 26 35 0.776
444 201 23 34 0.767
612 187 26 34 0.759
251 192 21 27 0.758
497 191 23 29 0.748
406 191 22 30 0.745
11 209 25 29 0.728
806 210 22 32 0.714
553 175 20 26 0.704
913 211 20 30 0.665
106 87 32 52 0.647
651 190 16 20 0.606
160 165 26 42 0.392
546 178 23 31 0.314
660 193 20 17 0.231
673 195 12 14 0.207
293 227 13 15 0.166
206 219 16 26 0.056
80 175 21 29 0.056
630 200 21 23 0.050
163 183 23 30 0.042
