12_Group_Large_Group_12_Group_Large_Group_12_127
114
776 317 18 22 0.787
131 312 15 20 0.746
924 298 18 24 0.743
643 295 18 24 0.736
761 299 18 22 0.725
975 303 19 26 0.723
455 288 17 20 0.715
829 315 19 23 0.715
875 300 18 23 0.703
473 306 17 23 0.701
55 333 16 20 0.687
801 310 17 21 0.685
600 303 18 20 0.683
348 296 18 22 0.672
362 313 18 21 0.665
422 306 17 20 0.660
494 315 17 20 0.659
847 300 17 23 0.655
520 297 18 23 0.650
736 297 17 23 0.640
14 322 17 18 0.639
84 321 15 18 0.638
906 290 16 22 0.636
321 302 16 19 0.627
396 308 16 19 0.619
380 308 15 19 0.613
1006 312 17 23 0.598
304 317 15 19 0.576
98 303 15 18 0.557
278 305 14 16 0.540
0 298 11 18 0.531
445 311 16 19 0.522
954 288 18 24 0.517
238 288 14 20 0.486
702 315 16 20 0.470
262 302 14 19 0.460
583 311 15 19 0.448
164 309 15 18 0.424
669 306 18 20 0.400
55 308 14 16 0.397
193 297 15 17 0.375
1002 301 15 24 0.354
676 292 17 21 0.345
567 319 17 18 0.341
159 307 15 18 0.338
216 305 13 16 0.322
673 295 17 27 0.264
169 309 15 18 0.261
282 306 17 20 0.194
568 315 29 20 0.193
154 303 13 14 0.166
175 311 14 16 0.162
239 295 15 21 0.160
18 296 13 16 0.158
119 297 13 17 0.158
720 300 14 20 0.158
374 310 42 18 0.147
108 302 20 16 0.142
493 303 47 27 0.134
961 288 16 21 0.132
205 303 27 17 0.127
7 297 25 18 0.126
817 335 15 19 0.126
399 314 16 19 0.124
294 317 16 19 0.119
845 294 16 20 0.114
193 308 14 16 0.113
951 285 16 21 0.108
351 304 42 27 0.106
671 312 17 21 0.103
286 312 19 17 0.093
515 297 17 20 0.090
10 320 15 19 0.089
1014 293 10 22 0.088
265 306 14 18 0.086
502 311 17 19 0.077
271 307 53 24 0.074
804 299 16 19 0.074
63 305 12 13 0.070
32 318 15 17 0.065
953 297 15 23 0.064
241 311 17 19 0.058
47 312 14 15 0.056
96 299 13 16 0.056
725 310 15 21 0.054
407 324 13 17 0.053
92 305 68 25 0.051
66 305 12 16 0.051
235 299 16 22 0.048
769 303 16 23 0.046
255 309 17 18 0.045
495 306 20 20 0.045
396 303 14 15 0.045
340 315 15 18 0.042
332 315 20 17 0.042
388 306 23 24 0.040
187 300 14 14 0.038
228 314 20 19 0.034
449 313 28 18 0.033
1018 288 6 17 0.032
408 315 26 18 0.032
118 283 12 15 0.032
177 314 16 16 0.032
955 282 17 20 0.030
447 320 14 16 0.028
4 325 17 18 0.028
338 319 14 15 0.028
731 288 17 20 0.027
135 308 32 19 0.026
819 300 19 23 0.025
163 306 22 24 0.025
758 305 15 19 0.024
959 307 13 18 0.021
688 309 24 20 0.020
