12_Group_Group_12_Group_Group_12_287
125
377 431 28 34 0.858
787 505 29 34 0.855
174 334 23 29 0.855
476 231 19 25 0.849
123 496 25 31 0.848
854 509 27 35 0.848
734 356 24 31 0.845
923 328 26 33 0.844
291 331 27 34 0.844
169 549 25 30 0.842
689 496 27 34 0.839
549 294 21 27 0.838
58 329 25 30 0.838
185 499 29 35 0.837
812 325 27 32 0.835
255 330 24 29 0.833
540 211 17 20 0.832
435 235 20 26 0.831
430 296 20 24 0.831
123 321 26 33 0.829
200 344 27 35 0.827
636 359 26 32 0.827
532 325 20 30 0.826
506 333 24 34 0.823
398 285 19 24 0.823
343 337 24 31 0.820
425 542 24 29 0.820
579 308 24 33 0.819
571 232 18 22 0.819
383 269 17 22 0.817
955 364 28 33 0.816
286 134 15 18 0.816
466 318 23 28 0.813
588 362 20 27 0.813
459 271 22 26 0.811
731 109 15 18 0.811
366 292 22 28 0.807
615 298 21 25 0.806
505 267 21 26 0.806
678 358 23 32 0.805
855 328 29 30 0.804
522 224 19 22 0.803
787 69 14 19 0.802
391 324 20 26 0.801
597 221 18 21 0.800
415 325 23 32 0.797
544 254 19 24 0.794
101 336 23 28 0.794
297 508 24 27 0.793
466 192 17 21 0.791
705 123 15 17 0.790
491 188 16 20 0.790
395 213 19 24 0.790
753 82 15 19 0.787
731 90 13 17 0.786
590 266 21 25 0.786
244 124 16 20 0.786
385 182 15 19 0.785
455 213 17 20 0.783
506 200 17 21 0.782
500 303 21 27 0.780
435 180 16 19 0.780
270 121 14 18 0.779
475 166 16 19 0.779
675 122 15 18 0.776
421 206 16 20 0.775
568 184 15 20 0.773
642 144 14 17 0.770
511 178 15 19 0.768
247 97 15 17 0.767
624 182 15 19 0.765
342 164 15 19 0.764
581 205 16 19 0.763
810 56 15 17 0.761
167 68 14 19 0.759
186 73 14 18 0.756
419 187 14 18 0.753
624 161 14 17 0.747
606 172 16 20 0.745
362 155 15 18 0.745
498 524 24 26 0.740
706 100 14 18 0.736
226 84 15 17 0.732
640 162 14 17 0.730
215 100 13 18 0.730
323 152 14 18 0.722
590 182 14 18 0.715
308 135 16 19 0.710
370 172 14 17 0.693
545 190 15 20 0.683
401 199 15 19 0.664
530 186 13 18 0.609
670 135 15 19 0.587
624 169 13 35 0.459
672 129 16 20 0.386
520 184 25 18 0.358
173 72 33 18 0.284
538 188 17 18 0.279
384 271 26 31 0.273
512 329 31 31 0.261
399 209 21 25 0.235
818 98 15 18 0.232
642 141 13 32 0.225
221 84 17 23 0.201
582 292 21 60 0.194
321 171 14 17 0.158
363 286 49 34 0.155
638 156 20 23 0.137
330 167 20 18 0.134
727 90 20 39 0.125
563 185 27 23 0.123
586 180 19 31 0.122
871 97 13 15 0.122
524 210 36 28 0.122
506 180 17 41 0.115
422 181 18 47 0.095
485 189 33 25 0.094
395 176 19 65 0.082
464 179 21 50 0.067
615 160 32 42 0.065
458 210 34 47 0.063
342 154 47 35 0.052
509 325 22 31 0.026
832 94 16 15 0.025
704 112 18 33 0.023
