12_Group_Group_12_Group_Group_12_208
28
73 354 67 83 0.884
579 317 54 65 0.876
929 119 48 59 0.872
204 128 43 55 0.869
703 402 42 52 0.863
843 343 49 60 0.861
356 372 45 57 0.860
851 174 46 56 0.860
322 253 49 64 0.858
346 135 39 49 0.857
681 150 41 49 0.857
498 398 48 59 0.851
812 127 41 52 0.849
639 157 34 41 0.845
752 127 37 48 0.839
437 190 31 39 0.838
254 150 35 46 0.837
519 146 33 44 0.837
598 144 32 42 0.835
301 161 29 37 0.826
448 136 34 44 0.823
241 393 53 65 0.820
380 162 28 37 0.812
557 169 24 32 0.763
138 678 61 69 0.736
182 143 27 41 0.220
1007 451 9 10 0.056
976 487 9 12 0.034
