12_Group_Large_Group_12_Group_Large_Group_12_60
228
701 364 16 20 0.821
338 384 16 20 0.808
156 377 15 19 0.804
618 313 15 19 0.800
322 336 15 18 0.800
531 377 15 18 0.798
439 337 14 18 0.794
691 311 15 18 0.793
243 378 15 19 0.792
579 363 14 17 0.792
421 380 15 18 0.792
365 336 14 18 0.790
598 294 13 16 0.790
419 299 14 17 0.790
631 288 14 18 0.789
732 328 14 18 0.789
388 313 14 18 0.788
932 472 16 20 0.788
887 387 15 17 0.788
834 376 16 19 0.786
31 384 14 17 0.785
277 378 14 19 0.783
522 328 14 18 0.782
969 474 17 22 0.782
75 374 14 17 0.782
312 467 14 18 0.781
556 322 13 17 0.780
618 374 14 17 0.779
289 477 14 18 0.779
592 457 16 19 0.778
182 330 15 18 0.776
477 312 15 18 0.775
762 316 16 20 0.774
744 255 12 14 0.773
815 326 15 19 0.773
588 331 14 18 0.772
279 337 15 18 0.772
531 468 13 17 0.771
196 384 15 19 0.770
773 270 11 14 0.769
457 375 14 18 0.767
167 296 14 17 0.767
461 291 14 18 0.767
790 289 12 15 0.766
663 375 15 19 0.766
794 266 13 16 0.765
209 315 13 16 0.765
798 367 15 20 0.765
339 317 14 17 0.764
363 467 15 17 0.763
338 476 14 17 0.763
79 474 16 19 0.762
792 332 15 18 0.762
395 470 15 17 0.761
874 329 15 18 0.761
145 464 14 18 0.761
143 252 13 17 0.759
230 331 15 18 0.759
725 471 15 18 0.758
929 363 15 18 0.756
195 271 12 16 0.755
693 290 14 17 0.755
182 460 14 17 0.754
620 264 13 16 0.753
118 328 14 18 0.753
240 303 12 15 0.753
636 450 15 19 0.752
155 276 13 15 0.750
900 356 15 18 0.750
324 407 13 17 0.749
232 244 12 13 0.749
479 469 14 18 0.747
93 284 12 15 0.745
748 368 17 21 0.744
111 291 12 14 0.743
662 302 14 17 0.742
562 462 14 17 0.742
270 296 13 16 0.741
760 287 12 14 0.739
856 470 15 18 0.739
813 472 16 19 0.738
116 470 15 17 0.736
566 289 14 18 0.736
778 466 16 19 0.735
852 304 13 16 0.733
921 412 16 18 0.733
660 326 13 17 0.732
235 279 12 15 0.731
290 313 13 17 0.731
421 268 12 15 0.730
378 380 14 19 0.730
499 287 14 17 0.729
297 297 13 16 0.729
654 278 13 16 0.728
359 273 12 15 0.728
270 270 12 15 0.728
382 267 11 14 0.727
537 288 14 17 0.726
132 290 14 16 0.726
902 316 16 20 0.725
386 413 14 17 0.725
382 293 13 15 0.725
482 278 12 15 0.724
674 449 15 19 0.724
254 466 15 18 0.724
503 252 13 14 0.723
216 467 15 17 0.720
422 469 15 18 0.720
140 346 14 17 0.720
820 295 13 16 0.718
796 304 13 17 0.717
492 406 13 15 0.714
266 249 12 14 0.714
457 269 12 15 0.713
691 269 12 14 0.712
709 262 11 14 0.709
458 466 14 17 0.708
361 295 12 15 0.704
171 264 12 14 0.701
740 296 13 15 0.700
539 264 13 15 0.696
583 257 13 15 0.692
394 260 12 13 0.691
322 249 12 14 0.691
314 271 12 15 0.686
855 337 13 17 0.685
725 283 12 14 0.684
557 267 13 16 0.683
339 266 11 12 0.681
580 275 13 16 0.676
110 269 12 15 0.671
186 301 12 14 0.667
494 380 16 18 0.665
358 248 12 13 0.664
508 476 13 17 0.664
440 252 12 15 0.664
114 385 14 17 0.663
461 251 11 13 0.662
519 277 11 15 0.662
635 256 11 14 0.649
300 254 11 14 0.646
201 257 11 13 0.636
324 300 13 15 0.627
290 278 11 15 0.577
242 352 12 15 0.566
344 279 12 14 0.515
126 366 13 16 0.471
345 296 13 16 0.471
668 256 12 13 0.468
838 314 12 15 0.456
896 470 15 18 0.411
429 416 13 17 0.393
370 246 10 12 0.363
797 402 13 17 0.296
593 398 14 17 0.287
540 266 32 15 0.261
342 274 11 18 0.245
420 265 23 18 0.226
384 262 20 16 0.216
752 505 14 18 0.207
131 392 13 16 0.194
318 257 12 19 0.194
121 388 17 17 0.177
221 386 14 16 0.175
793 489 13 16 0.172
776 268 38 14 0.167
136 253 41 15 0.165
180 298 13 49 0.157
693 272 13 39 0.155
111 263 11 45 0.154
271 276 31 15 0.150
792 288 13 29 0.144
417 469 48 16 0.127
692 280 14 55 0.127
336 431 12 15 0.112
658 298 38 19 0.107
269 281 14 37 0.101
785 329 44 22 0.100
561 457 14 17 0.098
623 251 17 60 0.094
102 289 31 16 0.086
259 488 15 18 0.085
737 315 45 25 0.084
162 296 42 19 0.082
416 250 10 12 0.081
461 287 29 38 0.076
624 265 15 18 0.072
382 250 20 55 0.067
676 443 16 21 0.061
487 385 14 23 0.057
539 249 23 63 0.055
335 262 30 34 0.052
592 274 14 16 0.050
485 288 74 15 0.048
386 293 15 17 0.047
621 410 16 20 0.044
291 283 51 39 0.044
494 248 21 69 0.043
484 387 12 15 0.043
657 296 45 48 0.042
617 267 17 85 0.042
362 284 13 94 0.042
171 477 13 16 0.041
695 268 13 16 0.040
352 272 40 53 0.040
264 486 13 16 0.039
271 264 13 16 0.038
647 254 51 55 0.037
385 251 16 15 0.037
662 258 11 13 0.036
626 280 55 37 0.035
855 277 15 104 0.034
516 268 12 19 0.034
391 294 14 18 0.034
410 366 12 15 0.033
685 425 13 16 0.033
282 269 29 71 0.031
495 434 14 16 0.030
316 222 14 99 0.029
533 493 14 17 0.029
558 243 32 73 0.028
898 462 14 18 0.027
320 236 51 50 0.026
416 244 60 54 0.025
406 245 12 13 0.025
331 416 15 32 0.025
723 496 15 17 0.023
280 314 13 15 0.020
