12_Group_Large_Group_12_Group_Large_Group_12_131
73
690 234 41 51 0.873
474 489 55 67 0.872
15 329 54 59 0.869
985 250 39 50 0.868
953 335 50 57 0.857
309 302 44 53 0.856
139 146 40 49 0.856
393 253 44 51 0.855
165 502 56 68 0.853
752 411 49 56 0.852
976 453 48 68 0.851
85 303 40 46 0.851
87 389 53 59 0.849
439 201 41 49 0.848
889 567 59 72 0.848
368 545 48 56 0.848
465 64 31 42 0.848
855 421 53 60 0.846
528 134 31 39 0.846
358 158 36 44 0.846
181 78 35 43 0.846
719 67 36 47 0.845
393 368 46 50 0.844
241 49 34 40 0.844
293 445 46 55 0.843
872 192 46 50 0.843
284 132 36 43 0.843
0 88 37 42 0.841
151 305 46 49 0.841
617 39 33 41 0.839
650 143 35 43 0.838
475 322 42 52 0.838
570 57 35 42 0.837
318 208 40 45 0.836
562 190 39 48 0.835
53 42 34 39 0.833
42 492 58 64 0.831
417 125 30 39 0.831
190 24 30 38 0.830
243 352 49 52 0.830
825 102 40 47 0.830
114 224 38 48 0.830
629 277 42 52 0.829
622 511 49 56 0.828
739 550 56 63 0.828
133 58 34 37 0.828
859 311 47 52 0.828
14 210 43 48 0.827
761 6 31 38 0.827
360 77 31 38 0.826
769 155 46 53 0.825
674 4 29 38 0.821
226 162 40 44 0.817
913 146 41 50 0.815
755 268 46 54 0.815
279 75 34 42 0.814
643 388 48 56 0.812
22 164 38 42 0.810
861 42 35 39 0.809
350 0 30 27 0.808
410 29 30 39 0.796
529 269 42 55 0.796
517 17 29 37 0.795
95 127 35 41 0.787
931 95 38 46 0.787
210 236 42 46 0.781
462 0 32 33 0.780
273 0 27 26 0.769
649 88 36 41 0.712
93 1 35 31 0.635
578 1 32 30 0.608
1000 109 24 56 0.033
97 11 31 30 0.032
