12_Group_Team_Organized_Group_12_Group_Team_Organized_Group_12_266
51
442 234 39 49 0.837
972 155 48 59 0.831
388 83 52 72 0.776
87 504 14 16 0.641
67 507 12 15 0.562
581 56 48 86 0.555
305 190 54 59 0.497
815 533 12 14 0.439
855 541 10 12 0.436
604 539 10 12 0.390
724 533 9 10 0.376
670 538 10 11 0.375
4 525 15 18 0.368
656 189 34 51 0.368
575 526 10 13 0.325
198 508 10 12 0.298
553 535 11 13 0.263
955 535 11 13 0.229
74 507 31 14 0.179
958 556 10 12 0.153
765 541 8 9 0.148
926 536 10 12 0.141
750 537 8 10 0.121
405 523 9 11 0.118
617 128 44 72 0.102
993 553 13 14 0.101
586 53 36 59 0.082
376 515 8 10 0.064
375 515 9 21 0.054
550 532 31 13 0.048
406 528 10 13 0.047
956 531 11 29 0.045
903 540 10 11 0.045
252 482 10 14 0.044
372 527 8 11 0.041
46 514 9 12 0.041
568 530 45 13 0.040
257 510 10 12 0.037
201 508 11 13 0.036
61 509 14 14 0.034
276 519 12 12 0.032
903 536 10 11 0.029
577 96 49 80 0.028
892 534 11 12 0.028
2 530 13 16 0.026
972 550 11 12 0.026
759 538 14 14 0.025
407 534 10 11 0.025
365 526 8 9 0.025
391 526 10 10 0.021
605 131 41 72 0.021
