12_Group_Large_Group_12_Group_Large_Group_12_134
24
258 228 26 35 0.849
210 248 27 35 0.849
442 231 25 31 0.848
368 293 26 34 0.847
162 264 32 38 0.842
379 242 26 31 0.840
825 200 32 41 0.839
692 224 25 33 0.831
337 230 26 32 0.829
725 213 27 34 0.825
466 289 26 33 0.824
797 200 27 36 0.820
533 301 25 31 0.820
632 241 23 29 0.816
486 257 23 28 0.816
407 212 23 28 0.812
314 257 25 33 0.811
753 236 26 32 0.807
594 309 28 34 0.807
664 215 24 29 0.806
592 228 23 28 0.803
510 227 24 26 0.786
554 245 26 29 0.782
354 262 22 30 0.079
