12_Group_Large_Group_12_Group_Large_Group_12_178
76
273 203 26 33 0.852
327 245 29 35 0.848
888 254 26 31 0.847
419 289 26 34 0.847
321 324 28 34 0.845
196 247 25 30 0.844
940 281 27 34 0.842
222 150 21 25 0.842
130 244 26 33 0.841
691 143 21 26 0.840
778 295 27 34 0.840
219 317 27 34 0.839
693 302 26 34 0.839
275 257 25 32 0.837
408 150 22 27 0.836
539 249 24 31 0.835
383 171 23 29 0.834
191 123 21 25 0.833
619 242 26 33 0.832
848 277 25 32 0.832
239 276 27 32 0.831
538 299 28 33 0.831
719 239 26 35 0.830
460 299 29 36 0.830
858 346 27 32 0.830
759 168 20 26 0.829
141 287 28 35 0.828
518 221 23 28 0.828
820 242 24 31 0.827
489 263 25 31 0.825
387 323 29 35 0.824
65 262 28 37 0.823
453 166 24 28 0.822
600 202 25 32 0.821
345 123 21 27 0.819
377 247 24 30 0.819
689 238 25 30 0.817
463 213 22 29 0.815
663 170 23 27 0.815
183 217 23 29 0.815
616 296 25 29 0.814
153 147 22 29 0.813
401 216 23 29 0.813
436 250 25 30 0.812
719 191 23 27 0.811
646 146 20 25 0.810
285 137 21 26 0.809
663 224 24 28 0.807
575 174 21 26 0.806
466 119 21 28 0.806
312 194 21 26 0.806
579 124 19 24 0.804
823 190 22 26 0.797
515 162 22 28 0.797
814 141 19 24 0.796
390 129 21 28 0.794
603 175 21 26 0.781
287 169 22 27 0.781
778 212 22 27 0.775
523 116 21 27 0.769
348 202 22 27 0.765
778 240 24 28 0.752
479 96 21 23 0.717
692 90 10 13 0.594
577 66 9 10 0.415
400 137 26 32 0.374
615 91 10 11 0.364
494 65 11 12 0.360
396 86 13 15 0.290
357 87 12 16 0.250
434 89 12 12 0.239
654 87 10 13 0.125
653 90 13 14 0.088
535 58 11 13 0.085
527 107 16 19 0.036
0 310 21 27 0.034
