12_Group_Group_12_Group_Group_12_201
260
877 288 29 35 0.843
827 315 32 41 0.841
229 421 29 39 0.841
287 467 28 35 0.836
156 435 27 34 0.836
541 324 25 32 0.831
515 394 27 37 0.828
67 447 32 37 0.828
58 381 25 30 0.827
578 330 26 36 0.825
593 362 27 34 0.825
271 388 26 33 0.817
317 411 26 33 0.817
426 387 33 40 0.816
107 426 26 33 0.815
690 298 25 36 0.814
112 379 22 30 0.813
198 454 30 36 0.812
895 340 29 36 0.811
675 391 29 36 0.807
804 282 27 35 0.806
357 401 32 41 0.805
721 311 28 37 0.805
211 371 25 30 0.804
539 262 20 24 0.804
666 328 31 39 0.804
369 276 16 20 0.800
612 319 25 33 0.800
389 364 26 33 0.793
756 338 28 37 0.793
750 248 21 28 0.792
712 185 15 19 0.789
521 244 16 21 0.785
63 320 19 22 0.785
804 187 17 21 0.784
567 298 23 30 0.784
124 353 20 25 0.784
175 362 23 28 0.780
501 324 23 29 0.780
317 369 23 30 0.780
262 315 19 23 0.779
483 362 26 34 0.779
598 268 22 27 0.778
485 292 22 27 0.778
746 286 27 33 0.777
463 277 19 24 0.770
76 349 22 27 0.769
654 270 22 29 0.766
701 251 20 28 0.766
862 244 27 33 0.766
354 260 16 19 0.766
369 310 19 24 0.766
100 341 17 22 0.765
820 245 23 28 0.763
700 201 16 21 0.762
588 192 13 17 0.762
732 186 17 20 0.761
132 303 17 20 0.759
597 224 16 19 0.758
186 426 23 30 0.757
789 237 20 26 0.755
288 319 19 27 0.755
637 247 19 24 0.753
563 252 18 23 0.753
779 181 17 21 0.750
400 271 19 24 0.750
150 339 20 24 0.750
757 226 19 24 0.748
167 303 17 20 0.747
450 266 15 19 0.746
328 303 18 23 0.744
330 335 24 28 0.742
167 327 15 20 0.742
114 264 15 17 0.742
627 225 16 20 0.742
682 221 18 22 0.740
152 406 25 30 0.739
660 228 17 23 0.737
658 189 15 20 0.737
211 310 19 24 0.734
190 342 20 24 0.732
665 165 13 17 0.732
535 290 22 28 0.732
425 285 19 23 0.732
516 221 15 19 0.726
728 164 14 16 0.722
181 290 16 19 0.718
487 249 17 20 0.718
626 197 15 19 0.717
728 241 19 24 0.713
623 168 13 17 0.713
114 330 18 20 0.708
309 281 18 22 0.707
164 275 14 16 0.707
577 219 15 20 0.705
579 171 12 17 0.705
481 227 13 16 0.704
411 240 15 20 0.703
470 244 15 18 0.699
335 281 16 19 0.698
298 255 14 17 0.687
398 317 23 28 0.687
293 358 19 27 0.678
83 276 16 18 0.677
526 196 13 15 0.664
234 345 20 26 0.657
421 214 12 15 0.655
437 207 12 15 0.653
334 210 11 14 0.648
161 250 12 15 0.648
544 237 15 20 0.643
204 265 13 15 0.640
453 220 14 18 0.637
238 294 17 23 0.635
211 284 14 19 0.635
400 219 14 17 0.634
686 197 15 19 0.627
375 231 14 17 0.614
303 225 11 14 0.613
235 267 13 17 0.611
382 209 11 13 0.608
284 266 14 16 0.606
500 203 13 16 0.602
554 188 11 13 0.599
178 268 12 15 0.593
150 272 13 16 0.583
201 246 11 14 0.582
490 191 11 13 0.573
440 245 15 19 0.572
270 277 15 18 0.571
538 216 13 17 0.569
256 295 17 21 0.567
347 244 12 15 0.552
223 247 13 15 0.538
122 284 17 19 0.538
414 202 9 12 0.534
463 202 12 15 0.534
389 255 15 20 0.529
227 312 16 21 0.527
477 207 13 15 0.524
196 282 13 17 0.522
249 243 12 14 0.504
283 282 16 20 0.487
136 261 12 15 0.467
427 237 13 17 0.454
544 198 13 17 0.445
361 238 13 15 0.434
110 313 16 18 0.421
376 253 14 18 0.420
269 235 13 15 0.417
266 251 12 16 0.405
291 227 10 13 0.401
321 247 14 18 0.401
700 179 12 15 0.394
680 250 20 27 0.389
139 279 15 17 0.363
235 239 10 13 0.331
618 262 15 21 0.323
107 329 22 25 0.321
394 268 21 24 0.291
511 189 10 14 0.291
687 200 31 19 0.290
397 207 11 14 0.283
70 351 24 56 0.263
377 315 42 26 0.260
452 195 10 12 0.259
603 264 23 26 0.244
272 237 12 14 0.240
243 280 14 21 0.235
279 215 9 10 0.229
246 279 17 18 0.228
319 244 12 15 0.217
268 232 12 27 0.212
353 230 11 13 0.208
644 256 27 36 0.207
322 251 16 19 0.205
118 345 20 69 0.203
614 220 14 18 0.201
363 236 27 16 0.201
147 273 32 17 0.200
331 239 12 13 0.187
188 430 25 42 0.186
531 255 27 30 0.177
619 222 16 21 0.174
375 218 13 34 0.163
461 204 30 15 0.162
380 272 41 22 0.158
112 264 32 15 0.155
700 184 23 39 0.151
409 232 16 45 0.141
262 246 13 17 0.138
236 244 26 15 0.137
540 227 18 34 0.135
389 257 22 34 0.134
476 200 15 16 0.134
522 195 38 17 0.129
167 296 15 46 0.128
636 231 17 41 0.127
83 184 6 8 0.126
540 195 13 44 0.121
484 224 19 49 0.114
684 256 28 27 0.110
318 244 37 15 0.108
336 260 15 16 0.106
458 246 22 68 0.105
235 251 15 40 0.104
713 179 37 25 0.104
236 276 19 42 0.100
81 185 7 8 0.091
260 275 13 16 0.090
472 219 14 50 0.085
321 257 13 16 0.084
301 216 25 27 0.080
573 175 29 42 0.079
141 242 14 13 0.078
330 237 36 27 0.073
248 237 40 23 0.073
128 275 22 49 0.072
176 271 31 42 0.068
352 234 39 26 0.068
306 251 20 67 0.064
362 246 25 53 0.064
274 277 55 27 0.059
407 227 18 31 0.058
243 274 44 48 0.056
69 180 6 7 0.056
279 254 34 37 0.055
203 307 15 21 0.053
594 264 21 26 0.052
166 249 18 93 0.050
54 297 15 20 0.050
337 217 12 15 0.048
109 255 28 62 0.047
377 233 15 25 0.046
321 234 12 17 0.043
546 259 19 24 0.043
76 183 16 9 0.042
517 177 16 83 0.040
137 242 11 13 0.039
392 203 58 34 0.038
65 184 7 8 0.038
264 234 26 81 0.038
453 189 40 59 0.038
68 175 7 22 0.037
331 236 39 73 0.036
577 210 17 18 0.035
428 291 18 23 0.034
154 233 29 73 0.033
431 184 36 69 0.033
587 256 17 21 0.031
203 225 22 96 0.029
159 305 16 19 0.029
452 190 9 12 0.029
64 187 15 9 0.025
276 217 9 9 0.024
84 286 15 18 0.022
63 190 7 6 0.021
597 228 16 27 0.021
679 268 18 24 0.021
384 344 17 25 0.020
