12_Group_Team_Organized_Group_12_Group_Team_Organized_Group_12_1022
24
258 331 40 45 0.851
369 311 40 53 0.840
597 292 46 52 0.835
484 314 48 50 0.816
31 365 37 46 0.788
152 359 31 37 0.765
418 354 24 32 0.668
138 317 37 46 0.427
468 343 22 27 0.325
815 312 27 32 0.265
884 364 25 27 0.236
879 340 22 28 0.204
799 311 34 35 0.119
787 311 31 36 0.106
718 310 25 32 0.075
773 310 27 32 0.072
397 345 25 35 0.066
798 321 26 31 0.064
796 299 29 35 0.051
129 372 30 33 0.040
474 329 35 40 0.034
886 356 22 27 0.028
777 375 19 21 0.027
854 364 24 26 0.021
