12_Group_Team_Organized_Group_12_Group_Team_Organized_Group_12_345
34
909 305 60 77 0.894
784 320 59 74 0.883
834 165 59 75 0.883
346 314 56 69 0.871
187 213 48 58 0.864
317 71 44 57 0.859
807 36 46 62 0.859
750 160 52 64 0.858
187 288 51 76 0.858
180 69 40 50 0.857
521 119 46 60 0.857
571 52 43 56 0.856
441 192 57 75 0.854
921 104 46 57 0.852
690 312 57 73 0.852
177 145 42 51 0.850
41 142 47 59 0.849
578 169 55 62 0.849
989 320 35 62 0.849
673 53 43 53 0.847
976 134 48 74 0.844
551 292 57 68 0.843
38 308 50 67 0.842
70 60 38 50 0.841
446 53 45 57 0.841
669 123 48 54 0.839
401 158 42 54 0.837
293 222 53 59 0.828
36 250 51 59 0.805
769 118 42 48 0.783
287 146 44 56 0.779
0 57 12 60 0.548
0 52 9 48 0.033
0 76 8 64 0.028
