12_Group_Team_Organized_Group_12_Group_Team_Organized_Group_12_401
24
792 446 29 39 0.862
297 436 26 33 0.843
416 442 26 31 0.837
217 436 27 30 0.836
176 336 26 29 0.835
533 429 24 30 0.834
586 445 25 27 0.831
304 346 26 30 0.828
461 442 25 30 0.828
129 344 27 31 0.826
452 363 24 26 0.821
621 354 22 27 0.820
380 349 24 27 0.820
558 372 22 27 0.818
750 359 24 28 0.814
512 363 23 29 0.811
891 453 29 33 0.811
245 358 24 27 0.810
686 360 21 26 0.804
720 455 25 29 0.803
861 367 26 30 0.803
649 446 25 29 0.801
361 448 25 27 0.794
257 233 27 31 0.021
