41_Swimming_Swimmer_41_619
43
355 296 79 80 0.619
622 532 10 11 0.106
653 534 10 11 0.099
755 538 8 9 0.086
797 529 8 10 0.079
590 539 9 9 0.069
147 527 9 10 0.052
586 538 17 9 0.052
565 539 8 9 0.047
781 538 10 10 0.043
606 538 8 9 0.041
625 532 11 10 0.041
849 525 8 11 0.041
947 541 9 9 0.040
796 527 9 24 0.039
599 536 17 10 0.037
762 528 14 10 0.036
666 541 8 9 0.035
835 552 8 10 0.034
620 530 9 13 0.032
644 532 20 11 0.032
759 523 10 13 0.032
706 539 8 9 0.031
521 538 11 9 0.031
763 534 24 11 0.029
618 537 10 11 0.028
740 536 26 10 0.028
559 536 20 10 0.027
769 538 12 10 0.027
577 539 9 8 0.027
642 526 8 12 0.026
906 537 12 13 0.026
774 535 27 12 0.026
791 538 15 11 0.025
755 532 16 16 0.025
744 538 10 10 0.024
695 297 57 70 0.024
939 540 17 7 0.024
735 533 13 12 0.022
532 533 18 9 0.022
537 532 8 9 0.021
780 531 11 10 0.021
569 538 30 9 0.020
