41_Swimming_Swimming_41_643
28
690 361 27 32 0.820
369 294 28 38 0.799
527 364 20 26 0.790
184 278 15 18 0.737
325 292 18 25 0.731
755 201 11 12 0.445
92 247 14 22 0.333
737 415 17 24 0.329
621 177 8 10 0.327
661 195 7 9 0.322
740 211 9 10 0.124
832 217 9 10 0.106
643 195 7 9 0.102
215 216 9 12 0.093
437 222 10 12 0.092
663 195 8 9 0.079
736 213 10 11 0.068
0 290 14 22 0.051
716 210 8 9 0.041
95 280 12 20 0.032
733 412 16 25 0.026
676 214 8 9 0.025
333 222 10 10 0.024
586 229 8 9 0.024
753 198 11 13 0.023
659 193 8 8 0.023
836 217 9 10 0.022
819 266 15 17 0.020
