41_Swimming_Swimmer_41_881
24
386 369 45 59 0.856
297 403 38 55 0.831
646 395 38 49 0.816
173 428 39 60 0.815
554 412 37 51 0.799
975 415 31 40 0.788
710 418 32 45 0.775
96 387 37 59 0.765
855 396 28 39 0.753
800 405 33 46 0.721
762 408 31 41 0.694
926 416 28 36 0.687
497 386 34 49 0.581
742 377 32 39 0.137
752 377 34 55 0.122
1013 389 11 25 0.114
919 1112 12 13 0.089
1007 409 17 37 0.069
1013 401 11 30 0.036
959 1122 12 12 0.036
476 394 34 46 0.034
862 1097 10 12 0.034
1008 427 16 28 0.027
999 1131 10 12 0.026
