41_Swimming_Swimming_41_263
40
838 450 15 20 0.742
699 276 7 8 0.320
975 345 9 12 0.300
933 345 9 10 0.280
542 328 10 11 0.261
973 285 6 8 0.232
678 286 6 7 0.152
870 262 6 7 0.142
527 388 12 15 0.118
198 379 13 16 0.087
873 356 9 9 0.086
913 356 9 9 0.085
978 348 14 11 0.085
62 318 7 9 0.085
750 320 7 9 0.072
665 253 7 8 0.066
965 319 8 9 0.066
973 348 9 12 0.056
806 497 14 15 0.053
886 357 9 9 0.050
927 350 12 12 0.044
973 343 9 11 0.044
886 354 13 10 0.043
990 351 8 9 0.041
271 300 7 7 0.041
544 326 9 10 0.039
549 324 8 10 0.037
702 275 7 9 0.031
58 322 9 9 0.031
628 286 6 6 0.030
196 388 15 20 0.029
580 275 8 7 0.028
964 318 12 8 0.028
751 323 8 8 0.028
972 282 6 11 0.027
654 322 7 7 0.026
200 393 13 18 0.026
561 267 7 7 0.022
870 265 7 9 0.021
177 538 36 40 0.021
