41_Swimming_Swimming_41_215
104
911 167 14 18 0.720
884 35 14 20 0.700
942 61 16 17 0.693
144 305 24 29 0.686
836 43 12 15 0.674
918 54 16 19 0.640
380 458 48 59 0.601
794 48 11 14 0.586
16 266 23 25 0.581
808 66 13 16 0.575
759 55 11 15 0.540
954 191 14 17 0.533
982 74 15 17 0.523
387 430 38 38 0.410
273 32 8 9 0.398
249 27 7 9 0.375
223 33 7 8 0.350
346 41 6 8 0.349
937 168 13 16 0.342
820 44 11 14 0.328
744 41 14 14 0.320
236 30 7 9 0.316
702 50 7 9 0.285
883 187 16 18 0.277
766 44 10 10 0.270
320 36 7 8 0.267
988 50 13 14 0.265
866 149 13 14 0.254
171 35 9 9 0.253
128 74 7 9 0.243
296 35 8 9 0.229
665 41 6 8 0.220
169 37 8 9 0.214
680 51 7 8 0.208
182 33 7 8 0.153
750 41 10 11 0.150
161 46 7 8 0.132
704 51 7 9 0.128
741 42 11 13 0.126
801 46 14 15 0.117
699 52 7 8 0.110
733 64 9 10 0.106
474 38 6 8 0.104
943 172 20 16 0.100
162 41 7 10 0.100
951 120 16 17 0.099
909 142 12 15 0.098
750 45 20 25 0.092
89 64 8 10 0.091
241 30 19 8 0.091
963 88 12 14 0.086
223 36 7 8 0.086
955 119 16 23 0.085
736 60 11 13 0.084
735 430 27 28 0.084
320 33 8 9 0.082
219 33 28 7 0.077
296 33 8 8 0.074
662 43 12 8 0.072
818 37 10 12 0.069
954 111 15 16 0.061
909 145 14 23 0.058
958 128 15 16 0.057
1014 32 9 14 0.052
357 40 6 7 0.052
332 33 8 8 0.048
984 49 12 14 0.047
710 62 7 9 0.047
184 31 7 12 0.047
328 39 25 7 0.046
802 62 13 16 0.042
0 556 22 113 0.042
988 54 21 14 0.041
640 41 6 7 0.041
987 73 13 16 0.039
75 53 7 8 0.039
837 165 13 17 0.039
888 30 11 14 0.039
128 72 8 8 0.038
566 71 6 6 0.036
105 89 8 8 0.035
584 66 7 8 0.034
480 34 13 7 0.033
791 57 12 13 0.032
182 52 8 8 0.031
243 33 36 7 0.031
479 33 7 7 0.029
1009 55 14 15 0.029
819 34 13 16 0.029
837 161 18 18 0.029
960 186 15 16 0.027
894 59 12 16 0.027
38 58 8 8 0.026
857 30 12 13 0.026
983 108 13 15 0.026
43 81 8 10 0.024
180 34 9 27 0.023
310 21 7 7 0.023
706 60 30 12 0.023
171 35 7 8 0.023
1001 233 16 18 0.021
528 60 6 8 0.021
585 70 6 8 0.021
486 33 7 7 0.020
