41_Swimming_Swimming_41_725
34
604 512 34 43 0.874
869 305 32 42 0.866
691 317 36 46 0.862
470 104 30 36 0.861
249 521 32 42 0.859
535 98 31 41 0.858
913 109 30 38 0.858
82 524 35 44 0.856
698 509 32 41 0.856
244 342 31 40 0.852
167 524 32 41 0.850
492 325 34 46 0.849
780 98 30 38 0.849
843 104 30 38 0.848
157 344 35 42 0.847
73 343 31 40 0.846
711 106 29 38 0.846
607 325 32 43 0.845
787 512 34 42 0.844
410 334 36 43 0.844
339 163 32 39 0.843
336 516 31 39 0.840
647 104 30 39 0.840
329 337 29 41 0.839
520 513 33 42 0.838
876 494 33 41 0.837
593 97 27 35 0.837
430 517 29 38 0.836
415 102 31 41 0.834
287 159 31 38 0.827
184 250 31 36 0.826
779 312 34 41 0.817
88 294 32 36 0.813
1019 327 5 15 0.025
