41_Swimming_Swimming_41_491
48
316 365 47 55 0.863
86 204 21 24 0.805
408 131 23 26 0.802
562 48 17 21 0.791
777 21 18 26 0.788
289 294 39 43 0.788
0 26 15 28 0.779
647 233 22 30 0.777
626 188 20 26 0.775
208 215 19 24 0.771
845 24 19 26 0.763
149 213 17 24 0.760
611 424 37 39 0.747
356 186 20 26 0.741
412 10 18 25 0.726
722 203 21 26 0.717
712 16 18 24 0.708
664 32 18 24 0.706
793 192 19 24 0.705
513 35 21 26 0.700
859 190 20 22 0.519
968 212 16 21 0.491
455 194 20 25 0.475
625 20 18 21 0.456
454 88 16 20 0.433
890 191 18 21 0.395
120 225 16 19 0.285
707 36 17 20 0.257
421 178 20 23 0.223
138 39 9 10 0.183
630 14 16 19 0.109
715 15 25 25 0.102
620 23 16 20 0.101
757 4 13 15 0.075
685 29 18 21 0.069
636 66 18 21 0.068
760 261 22 24 0.057
769 415 25 23 0.054
732 16 16 20 0.053
539 212 19 23 0.051
962 212 17 21 0.045
28 214 16 19 0.039
244 204 20 21 0.036
422 186 20 21 0.035
1016 137 8 27 0.034
427 240 23 24 0.029
958 222 14 18 0.023
955 467 28 27 0.020
