41_Swimming_Swimming_41_411
28
53 564 28 34 0.701
542 491 14 18 0.585
480 477 16 21 0.540
388 265 7 8 0.324
813 446 12 15 0.243
64 385 6 8 0.240
202 405 6 8 0.147
385 399 7 8 0.147
407 408 7 9 0.111
602 398 9 9 0.055
432 411 7 9 0.054
369 270 7 7 0.053
223 412 6 7 0.051
420 402 8 9 0.049
430 407 8 10 0.048
411 405 12 8 0.043
390 268 6 8 0.039
53 550 29 37 0.039
63 388 7 8 0.038
373 268 13 8 0.030
860 463 9 13 0.029
823 342 7 7 0.028
811 466 11 12 0.027
982 388 7 8 0.025
810 453 10 22 0.024
833 463 9 11 0.024
861 466 10 12 0.022
91 582 26 41 0.020
