17_Ceremony_Ceremony_17_619
128
859 385 12 14 0.643
528 369 9 13 0.632
333 356 12 14 0.597
611 437 13 17 0.593
386 357 12 15 0.583
875 360 10 12 0.570
473 354 10 13 0.566
678 370 11 12 0.562
708 344 14 17 0.553
495 370 10 10 0.469
357 361 11 13 0.442
979 364 8 10 0.405
218 439 27 46 0.390
544 372 9 10 0.361
569 385 9 10 0.352
244 404 9 10 0.324
404 352 12 14 0.308
50 367 10 13 0.282
82 363 10 12 0.282
1008 336 12 15 0.256
509 362 9 10 0.224
365 334 7 8 0.224
653 377 9 9 0.222
64 366 9 11 0.215
451 399 14 15 0.201
319 358 10 13 0.193
608 400 8 9 0.192
94 368 11 13 0.190
571 388 9 11 0.186
837 358 8 9 0.178
407 353 14 14 0.174
17 369 10 12 0.165
835 356 9 10 0.165
368 365 12 13 0.157
4 367 11 13 0.150
414 355 11 13 0.150
505 363 10 10 0.147
443 354 11 15 0.141
240 374 10 11 0.140
166 361 10 12 0.135
86 365 19 14 0.134
76 389 9 11 0.127
574 425 11 13 0.127
766 361 15 18 0.124
639 433 12 14 0.113
25 370 10 12 0.104
530 308 8 9 0.104
544 389 9 11 0.096
222 361 9 12 0.087
814 372 9 10 0.083
507 362 15 11 0.083
4 368 28 12 0.081
163 362 12 14 0.081
563 339 8 8 0.080
741 405 13 14 0.077
30 413 38 45 0.076
653 396 10 10 0.075
4 363 10 12 0.067
832 352 8 9 0.066
552 405 10 13 0.066
263 363 10 12 0.065
188 355 9 10 0.060
517 447 12 15 0.059
443 358 13 16 0.058
295 344 13 17 0.057
771 364 13 16 0.057
496 393 9 12 0.056
284 346 11 13 0.055
606 397 12 14 0.054
247 403 13 10 0.052
772 401 12 13 0.050
864 360 12 11 0.049
703 428 11 13 0.049
440 358 11 14 0.048
961 433 8 8 0.047
102 374 11 13 0.044
538 327 9 13 0.041
298 408 8 9 0.041
260 396 8 10 0.040
586 424 11 13 0.040
129 359 11 13 0.040
159 374 13 14 0.040
765 354 12 17 0.039
502 301 8 24 0.039
374 335 9 9 0.038
530 304 7 24 0.037
749 330 10 9 0.036
162 371 12 15 0.036
239 371 18 15 0.035
657 356 10 16 0.035
540 370 11 13 0.035
233 369 19 16 0.034
573 369 8 9 0.034
135 118 7 8 0.034
777 344 14 17 0.033
147 378 13 14 0.033
173 233 6 7 0.031
474 355 16 12 0.029
872 356 12 14 0.029
53 112 7 7 0.029
152 356 15 14 0.028
222 358 20 11 0.027
862 357 18 12 0.027
699 343 16 16 0.027
743 346 10 21 0.026
237 397 16 37 0.026
812 352 14 9 0.026
625 352 9 10 0.026
657 396 8 10 0.026
748 328 8 9 0.026
225 360 23 24 0.025
608 480 14 15 0.025
518 283 7 26 0.024
43 372 12 11 0.023
18 219 6 6 0.023
515 399 9 10 0.022
761 350 20 22 0.022
186 356 23 10 0.022
419 358 14 13 0.022
96 214 6 6 0.022
816 352 28 9 0.022
184 353 9 9 0.022
1004 334 13 16 0.021
290 343 14 16 0.021
745 403 14 13 0.021
200 357 18 11 0.020
192 357 12 16 0.020
307 307 8 9 0.020
