17_Ceremony_Ceremony_17_824
1247
347 126 54 67 0.841
933 573 30 41 0.835
560 159 56 67 0.830
887 536 34 40 0.830
693 561 32 38 0.829
815 536 33 44 0.826
970 554 35 44 0.822
736 558 32 39 0.822
501 530 26 35 0.821
455 546 26 34 0.818
755 493 26 33 0.809
853 500 23 29 0.797
797 502 25 33 0.787
978 517 28 34 0.775
932 394 19 23 0.763
699 499 20 26 0.760
807 406 20 24 0.759
814 437 19 25 0.758
659 540 24 32 0.751
482 309 13 17 0.750
785 396 20 24 0.749
852 452 24 28 0.746
191 500 16 19 0.745
978 459 24 27 0.742
794 351 15 19 0.742
865 433 21 25 0.739
46 517 18 25 0.739
784 539 25 35 0.738
494 474 21 28 0.738
822 496 24 31 0.734
743 425 18 23 0.734
870 346 14 19 0.733
997 375 19 22 0.733
839 371 18 21 0.733
1008 420 16 25 0.733
81 450 15 18 0.732
950 366 17 21 0.732
788 433 19 24 0.729
84 419 15 18 0.727
719 405 18 23 0.726
263 335 14 16 0.726
166 531 19 24 0.724
957 396 18 22 0.719
873 397 19 22 0.714
228 454 14 19 0.709
757 403 18 22 0.708
165 453 14 17 0.707
245 439 15 18 0.706
780 473 23 25 0.705
442 438 17 20 0.702
694 525 27 32 0.699
239 497 18 21 0.696
483 275 11 13 0.696
672 440 21 24 0.695
792 371 17 21 0.689
919 186 13 16 0.680
133 529 18 23 0.679
692 471 19 24 0.679
64 272 12 16 0.679
233 339 11 14 0.678
954 341 16 20 0.678
37 413 13 17 0.676
486 233 12 15 0.674
183 337 11 14 0.674
273 532 18 26 0.673
772 48 10 12 0.673
72 526 17 21 0.672
860 206 12 15 0.670
649 228 11 14 0.669
971 364 17 21 0.668
684 410 17 22 0.668
869 145 10 13 0.667
96 523 17 22 0.667
229 316 12 15 0.666
253 314 11 15 0.664
163 409 13 17 0.662
226 285 12 15 0.662
980 392 19 23 0.661
21 370 14 17 0.660
889 499 28 34 0.660
951 203 13 15 0.660
942 63 11 14 0.660
155 313 12 15 0.657
125 311 12 16 0.657
990 493 23 28 0.657
926 318 14 16 0.656
961 294 14 16 0.652
138 376 12 14 0.650
120 426 14 18 0.648
457 273 13 14 0.648
541 233 11 13 0.647
520 231 10 12 0.645
499 216 10 13 0.645
726 191 12 15 0.643
998 90 9 12 0.643
241 567 18 22 0.642
793 77 11 12 0.641
444 234 11 13 0.638
916 341 14 18 0.635
725 213 11 14 0.630
510 193 11 14 0.630
880 209 13 16 0.629
217 372 13 17 0.628
847 47 11 13 0.627
912 212 13 15 0.626
207 537 18 24 0.626
740 290 14 16 0.625
554 118 12 14 0.625
226 536 19 26 0.624
766 327 13 16 0.621
1005 313 15 17 0.620
781 333 14 16 0.619
466 211 11 14 0.618
760 211 13 16 0.615
694 379 16 20 0.614
141 416 13 16 0.612
973 159 12 15 0.611
202 283 12 16 0.606
871 328 13 16 0.604
412 154 11 12 0.604
972 324 14 18 0.603
169 377 13 16 0.603
993 192 13 16 0.601
450 419 14 17 0.601
617 228 12 13 0.600
128 359 12 14 0.599
872 174 12 15 0.598
262 264 12 14 0.596
992 234 12 15 0.590
803 112 10 13 0.589
697 213 12 14 0.588
107 282 12 15 0.588
875 82 9 11 0.585
989 107 10 12 0.585
918 139 10 13 0.583
815 332 14 17 0.582
681 248 15 18 0.582
694 339 15 17 0.579
895 391 16 21 0.578
146 253 12 15 0.577
722 148 10 13 0.576
773 173 11 15 0.574
158 290 12 15 0.573
954 44 11 13 0.571
837 331 16 19 0.570
150 516 16 17 0.569
910 398 18 22 0.564
256 387 15 17 0.564
860 90 11 13 0.564
952 151 12 15 0.563
819 53 10 11 0.562
883 313 13 16 0.561
201 437 15 17 0.560
859 109 11 13 0.559
942 298 14 17 0.557
87 159 11 14 0.555
897 311 13 16 0.555
631 216 11 14 0.554
423 512 18 27 0.554
827 204 11 15 0.554
138 228 12 13 0.554
610 50 11 14 0.553
1 380 17 18 0.553
679 274 12 14 0.552
766 195 12 14 0.551
834 350 16 18 0.551
908 66 10 13 0.549
921 11 11 13 0.547
735 51 10 11 0.542
757 449 22 28 0.542
454 177 11 13 0.542
913 427 20 24 0.541
129 290 12 16 0.541
720 332 13 15 0.541
1003 119 10 13 0.541
464 440 15 19 0.540
283 210 10 12 0.539
62 369 12 15 0.538
895 48 10 13 0.537
712 256 11 14 0.537
497 247 11 15 0.536
463 252 11 14 0.534
164 225 11 15 0.531
742 229 12 14 0.527
130 394 13 15 0.527
810 352 14 18 0.526
974 64 10 12 0.526
471 154 10 12 0.524
227 402 15 18 0.523
909 169 11 13 0.523
763 351 14 17 0.523
397 174 11 15 0.523
504 127 11 13 0.522
301 173 9 11 0.521
72 483 16 18 0.520
85 263 11 14 0.520
256 362 12 17 0.519
127 454 16 19 0.519
966 108 9 11 0.518
1016 170 8 14 0.517
771 247 12 13 0.517
330 88 9 12 0.516
218 248 12 14 0.515
681 336 14 16 0.514
879 119 12 13 0.512
872 46 10 13 0.512
826 171 11 14 0.507
630 176 12 13 0.507
700 295 13 16 0.507
60 410 12 15 0.507
952 133 10 12 0.504
1012 277 12 15 0.504
518 155 14 14 0.502
975 92 9 13 0.501
68 185 12 14 0.501
911 370 17 20 0.500
254 292 12 15 0.499
704 95 11 13 0.498
119 406 12 16 0.498
9 224 11 14 0.497
25 244 12 15 0.495
442 211 10 12 0.494
208 337 12 14 0.493
497 155 11 13 0.492
194 368 13 16 0.491
970 77 10 12 0.490
992 355 15 17 0.490
700 151 11 13 0.489
764 61 10 12 0.488
250 536 17 23 0.488
774 277 12 15 0.486
977 135 12 13 0.484
706 323 13 15 0.482
798 269 12 14 0.481
580 56 10 12 0.481
942 122 10 11 0.480
754 370 16 20 0.479
1 305 13 18 0.477
962 414 20 24 0.475
193 422 14 16 0.474
944 87 10 13 0.474
200 454 15 19 0.473
159 433 14 17 0.472
753 148 12 14 0.472
545 92 11 14 0.468
770 133 11 13 0.467
35 176 11 13 0.466
804 317 14 17 0.465
839 400 19 22 0.463
436 192 11 13 0.463
681 354 13 17 0.461
786 208 13 14 0.461
796 46 11 12 0.460
913 95 10 12 0.458
694 174 12 14 0.457
192 310 15 19 0.456
1002 335 16 18 0.455
739 330 13 17 0.454
231 193 10 12 0.453
530 79 12 13 0.450
645 186 12 14 0.450
827 226 11 16 0.450
1014 510 10 29 0.447
905 107 10 13 0.445
146 352 11 14 0.445
148 488 17 21 0.444
835 434 21 28 0.443
262 192 10 13 0.443
176 271 11 14 0.441
1005 135 11 13 0.439
898 129 10 13 0.437
477 507 18 22 0.435
51 257 11 15 0.435
916 501 24 31 0.433
310 211 11 12 0.433
29 114 11 13 0.433
314 190 11 13 0.431
435 139 10 11 0.427
939 106 9 11 0.427
306 103 10 11 0.427
853 354 16 19 0.426
480 417 13 18 0.424
35 275 13 16 0.422
732 76 11 13 0.421
418 180 10 12 0.420
772 377 17 21 0.418
763 77 9 11 0.417
1004 63 11 12 0.416
1008 104 10 12 0.416
605 93 10 13 0.414
152 47 12 14 0.412
74 230 12 13 0.410
464 107 12 13 0.405
694 192 12 14 0.403
427 213 10 12 0.403
400 211 10 12 0.399
253 152 10 13 0.397
439 155 10 12 0.396
7 115 12 14 0.390
757 234 12 14 0.389
546 63 10 13 0.386
1017 355 7 18 0.385
688 140 10 13 0.383
829 93 10 12 0.382
858 316 13 15 0.382
835 106 11 14 0.382
169 206 11 14 0.380
448 290 13 15 0.378
64 350 13 15 0.378
92 361 14 16 0.376
893 196 12 14 0.376
886 342 14 16 0.376
1013 463 10 27 0.375
652 105 12 15 0.375
162 361 11 13 0.371
482 125 10 14 0.370
471 192 10 12 0.368
185 227 12 15 0.362
31 303 12 15 0.359
62 249 12 14 0.355
527 108 11 13 0.355
173 155 10 12 0.353
934 169 11 13 0.352
703 266 12 15 0.352
419 543 18 25 0.347
297 192 9 12 0.345
981 3 11 13 0.345
202 202 11 12 0.344
283 70 9 11 0.341
457 85 10 12 0.340
462 137 12 14 0.339
93 344 11 14 0.338
237 355 12 15 0.337
487 89 10 13 0.336
914 301 12 16 0.333
626 80 11 12 0.332
285 103 9 11 0.332
298 146 9 10 0.329
938 394 32 23 0.328
109 12 10 12 0.327
617 138 10 12 0.327
886 362 15 19 0.326
714 276 12 16 0.323
728 355 14 16 0.323
55 121 11 13 0.321
783 257 12 15 0.321
49 479 18 22 0.320
1016 3 8 13 0.317
887 66 11 12 0.316
813 79 11 12 0.316
953 252 12 13 0.316
933 79 10 13 0.315
80 132 12 15 0.315
1 243 11 14 0.315
484 8 10 12 0.315
201 437 13 34 0.312
149 400 13 16 0.312
257 75 10 12 0.310
751 127 10 14 0.309
327 50 10 12 0.308
444 62 9 11 0.305
347 14 10 12 0.305
518 176 10 12 0.304
783 311 13 15 0.303
466 420 16 16 0.303
728 300 11 13 0.301
850 82 11 13 0.301
673 377 15 17 0.297
986 148 12 15 0.294
975 347 16 18 0.294
93 325 12 15 0.286
803 174 12 13 0.286
456 316 12 14 0.285
803 10 9 11 0.284
219 503 15 18 0.283
188 177 9 11 0.280
935 550 27 38 0.279
184 190 10 14 0.279
870 344 26 18 0.279
793 500 49 33 0.279
742 171 11 13 0.277
795 351 26 19 0.276
191 14 10 11 0.276
88 377 13 16 0.276
234 90 9 12 0.275
133 8 10 11 0.273
626 111 11 13 0.272
63 170 10 12 0.271
27 345 13 17 0.270
0 419 9 17 0.270
159 167 10 12 0.270
696 82 11 12 0.270
903 151 11 15 0.269
315 157 10 12 0.267
197 152 11 13 0.265
22 431 13 15 0.265
229 145 9 11 0.265
905 452 23 31 0.263
1015 248 9 15 0.263
201 266 10 13 0.263
120 493 17 20 0.261
242 128 10 11 0.259
973 322 20 17 0.258
513 80 11 12 0.258
444 98 10 12 0.257
322 8 10 10 0.256
884 98 11 13 0.255
702 327 14 17 0.253
310 128 9 12 0.252
242 176 9 12 0.248
902 82 11 12 0.247
497 70 11 11 0.247
860 415 17 21 0.246
203 107 9 11 0.241
729 379 16 20 0.241
992 170 13 15 0.240
206 411 14 16 0.239
218 155 10 11 0.239
45 98 11 13 0.239
203 385 13 16 0.239
294 21 10 12 0.237
320 117 10 14 0.234
259 209 10 12 0.233
146 7 10 12 0.233
129 48 13 13 0.232
536 210 11 12 0.232
101 311 11 13 0.230
97 393 11 14 0.230
484 548 19 26 0.230
25 164 10 13 0.229
6 132 12 15 0.229
519 138 12 14 0.228
958 275 12 14 0.227
13 289 14 15 0.225
273 183 9 11 0.225
549 45 12 13 0.224
469 66 11 12 0.222
30 74 9 13 0.222
969 123 10 14 0.221
368 64 12 13 0.220
940 326 14 18 0.219
937 279 14 16 0.218
420 551 20 32 0.218
760 480 29 42 0.217
715 108 11 14 0.217
867 372 16 19 0.217
444 516 22 26 0.217
313 82 9 13 0.216
186 203 12 12 0.216
427 499 17 21 0.216
975 309 13 17 0.215
258 515 16 21 0.214
845 285 12 15 0.214
811 285 13 14 0.213
323 177 10 11 0.213
280 155 9 10 0.210
92 28 11 13 0.208
74 526 42 20 0.207
228 113 10 11 0.207
57 71 11 13 0.206
182 439 14 17 0.206
859 298 13 15 0.206
997 345 15 20 0.205
795 45 11 22 0.204
508 98 10 12 0.203
762 304 13 15 0.202
295 119 10 12 0.202
854 205 37 15 0.200
582 81 11 15 0.198
82 76 10 13 0.198
0 262 7 14 0.196
205 529 17 23 0.194
151 338 11 12 0.193
115 33 9 12 0.192
945 507 25 32 0.188
281 8 10 11 0.187
755 9 11 13 0.187
687 383 15 20 0.186
506 8 9 11 0.186
213 91 10 12 0.185
185 184 11 15 0.183
213 71 12 13 0.182
5 220 12 16 0.182
76 27 10 12 0.182
209 14 11 12 0.181
343 58 10 12 0.180
700 89 12 15 0.179
245 10 11 11 0.179
43 94 11 15 0.177
212 425 15 18 0.177
902 304 23 21 0.176
630 55 10 13 0.176
511 83 11 15 0.175
752 107 11 13 0.175
151 358 22 14 0.174
81 430 15 40 0.174
88 363 15 31 0.173
76 403 14 17 0.173
460 261 11 29 0.172
415 193 10 13 0.172
946 183 12 16 0.172
713 262 11 29 0.171
787 402 40 25 0.171
891 370 20 20 0.171
238 426 14 16 0.170
465 486 16 21 0.170
890 49 16 16 0.169
247 539 18 47 0.169
751 319 12 14 0.169
924 303 12 29 0.167
449 508 21 26 0.166
259 114 10 12 0.166
706 122 11 12 0.163
165 495 15 16 0.162
720 331 14 29 0.162
969 98 10 18 0.161
528 249 10 12 0.161
47 149 11 13 0.160
847 332 17 16 0.159
0 215 10 13 0.159
10 529 19 22 0.159
437 212 19 13 0.158
837 63 11 14 0.158
686 91 10 11 0.158
456 268 13 27 0.157
585 121 11 15 0.157
1016 337 8 36 0.157
538 216 12 19 0.156
779 0 11 11 0.155
865 284 13 14 0.155
415 8 10 11 0.155
851 397 49 22 0.154
262 99 9 11 0.154
89 54 13 15 0.153
130 29 10 12 0.153
899 131 10 17 0.153
65 497 15 20 0.152
861 63 11 13 0.152
90 373 17 21 0.151
265 523 19 26 0.151
160 453 40 17 0.150
884 292 13 16 0.150
941 320 17 20 0.149
538 1 8 9 0.148
827 210 11 32 0.148
202 371 33 16 0.147
311 186 12 14 0.147
443 1 10 11 0.147
716 63 11 13 0.147
148 505 17 31 0.146
97 114 10 10 0.146
420 56 9 11 0.145
954 378 22 41 0.144
720 450 20 22 0.143
72 381 16 16 0.142
0 354 8 16 0.142
98 40 10 13 0.142
216 176 10 11 0.142
260 262 12 24 0.141
233 81 10 21 0.141
260 129 10 12 0.140
895 379 21 34 0.139
826 173 14 18 0.139
719 387 17 20 0.139
430 267 15 18 0.139
790 170 13 14 0.139
891 406 18 26 0.138
170 498 16 18 0.138
812 50 18 13 0.138
143 48 27 11 0.138
638 151 10 12 0.138
115 75 13 15 0.138
228 59 10 11 0.137
1013 522 11 33 0.136
606 82 10 12 0.136
457 164 11 15 0.135
231 553 19 24 0.135
259 575 20 24 0.135
157 25 10 12 0.134
487 230 12 27 0.134
655 181 12 14 0.133
622 113 16 12 0.133
716 370 15 19 0.132
651 89 12 17 0.132
840 190 13 17 0.131
0 176 9 13 0.131
241 466 13 16 0.131
305 8 9 11 0.130
4 230 13 19 0.129
14 59 11 12 0.129
695 194 13 22 0.127
529 106 12 15 0.127
420 127 11 13 0.127
460 128 10 12 0.126
723 491 21 28 0.126
918 156 12 13 0.124
977 242 13 16 0.124
262 411 13 16 0.124
207 451 38 21 0.124
741 359 14 17 0.122
421 513 46 24 0.122
490 542 21 28 0.122
750 369 29 29 0.122
538 193 13 11 0.121
887 396 43 22 0.121
10 81 10 13 0.121
926 256 12 15 0.121
781 313 14 24 0.121
758 350 16 30 0.120
915 122 10 12 0.119
370 3 10 11 0.119
253 5 10 12 0.118
839 185 12 16 0.118
498 237 14 24 0.117
908 285 12 14 0.117
275 208 13 13 0.117
68 385 14 18 0.116
228 535 29 50 0.116
244 569 23 27 0.116
922 494 27 32 0.116
640 88 16 14 0.116
526 22 10 10 0.114
323 33 11 14 0.113
229 58 9 23 0.113
31 446 14 17 0.112
122 378 12 15 0.111
771 165 11 38 0.111
18 508 17 21 0.110
548 48 10 27 0.109
131 465 16 23 0.108
769 427 16 20 0.108
93 315 13 27 0.108
148 345 11 17 0.108
172 455 22 16 0.107
175 226 24 16 0.107
95 315 13 16 0.107
834 331 37 17 0.107
395 171 14 22 0.106
444 7 10 13 0.106
663 295 12 19 0.106
926 63 10 12 0.106
1 385 13 20 0.106
584 104 11 15 0.106
933 449 20 25 0.105
580 84 12 23 0.105
682 399 40 32 0.105
794 61 9 12 0.104
689 332 26 24 0.104
6 255 13 15 0.104
16 92 11 13 0.103
149 277 13 13 0.103
181 475 15 17 0.103
31 288 13 37 0.102
67 156 11 13 0.102
507 450 17 26 0.102
37 230 12 14 0.102
326 42 9 24 0.101
839 116 11 13 0.101
215 99 9 19 0.101
180 437 14 30 0.101
971 29 10 12 0.100
233 265 12 14 0.100
200 267 13 59 0.100
389 69 9 11 0.100
496 139 11 12 0.100
838 327 21 20 0.100
95 368 14 20 0.099
821 53 11 17 0.099
320 177 10 20 0.099
651 75 10 11 0.098
175 502 12 16 0.098
918 63 14 13 0.098
921 306 15 54 0.097
966 321 17 19 0.097
940 188 16 13 0.097
915 320 15 67 0.097
226 133 11 12 0.097
418 76 11 14 0.095
780 142 14 15 0.095
988 282 12 14 0.095
41 49 12 15 0.094
212 0 10 11 0.094
677 77 10 11 0.093
265 79 13 13 0.093
958 275 12 34 0.093
813 204 12 15 0.092
630 66 10 13 0.092
61 106 10 12 0.092
716 58 10 17 0.092
870 310 13 68 0.092
365 81 11 13 0.092
314 66 10 12 0.091
622 108 13 13 0.091
938 295 43 16 0.091
882 502 25 28 0.089
163 10 9 11 0.089
625 205 10 13 0.089
807 173 36 15 0.088
717 48 10 11 0.088
740 392 16 19 0.088
795 299 14 18 0.087
706 495 25 29 0.087
727 183 10 54 0.087
214 397 21 18 0.086
721 139 12 24 0.086
411 90 11 12 0.086
429 280 16 19 0.086
253 238 13 15 0.085
264 415 14 17 0.085
585 39 9 12 0.085
133 436 16 19 0.085
236 460 15 19 0.084
776 113 11 13 0.084
973 370 46 34 0.084
166 95 13 13 0.083
212 539 27 25 0.083
815 330 43 19 0.083
121 383 13 73 0.083
0 510 7 21 0.083
796 272 13 16 0.083
2 35 8 12 0.082
292 122 10 26 0.082
74 234 13 17 0.082
979 237 12 16 0.081
572 99 17 16 0.081
116 52 18 14 0.081
435 82 10 12 0.081
949 413 18 25 0.081
754 458 22 29 0.081
721 369 21 38 0.080
115 63 14 34 0.080
464 472 15 23 0.080
277 130 23 13 0.079
702 435 19 21 0.079
828 61 21 17 0.079
523 78 21 16 0.079
563 2 13 11 0.079
1013 234 9 14 0.079
622 151 11 12 0.079
753 112 9 29 0.079
339 30 11 12 0.079
610 42 13 33 0.079
412 146 12 23 0.079
811 484 21 25 0.078
612 113 9 12 0.078
994 172 12 23 0.078
460 4 10 11 0.077
250 242 11 14 0.077
681 320 13 67 0.077
839 304 13 16 0.077
858 84 24 19 0.077
888 415 18 22 0.077
16 43 13 12 0.077
367 23 10 13 0.076
603 13 12 14 0.076
396 56 11 13 0.076
951 176 10 14 0.076
249 61 11 12 0.076
767 324 30 26 0.076
830 70 11 16 0.075
320 112 11 13 0.075
682 108 10 13 0.075
235 8 10 10 0.075
244 8 19 11 0.075
665 138 13 13 0.075
259 234 13 14 0.075
908 286 14 25 0.075
278 102 40 12 0.074
541 45 14 13 0.074
2 284 15 14 0.074
277 171 9 12 0.074
450 503 17 21 0.074
198 37 11 13 0.073
617 0 10 11 0.073
728 123 11 13 0.073
756 373 54 24 0.073
159 182 10 12 0.073
431 112 10 12 0.073
602 62 12 15 0.073
524 6 9 24 0.073
805 84 13 13 0.073
230 186 17 14 0.073
913 167 32 13 0.073
45 102 24 12 0.073
829 190 17 28 0.071
209 182 12 13 0.071
533 125 11 14 0.071
734 330 48 16 0.071
129 446 16 22 0.071
79 403 13 26 0.071
475 515 20 28 0.071
31 63 10 14 0.071
402 133 12 16 0.070
223 475 15 17 0.070
557 24 10 14 0.070
710 251 14 49 0.070
834 89 10 42 0.070
653 132 12 15 0.069
15 52 11 19 0.069
546 23 10 12 0.069
1 62 9 16 0.068
154 511 19 19 0.068
187 316 14 17 0.068
658 273 9 13 0.067
512 165 11 56 0.067
64 41 12 13 0.067
181 387 14 15 0.067
504 178 10 62 0.067
947 11 11 14 0.067
1 58 10 14 0.066
637 226 51 21 0.066
25 437 17 30 0.066
593 68 16 13 0.066
46 474 15 19 0.066
554 38 11 14 0.065
399 0 11 13 0.065
310 188 12 43 0.065
444 417 44 40 0.065
143 279 15 17 0.065
1017 165 7 14 0.065
634 124 14 13 0.065
789 365 19 59 0.065
98 378 12 27 0.065
681 77 9 17 0.064
932 11 15 14 0.064
803 11 13 14 0.064
154 14 13 24 0.064
343 21 10 14 0.064
551 2 10 9 0.064
124 449 16 20 0.064
990 174 12 16 0.064
1010 274 12 15 0.064
196 248 10 13 0.063
826 110 25 16 0.063
740 49 9 11 0.063
230 542 20 28 0.063
24 156 15 23 0.063
118 480 14 16 0.062
260 117 29 10 0.062
704 330 56 16 0.062
648 138 19 12 0.062
194 284 52 14 0.062
420 56 9 22 0.062
22 240 26 27 0.061
357 332 10 11 0.061
246 58 10 13 0.061
272 133 11 12 0.061
786 143 9 33 0.061
281 117 14 15 0.061
721 389 21 29 0.061
159 170 10 23 0.061
179 79 13 13 0.060
573 94 11 14 0.060
274 8 10 12 0.060
84 358 16 19 0.060
259 131 27 11 0.060
671 395 15 19 0.060
761 185 11 80 0.060
320 329 10 11 0.060
162 95 12 14 0.059
519 233 10 14 0.059
379 67 21 11 0.059
226 532 16 22 0.059
507 9 11 13 0.059
83 213 13 14 0.059
695 297 14 17 0.059
207 1 16 12 0.058
624 152 26 10 0.058
617 135 12 20 0.058
504 55 9 13 0.058
734 233 51 17 0.057
379 334 10 11 0.057
742 241 13 27 0.057
771 105 12 13 0.057
51 27 11 12 0.057
710 172 12 13 0.056
107 92 11 13 0.056
57 446 14 18 0.056
732 80 11 22 0.056
741 253 14 16 0.055
177 536 20 26 0.055
507 5 28 11 0.055
420 10 12 11 0.055
458 490 21 27 0.055
79 70 15 20 0.055
274 200 22 30 0.055
52 485 18 22 0.055
523 4 19 10 0.055
0 424 9 22 0.055
796 78 10 21 0.054
751 110 11 17 0.054
846 280 13 13 0.054
163 369 13 19 0.054
654 158 11 14 0.053
554 77 11 12 0.053
893 441 18 23 0.053
741 297 28 19 0.053
849 401 16 20 0.053
231 292 11 79 0.053
334 363 11 12 0.053
563 4 10 16 0.053
429 0 8 9 0.052
695 376 24 19 0.052
196 134 10 11 0.052
487 100 11 18 0.052
525 246 10 15 0.052
668 495 21 26 0.052
126 267 11 87 0.052
548 74 12 23 0.052
983 297 17 19 0.052
676 296 16 18 0.051
92 32 14 29 0.051
689 145 42 21 0.051
863 23 9 12 0.051
833 122 13 13 0.051
666 453 20 24 0.051
185 76 11 13 0.051
755 468 25 26 0.050
199 256 10 26 0.050
316 190 12 17 0.050
133 470 20 21 0.050
663 302 11 16 0.050
810 70 12 15 0.050
826 116 11 13 0.049
37 459 19 18 0.049
159 339 17 63 0.049
539 46 18 21 0.049
865 285 35 21 0.049
831 109 10 14 0.049
690 171 11 14 0.049
463 466 16 20 0.049
448 51 10 11 0.048
164 132 10 12 0.048
919 477 25 31 0.048
230 8 17 12 0.048
135 249 11 14 0.048
289 23 14 13 0.048
1016 1 8 11 0.048
999 246 13 15 0.048
88 176 12 15 0.048
59 387 21 37 0.048
706 478 39 36 0.047
370 2 10 22 0.047
604 361 9 11 0.047
845 285 32 23 0.047
737 69 12 13 0.047
798 101 11 25 0.047
15 274 17 15 0.046
521 25 11 12 0.046
787 293 14 15 0.046
332 105 11 13 0.046
216 67 13 17 0.046
668 75 20 12 0.046
200 524 16 20 0.046
474 121 16 16 0.046
199 354 14 18 0.045
913 235 12 14 0.045
190 72 11 12 0.045
146 476 16 19 0.045
887 374 17 20 0.045
290 101 29 21 0.045
0 473 11 20 0.045
86 166 13 18 0.045
909 315 15 21 0.044
8 108 18 36 0.044
257 365 15 17 0.044
666 461 18 23 0.044
936 54 24 27 0.044
34 302 15 17 0.044
936 0 11 11 0.044
424 266 15 19 0.044
156 187 11 16 0.044
190 13 16 14 0.044
117 47 56 14 0.043
538 20 15 12 0.043
347 85 9 12 0.043
0 448 7 17 0.043
391 65 18 15 0.043
218 477 16 21 0.043
578 32 12 65 0.043
570 2 21 12 0.043
929 48 26 48 0.043
22 344 15 17 0.043
987 270 12 23 0.043
634 116 16 19 0.042
907 68 10 77 0.042
876 52 11 62 0.042
260 558 16 22 0.042
726 3 12 11 0.042
183 410 32 59 0.042
301 116 28 23 0.042
236 393 23 17 0.042
456 67 13 38 0.041
878 41 15 16 0.041
792 200 13 17 0.041
185 173 11 40 0.041
546 24 23 15 0.041
440 170 11 78 0.041
578 1 11 11 0.041
133 348 15 73 0.040
319 171 16 21 0.040
966 164 19 14 0.040
77 481 17 18 0.040
531 117 12 15 0.040
760 79 11 25 0.040
823 18 10 12 0.040
852 274 18 73 0.040
179 3 16 11 0.040
614 139 10 13 0.040
259 206 11 33 0.040
655 159 9 32 0.039
400 166 13 21 0.039
812 183 11 21 0.039
549 193 10 13 0.039
56 479 21 21 0.039
909 443 20 28 0.039
165 203 12 17 0.039
154 209 28 42 0.039
664 76 11 10 0.039
923 279 23 66 0.039
194 1 10 9 0.039
75 351 30 59 0.039
927 250 13 17 0.038
810 307 18 16 0.038
14 426 17 18 0.038
425 444 14 17 0.038
162 377 12 101 0.038
94 52 25 19 0.038
751 304 13 19 0.038
283 191 15 46 0.037
785 153 11 16 0.037
213 62 12 41 0.037
977 6 12 24 0.037
439 467 14 24 0.037
412 87 17 14 0.037
277 232 11 12 0.037
464 94 9 76 0.037
354 369 11 12 0.037
666 376 18 20 0.036
158 159 15 25 0.036
249 366 19 17 0.036
666 286 23 15 0.036
930 253 44 14 0.036
230 252 10 113 0.036
688 78 17 20 0.036
744 169 16 15 0.036
755 33 32 44 0.036
74 30 15 14 0.036
1 81 9 21 0.036
255 45 11 13 0.036
498 227 64 16 0.036
859 169 13 15 0.036
677 356 13 17 0.036
238 144 17 14 0.036
431 485 19 27 0.036
464 65 10 81 0.036
16 454 16 18 0.036
176 153 11 13 0.036
927 297 29 35 0.036
869 41 13 17 0.035
50 70 45 16 0.035
164 188 18 42 0.035
346 538 21 31 0.035
798 286 57 15 0.035
11 318 13 16 0.035
249 44 12 13 0.035
338 63 14 13 0.035
579 0 17 13 0.035
470 47 11 13 0.034
85 321 14 18 0.034
949 136 34 43 0.034
336 0 9 9 0.034
329 107 12 15 0.034
59 157 18 62 0.034
86 208 14 20 0.034
29 85 12 57 0.034
424 405 11 18 0.034
239 429 15 19 0.034
718 73 22 15 0.034
997 310 18 101 0.034
92 190 12 16 0.034
263 55 21 12 0.033
993 295 13 21 0.033
1 516 11 23 0.033
188 0 11 28 0.033
736 326 14 18 0.033
887 332 17 19 0.033
547 206 9 14 0.033
415 5 21 14 0.033
987 485 23 28 0.033
56 392 15 23 0.033
442 3 13 16 0.032
959 483 23 31 0.032
138 38 19 21 0.032
735 96 13 19 0.032
399 69 12 12 0.032
695 135 11 96 0.032
1004 96 16 17 0.032
83 321 22 84 0.032
559 57 12 14 0.032
800 47 10 98 0.032
295 4 23 13 0.032
19 454 23 19 0.032
280 573 16 24 0.032
927 186 46 45 0.032
221 499 19 26 0.031
928 165 21 13 0.031
12 534 22 21 0.031
0 331 10 20 0.031
124 444 37 86 0.031
66 43 12 26 0.031
583 360 9 10 0.030
991 24 12 16 0.030
257 208 9 11 0.030
63 356 12 18 0.030
279 134 18 33 0.030
409 127 23 17 0.030
704 396 15 21 0.030
274 467 17 27 0.030
205 517 15 20 0.030
266 93 23 11 0.030
477 300 13 18 0.030
921 15 12 14 0.030
107 204 12 15 0.030
532 361 11 16 0.029
192 533 24 25 0.029
166 155 36 13 0.029
72 127 17 16 0.029
260 234 26 11 0.029
627 170 22 16 0.029
963 494 30 32 0.029
237 383 14 17 0.029
852 201 13 18 0.029
91 510 14 21 0.029
185 305 17 109 0.029
653 202 11 14 0.029
81 136 11 16 0.029
320 334 9 12 0.028
126 379 30 67 0.028
978 255 16 19 0.028
713 174 13 15 0.028
427 478 35 45 0.028
971 500 24 28 0.028
200 479 17 17 0.028
48 21 10 14 0.028
1004 464 20 26 0.028
46 23 16 15 0.028
202 347 12 16 0.028
359 55 11 13 0.028
601 7 15 17 0.028
57 121 45 27 0.028
860 179 41 60 0.028
401 163 10 79 0.028
96 61 21 16 0.028
462 56 12 17 0.027
16 514 18 22 0.027
217 289 27 76 0.027
971 32 10 105 0.027
389 39 10 12 0.027
438 0 12 11 0.027
819 53 37 13 0.027
621 74 42 29 0.027
293 0 8 9 0.027
159 97 11 14 0.026
682 135 13 18 0.026
819 195 15 25 0.026
97 196 13 15 0.026
797 25 12 17 0.026
43 229 16 18 0.026
1005 105 13 92 0.026
1018 228 6 14 0.026
425 442 25 20 0.026
534 49 24 73 0.026
807 322 49 67 0.026
707 457 22 25 0.026
184 175 11 15 0.025
879 270 17 17 0.025
273 53 10 13 0.025
403 68 20 15 0.025
646 202 16 16 0.025
225 479 18 27 0.025
742 265 12 27 0.025
793 352 19 35 0.025
498 465 25 33 0.025
884 230 14 16 0.025
440 20 10 13 0.025
835 416 18 23 0.025
166 114 12 21 0.025
753 31 11 12 0.024
511 281 13 15 0.024
487 396 13 17 0.024
408 147 13 21 0.024
1 471 16 19 0.024
768 192 21 18 0.024
479 423 15 23 0.024
466 459 17 21 0.024
189 95 19 13 0.024
770 105 24 16 0.024
282 58 11 40 0.023
253 49 19 26 0.023
989 17 13 27 0.023
396 376 10 12 0.023
550 10 18 24 0.023
15 368 23 24 0.023
475 294 13 16 0.023
757 12 14 12 0.023
668 399 18 24 0.023
383 10 12 12 0.023
962 267 33 94 0.023
466 45 11 14 0.022
278 236 12 13 0.022
922 244 14 30 0.022
9 202 12 16 0.022
29 268 11 125 0.022
721 125 18 12 0.022
275 27 11 13 0.022
657 154 11 15 0.022
412 95 12 18 0.022
297 145 13 74 0.022
873 471 20 24 0.022
334 328 11 12 0.022
423 422 13 20 0.021
369 60 18 22 0.021
561 359 9 10 0.021
726 464 20 25 0.021
72 148 13 15 0.021
637 386 13 16 0.021
489 118 24 76 0.021
404 90 15 13 0.021
464 402 15 15 0.021
716 45 9 11 0.021
80 21 34 21 0.021
510 0 9 9 0.021
918 282 21 16 0.021
1 449 11 29 0.021
971 5 53 12 0.021
508 73 16 14 0.021
84 327 13 23 0.021
802 0 10 64 0.020
563 60 11 13 0.020
240 9 17 14 0.020
872 238 12 15 0.020
421 270 10 16 0.020
220 305 18 19 0.020
871 256 12 17 0.020
839 121 14 16 0.020
311 66 12 45 0.020
