17_Ceremony_Ceremony_17_119
855
926 370 14 18 0.743
732 399 16 19 0.726
576 369 13 17 0.721
720 434 16 20 0.717
829 291 13 17 0.714
552 428 14 16 0.705
118 483 14 17 0.694
972 365 15 19 0.692
744 357 15 18 0.691
875 318 14 17 0.686
674 423 15 18 0.684
58 692 17 24 0.679
799 398 14 18 0.669
464 388 14 17 0.668
691 356 14 19 0.664
640 445 14 16 0.663
254 636 15 20 0.657
528 363 14 17 0.654
852 399 15 20 0.653
221 412 12 14 0.647
613 623 16 21 0.646
117 743 19 23 0.646
470 420 13 17 0.643
573 419 15 17 0.642
852 292 12 15 0.634
270 406 13 16 0.632
595 414 13 15 0.631
178 456 14 16 0.628
841 331 14 18 0.625
411 449 14 17 0.620
632 425 15 18 0.620
515 447 12 15 0.619
940 320 14 16 0.619
880 288 12 15 0.618
599 381 14 17 0.612
233 651 17 20 0.611
651 366 13 17 0.607
386 427 14 16 0.596
502 564 16 19 0.592
733 463 14 17 0.592
599 462 16 18 0.591
562 406 13 16 0.588
804 703 16 20 0.579
668 572 15 20 0.576
310 396 12 15 0.574
658 328 13 15 0.572
967 338 13 16 0.568
460 728 17 24 0.559
753 424 14 16 0.559
433 491 15 18 0.558
573 444 14 17 0.557
915 391 14 17 0.555
720 390 13 17 0.554
938 265 13 18 0.553
863 270 13 17 0.550
685 296 14 16 0.548
766 434 13 17 0.542
501 411 15 18 0.541
261 453 14 17 0.538
143 420 13 15 0.537
664 384 14 19 0.537
946 383 14 16 0.534
288 687 18 22 0.533
528 588 13 18 0.529
998 294 14 17 0.527
368 392 13 15 0.524
204 639 12 17 0.517
497 722 19 24 0.515
669 347 14 16 0.514
351 432 13 15 0.511
895 277 11 15 0.500
991 320 13 19 0.496
260 432 14 17 0.490
691 551 15 20 0.487
402 747 23 21 0.487
757 678 17 21 0.486
1004 272 13 16 0.484
564 310 13 15 0.477
197 741 22 24 0.476
287 372 13 15 0.475
474 351 11 14 0.473
451 446 13 15 0.471
700 466 15 17 0.468
1007 729 16 21 0.467
548 618 17 23 0.467
627 568 15 19 0.467
684 669 17 21 0.465
316 458 16 16 0.463
611 713 19 23 0.456
183 656 14 15 0.454
322 423 12 15 0.453
971 248 10 13 0.450
362 467 15 16 0.449
968 477 13 17 0.447
425 409 13 16 0.442
125 678 15 20 0.441
568 588 15 18 0.438
522 671 17 24 0.425
33 381 12 15 0.424
145 651 15 18 0.418
636 403 13 16 0.400
994 503 15 16 0.397
588 644 20 24 0.391
803 581 17 19 0.391
445 353 13 16 0.387
650 643 17 22 0.386
271 380 11 13 0.381
671 721 19 22 0.379
817 377 13 17 0.378
683 517 15 17 0.373
724 598 16 20 0.372
798 296 13 16 0.371
910 348 12 17 0.368
198 417 13 15 0.366
688 330 12 17 0.366
1006 236 11 13 0.365
609 534 16 18 0.363
329 731 22 30 0.360
887 489 16 19 0.360
894 307 12 15 0.359
745 562 15 16 0.358
528 461 15 18 0.354
402 651 14 19 0.354
591 357 15 17 0.347
414 575 14 16 0.345
479 593 12 15 0.337
703 741 15 20 0.337
955 414 16 20 0.335
802 634 12 17 0.334
48 742 16 20 0.326
142 425 14 18 0.323
394 374 12 13 0.320
533 531 13 16 0.319
476 220 10 12 0.315
186 741 24 24 0.308
118 385 13 14 0.308
573 434 15 20 0.306
429 734 16 20 0.305
517 383 12 16 0.304
909 534 16 18 0.303
986 257 11 13 0.303
620 291 12 14 0.302
427 207 10 12 0.299
662 576 17 21 0.299
785 396 14 19 0.297
442 546 14 17 0.297
219 391 12 14 0.297
361 339 12 15 0.296
379 608 15 16 0.294
429 645 17 21 0.293
202 429 13 17 0.289
691 420 14 19 0.288
537 557 14 16 0.286
494 543 13 17 0.285
327 383 13 14 0.284
405 357 13 17 0.279
535 738 18 21 0.278
134 704 16 20 0.275
463 469 13 16 0.274
658 581 13 17 0.272
638 436 15 25 0.271
344 375 12 14 0.269
920 288 12 15 0.262
474 563 13 16 0.256
478 668 19 22 0.256
919 275 11 13 0.255
87 696 16 21 0.251
577 417 23 18 0.250
791 396 20 20 0.249
553 335 13 16 0.244
543 504 13 21 0.243
950 528 16 20 0.243
250 378 11 14 0.240
307 612 16 19 0.237
512 522 14 18 0.235
354 657 17 23 0.234
798 312 13 15 0.233
914 318 12 17 0.232
444 588 14 18 0.230
512 535 14 20 0.229
633 377 14 16 0.228
492 462 14 17 0.224
985 411 16 18 0.222
355 413 11 14 0.221
587 354 16 17 0.210
178 681 15 18 0.210
494 195 10 11 0.210
835 451 15 17 0.209
431 347 12 13 0.207
752 576 14 20 0.206
812 471 14 18 0.205
412 380 12 14 0.200
797 679 13 17 0.200
486 606 13 17 0.199
499 219 10 14 0.199
157 381 12 14 0.199
755 322 15 18 0.198
624 517 16 17 0.196
482 599 14 19 0.195
871 398 13 17 0.193
609 329 13 16 0.193
922 372 23 20 0.179
328 360 11 14 0.178
514 336 13 17 0.178
216 729 14 20 0.177
717 321 12 14 0.174
704 537 14 15 0.172
807 492 16 18 0.172
993 355 12 15 0.171
514 449 21 20 0.170
551 299 12 13 0.170
743 343 13 21 0.168
592 273 12 14 0.168
451 449 18 22 0.168
727 399 19 30 0.165
751 426 23 24 0.164
799 292 11 33 0.163
489 465 15 18 0.163
627 513 17 18 0.162
279 637 14 19 0.161
519 218 11 13 0.161
276 376 16 16 0.159
971 250 15 15 0.157
748 562 14 27 0.155
614 407 13 15 0.154
190 483 15 19 0.153
1012 362 11 16 0.152
313 614 18 16 0.151
230 627 15 19 0.151
903 459 15 18 0.149
231 471 13 17 0.148
493 743 21 23 0.148
563 189 11 12 0.148
688 337 14 21 0.147
868 463 15 17 0.146
342 450 13 17 0.145
540 189 10 11 0.143
593 710 22 26 0.143
811 382 15 22 0.141
187 668 16 18 0.141
183 745 20 22 0.140
757 306 12 17 0.138
494 733 21 27 0.135
355 416 12 24 0.135
219 510 15 21 0.134
185 659 16 21 0.134
634 509 14 17 0.133
415 229 10 12 0.133
0 729 11 22 0.132
557 536 13 18 0.132
445 159 9 10 0.131
668 279 12 15 0.128
835 741 15 20 0.128
752 429 14 18 0.128
461 221 8 10 0.127
666 712 21 28 0.127
801 431 14 16 0.127
516 524 21 17 0.125
856 684 17 21 0.125
615 523 18 20 0.125
534 402 13 15 0.124
975 279 12 17 0.124
720 604 15 17 0.124
402 60 10 11 0.124
631 318 11 14 0.123
514 172 10 12 0.122
309 582 11 12 0.121
375 606 15 18 0.121
323 726 18 24 0.121
710 653 17 19 0.121
346 426 20 24 0.120
238 641 31 23 0.119
418 576 13 18 0.119
325 733 19 24 0.118
400 356 14 25 0.118
553 469 14 17 0.118
92 703 16 20 0.118
779 551 13 15 0.118
527 313 12 15 0.118
536 151 9 9 0.116
302 602 15 19 0.114
552 549 15 18 0.113
748 485 17 20 0.113
828 376 15 17 0.112
517 425 11 13 0.112
838 576 16 18 0.112
875 279 20 29 0.111
954 302 12 16 0.111
347 436 13 19 0.110
548 516 13 18 0.110
691 378 13 15 0.110
582 644 19 23 0.110
610 184 10 11 0.110
323 609 15 18 0.109
588 716 20 27 0.109
320 459 15 18 0.108
632 179 9 11 0.107
580 352 13 15 0.106
922 315 14 17 0.106
263 636 29 20 0.105
925 438 13 17 0.105
374 408 13 15 0.105
662 378 15 18 0.104
284 686 16 19 0.104
855 321 12 15 0.104
309 461 14 15 0.102
352 647 16 23 0.101
398 161 9 11 0.101
580 495 14 16 0.100
311 395 17 36 0.100
463 612 13 20 0.100
219 516 16 23 0.100
1016 522 8 18 0.099
628 368 16 25 0.099
175 677 15 19 0.098
405 352 13 36 0.098
530 465 15 20 0.097
577 507 15 18 0.096
663 480 15 16 0.096
145 463 12 14 0.095
387 578 12 14 0.095
305 458 12 15 0.095
623 565 15 20 0.095
0 732 10 33 0.094
618 282 12 42 0.093
367 14 11 13 0.092
774 633 15 19 0.092
821 293 52 16 0.092
1005 330 11 15 0.090
350 484 14 19 0.090
923 680 15 16 0.090
498 415 12 16 0.089
561 531 17 18 0.089
627 136 8 10 0.089
974 285 12 17 0.089
592 515 16 16 0.088
548 615 13 18 0.088
410 366 12 26 0.088
541 498 15 45 0.088
440 567 13 16 0.087
422 405 14 17 0.086
489 312 13 17 0.086
287 444 12 16 0.086
521 273 12 17 0.086
950 306 15 17 0.085
714 656 16 20 0.085
409 396 13 17 0.085
765 282 12 15 0.085
989 315 13 17 0.084
236 624 15 19 0.084
660 483 15 19 0.083
83 334 13 15 0.083
443 597 14 20 0.083
354 380 14 14 0.082
372 705 17 23 0.082
943 428 14 17 0.082
659 181 10 12 0.081
512 517 15 36 0.081
219 507 13 17 0.081
241 617 13 16 0.081
95 707 16 20 0.080
383 209 10 13 0.080
412 567 13 21 0.080
970 539 14 18 0.080
347 42 11 14 0.079
652 154 9 11 0.079
396 649 56 19 0.079
332 377 27 16 0.079
631 203 10 13 0.079
91 676 13 16 0.078
539 167 10 11 0.078
717 500 15 18 0.078
184 644 33 23 0.078
334 370 16 24 0.078
629 624 14 18 0.077
325 481 13 16 0.077
371 117 9 10 0.077
166 480 14 18 0.076
421 424 11 13 0.076
433 227 13 13 0.076
146 648 22 28 0.076
618 514 16 19 0.076
376 691 18 30 0.076
861 273 24 20 0.076
52 738 18 21 0.075
751 563 18 35 0.075
997 394 14 17 0.075
505 335 25 22 0.075
381 688 18 25 0.075
336 190 9 12 0.074
89 683 15 19 0.074
457 218 10 13 0.074
761 324 16 18 0.074
352 372 12 17 0.074
282 616 13 14 0.074
581 166 10 9 0.074
673 639 15 23 0.074
650 136 9 9 0.073
1007 750 15 17 0.071
302 609 16 18 0.071
721 437 19 26 0.071
426 181 9 11 0.071
668 705 17 22 0.071
619 353 13 16 0.071
632 516 17 18 0.071
221 386 11 14 0.071
897 434 13 17 0.070
570 364 47 30 0.070
514 329 15 31 0.069
365 577 12 14 0.069
377 736 18 23 0.069
161 757 18 11 0.069
490 196 14 12 0.068
536 563 15 18 0.068
894 287 13 19 0.068
842 422 14 18 0.067
178 372 14 17 0.067
81 504 13 15 0.067
620 346 15 21 0.067
449 204 14 11 0.067
804 588 16 21 0.066
698 192 11 11 0.066
493 173 9 11 0.066
450 201 11 12 0.066
610 158 9 11 0.066
280 622 13 26 0.066
758 303 19 47 0.065
776 680 15 17 0.065
439 524 14 18 0.065
468 181 9 12 0.065
444 572 13 22 0.065
2 726 14 18 0.065
830 513 16 18 0.065
8 450 11 15 0.065
961 416 16 20 0.065
873 672 17 21 0.064
509 108 9 10 0.064
458 220 16 12 0.064
517 425 11 29 0.064
475 354 13 18 0.064
985 528 15 18 0.063
131 507 13 15 0.063
637 497 15 21 0.062
925 234 11 14 0.062
667 393 13 16 0.062
286 691 16 20 0.062
363 207 12 14 0.062
782 337 14 18 0.062
179 378 14 19 0.062
623 343 15 18 0.061
686 270 13 86 0.061
693 195 10 11 0.061
596 520 15 19 0.060
979 166 10 12 0.060
558 145 10 10 0.060
475 200 11 19 0.060
567 189 10 11 0.060
454 384 13 16 0.060
490 317 14 16 0.059
290 366 14 17 0.059
282 493 14 19 0.059
562 691 18 24 0.059
778 301 12 15 0.058
946 594 19 21 0.058
640 486 13 17 0.057
814 477 16 22 0.057
228 475 15 19 0.057
570 406 16 68 0.056
822 330 14 17 0.056
921 323 16 16 0.056
561 207 14 12 0.055
375 731 17 21 0.054
476 366 16 17 0.054
484 369 14 17 0.054
650 236 14 16 0.054
969 248 31 22 0.054
216 386 12 15 0.054
740 188 9 10 0.053
510 345 12 15 0.053
375 413 17 17 0.053
702 189 9 11 0.053
461 662 19 24 0.053
642 636 27 23 0.053
235 619 14 17 0.052
933 432 23 17 0.052
577 497 16 24 0.052
726 590 14 20 0.052
671 154 12 12 0.052
985 558 16 18 0.051
677 196 9 12 0.051
401 354 12 14 0.051
612 185 10 12 0.051
385 609 13 17 0.050
175 371 12 13 0.050
126 387 13 15 0.050
216 695 14 18 0.050
524 589 12 16 0.050
917 540 16 18 0.050
469 155 9 11 0.049
659 723 17 24 0.049
1012 578 11 20 0.049
454 663 19 24 0.049
909 494 13 15 0.049
759 428 13 16 0.049
398 179 9 14 0.048
580 322 13 15 0.048
756 302 13 16 0.048
567 529 15 19 0.048
835 335 15 16 0.048
1012 216 10 12 0.048
344 117 10 12 0.048
526 398 21 16 0.048
466 611 27 17 0.047
572 518 16 21 0.047
132 510 14 18 0.047
752 481 15 17 0.047
869 462 28 37 0.047
537 516 14 72 0.046
434 219 12 24 0.046
533 384 13 42 0.046
563 166 10 13 0.046
352 641 16 20 0.046
399 201 10 17 0.046
628 332 13 19 0.046
599 558 13 17 0.046
358 341 11 13 0.046
719 384 15 18 0.045
947 521 17 23 0.045
785 357 15 17 0.045
576 210 11 14 0.045
603 142 11 9 0.045
609 506 30 47 0.044
578 446 13 15 0.044
492 173 15 9 0.044
350 366 11 14 0.044
345 38 11 13 0.044
304 207 10 11 0.044
970 405 28 21 0.044
867 459 26 21 0.044
1 365 9 13 0.044
437 525 14 36 0.044
303 247 10 9 0.043
408 29 10 11 0.043
496 530 24 65 0.043
887 253 10 12 0.043
901 711 15 18 0.043
476 622 14 17 0.043
366 365 14 79 0.043
735 188 10 10 0.043
338 485 32 18 0.043
275 629 15 18 0.042
446 587 55 26 0.042
603 549 17 21 0.042
642 361 40 59 0.042
519 309 17 32 0.042
953 573 17 19 0.042
673 130 9 12 0.041
174 717 15 23 0.041
154 384 14 15 0.041
357 487 16 20 0.041
962 402 16 18 0.041
31 711 15 19 0.041
413 229 29 12 0.041
916 231 10 14 0.041
956 299 14 16 0.041
520 519 13 15 0.041
493 152 10 11 0.040
416 556 13 25 0.040
689 193 22 12 0.040
922 434 32 17 0.040
664 198 13 14 0.040
991 357 31 17 0.040
566 314 20 19 0.040
525 199 11 18 0.040
515 669 19 22 0.040
629 575 15 17 0.040
407 537 12 15 0.040
447 444 13 15 0.040
850 716 14 17 0.040
497 192 10 26 0.039
910 314 15 16 0.039
487 110 9 9 0.039
632 169 9 23 0.039
346 575 13 24 0.039
358 585 15 18 0.039
663 731 22 19 0.038
740 657 14 17 0.038
706 645 16 22 0.038
150 382 13 17 0.038
570 208 19 12 0.038
651 360 13 17 0.038
579 144 9 10 0.038
418 549 15 19 0.037
650 201 19 12 0.037
266 444 23 22 0.037
326 719 19 23 0.037
224 485 15 17 0.037
662 309 26 68 0.037
183 380 14 17 0.037
487 479 14 18 0.037
389 18 10 13 0.036
448 360 13 17 0.036
761 280 12 45 0.036
939 275 15 16 0.036
866 264 12 14 0.036
408 643 16 23 0.036
179 387 13 15 0.036
327 606 15 19 0.036
737 715 17 31 0.036
669 155 9 14 0.036
465 191 9 25 0.036
286 366 13 17 0.036
956 421 17 19 0.035
681 153 8 23 0.035
375 698 17 60 0.035
139 654 13 16 0.035
316 242 10 10 0.035
839 454 19 19 0.035
312 27 11 13 0.035
750 435 18 18 0.035
444 140 9 9 0.035
333 633 15 25 0.035
441 599 31 29 0.034
350 609 14 17 0.034
425 526 14 19 0.034
467 602 34 29 0.034
673 194 22 13 0.034
461 604 15 19 0.034
371 182 11 15 0.034
588 702 20 27 0.034
811 453 40 33 0.034
888 247 21 93 0.034
671 155 21 11 0.034
316 181 9 11 0.033
567 582 14 19 0.033
714 456 17 19 0.033
79 694 23 20 0.033
473 240 11 12 0.033
966 230 10 16 0.033
299 591 14 18 0.033
544 190 34 12 0.033
207 650 14 17 0.033
245 751 16 16 0.033
912 396 14 18 0.033
343 6 11 12 0.033
442 158 10 14 0.032
607 181 9 24 0.032
766 484 17 19 0.032
284 2 11 11 0.032
433 517 16 22 0.032
470 194 14 16 0.032
680 178 10 14 0.032
3 485 14 17 0.032
757 579 16 18 0.032
987 353 14 16 0.032
173 627 13 15 0.032
0 405 8 15 0.031
789 391 16 16 0.031
968 271 15 42 0.031
277 246 13 14 0.031
997 530 14 15 0.031
791 359 13 16 0.031
720 190 8 9 0.031
75 253 10 12 0.031
960 278 18 16 0.031
663 279 12 14 0.031
1013 409 10 20 0.030
718 660 28 17 0.030
948 583 22 35 0.030
451 422 14 15 0.030
595 699 21 27 0.030
274 719 17 21 0.030
333 212 9 22 0.030
998 373 16 47 0.030
364 208 29 12 0.030
606 135 8 18 0.030
424 531 13 25 0.030
688 321 12 17 0.030
822 99 8 9 0.030
306 248 10 10 0.030
303 207 18 11 0.030
49 226 10 12 0.029
462 134 8 9 0.029
287 47 12 13 0.029
743 449 14 18 0.029
163 18 10 11 0.029
872 407 16 19 0.029
611 158 9 18 0.029
564 506 17 17 0.029
910 567 15 18 0.029
188 495 14 19 0.029
938 131 9 9 0.029
562 314 12 16 0.029
507 129 8 9 0.029
580 510 37 28 0.029
629 157 11 11 0.029
356 591 13 25 0.029
0 749 14 18 0.029
185 372 13 17 0.029
664 553 17 17 0.028
472 159 9 12 0.028
958 537 18 19 0.028
503 407 12 15 0.028
739 728 18 21 0.028
820 323 12 19 0.028
554 211 11 12 0.028
364 15 11 14 0.028
604 203 16 13 0.028
206 432 13 15 0.028
488 307 17 18 0.028
190 501 13 17 0.028
61 428 12 14 0.028
412 733 31 30 0.028
701 650 15 20 0.028
724 157 9 11 0.028
610 205 19 12 0.028
203 656 15 18 0.027
617 295 13 15 0.027
0 453 13 18 0.027
727 657 21 16 0.027
780 744 15 22 0.027
455 200 27 16 0.027
294 170 10 11 0.027
462 321 17 107 0.027
304 244 17 15 0.027
280 686 13 16 0.027
356 192 21 12 0.027
960 323 14 16 0.026
434 234 11 12 0.026
145 539 13 17 0.026
340 585 14 15 0.026
514 172 23 11 0.026
544 411 12 18 0.026
648 236 10 13 0.026
153 673 18 19 0.026
267 4 11 14 0.026
355 437 14 19 0.026
770 584 16 17 0.026
749 558 17 18 0.026
549 206 24 16 0.026
911 671 18 21 0.026
52 563 16 13 0.026
1009 264 12 17 0.026
1001 499 14 16 0.026
769 442 19 22 0.026
425 419 15 18 0.025
648 542 15 18 0.025
817 387 16 19 0.025
836 402 23 43 0.025
943 503 15 16 0.025
872 496 16 17 0.025
78 275 13 13 0.025
129 670 16 19 0.025
566 687 22 27 0.025
505 308 16 16 0.025
504 509 33 74 0.025
763 371 13 16 0.025
277 249 9 18 0.025
4 450 14 24 0.025
435 605 14 24 0.025
451 237 10 20 0.025
476 676 17 22 0.024
557 139 7 33 0.024
764 277 12 15 0.024
1010 387 13 25 0.024
496 218 39 13 0.024
730 706 16 20 0.024
560 586 15 20 0.024
392 132 9 10 0.024
971 396 16 18 0.024
139 411 11 15 0.024
333 643 17 22 0.024
841 288 56 72 0.024
188 653 23 38 0.024
606 148 10 25 0.024
142 273 11 11 0.024
330 627 15 23 0.024
254 431 13 16 0.024
717 193 16 9 0.024
738 713 23 23 0.024
920 233 17 16 0.024
430 348 13 20 0.023
563 122 8 17 0.023
353 670 16 20 0.023
809 556 15 17 0.023
781 545 16 16 0.023
651 651 16 20 0.023
386 130 13 12 0.023
316 191 10 16 0.023
632 202 25 15 0.023
977 299 13 16 0.023
793 299 18 58 0.023
28 709 15 17 0.023
801 696 16 22 0.023
285 600 17 18 0.023
1010 118 9 10 0.023
140 432 12 15 0.023
691 562 14 16 0.023
561 128 11 9 0.023
705 730 16 25 0.023
434 342 12 14 0.023
770 516 14 16 0.023
500 745 19 22 0.023
1012 646 11 23 0.023
363 579 18 16 0.022
641 211 10 12 0.022
657 491 15 18 0.022
657 238 11 15 0.022
941 151 9 10 0.022
514 189 15 17 0.022
705 467 14 18 0.022
755 171 9 10 0.022
420 158 11 11 0.022
520 194 11 28 0.022
358 309 10 101 0.022
480 570 28 18 0.022
891 272 13 16 0.022
652 131 7 33 0.022
463 131 8 19 0.022
633 180 9 41 0.022
241 611 12 13 0.022
660 734 15 21 0.021
944 436 13 17 0.021
720 508 17 22 0.021
964 530 35 33 0.021
461 422 16 21 0.021
241 460 15 19 0.021
775 554 14 17 0.021
414 547 16 25 0.021
492 173 21 15 0.021
778 179 10 12 0.021
547 166 27 11 0.021
287 37 11 27 0.021
468 153 17 17 0.021
409 189 13 23 0.021
136 682 60 39 0.021
818 546 17 22 0.021
838 746 19 16 0.021
694 150 9 10 0.021
224 73 11 12 0.021
1 488 13 18 0.021
780 351 21 27 0.021
660 715 17 24 0.021
614 208 10 12 0.021
1 737 14 22 0.021
605 158 14 22 0.020
908 668 17 17 0.020
853 723 17 24 0.020
896 471 17 21 0.020
218 525 17 18 0.020
124 245 11 13 0.020
826 502 19 45 0.020
761 429 19 24 0.020
700 174 9 10 0.020
9 721 15 19 0.020
