17_Ceremony_Ceremony_17_3
44
833 331 20 27 0.812
903 334 20 27 0.801
697 302 20 30 0.784
824 402 19 26 0.775
491 299 20 26 0.774
978 336 21 28 0.772
537 295 17 27 0.734
299 303 17 28 0.733
58 349 17 25 0.676
106 340 16 24 0.649
834 475 18 28 0.270
970 445 15 24 0.219
780 450 16 25 0.139
880 494 19 33 0.135
192 487 20 30 0.118
170 469 19 27 0.112
314 419 18 25 0.078
50 454 19 25 0.071
164 418 18 33 0.071
919 446 16 27 0.055
281 458 22 29 0.043
1 420 19 29 0.042
246 432 20 30 0.040
248 425 19 27 0.040
609 285 12 20 0.039
451 299 17 29 0.039
85 429 17 19 0.038
378 359 10 14 0.038
833 468 17 29 0.037
886 449 16 25 0.034
26 433 14 28 0.034
0 544 9 33 0.033
947 449 17 25 0.033
1014 490 10 44 0.031
1014 342 10 28 0.029
1014 424 9 30 0.028
734 434 13 27 0.028
100 345 15 21 0.027
612 326 17 24 0.025
241 443 20 24 0.025
610 290 13 19 0.024
28 431 15 20 0.022
616 319 19 28 0.021
843 325 17 23 0.021
