17_Ceremony_Ceremony_17_277
35
461 264 31 38 0.826
878 254 17 22 0.811
994 266 18 23 0.811
834 255 18 23 0.807
583 255 36 45 0.797
717 262 18 23 0.792
172 275 16 21 0.778
923 267 16 22 0.776
635 266 18 22 0.774
380 264 16 20 0.769
541 260 17 21 0.764
73 281 17 22 0.761
135 275 15 20 0.745
211 276 17 20 0.733
770 264 18 23 0.714
283 270 14 19 0.689
751 343 19 32 0.652
311 266 18 20 0.503
307 339 15 29 0.471
251 356 21 30 0.248
823 347 18 28 0.188
891 357 25 37 0.136
668 276 14 16 0.076
124 277 15 18 0.063
216 342 20 37 0.057
823 355 25 34 0.056
899 358 29 45 0.047
892 367 33 52 0.045
105 474 42 61 0.036
123 260 11 15 0.032
322 264 14 18 0.027
901 377 33 51 0.027
887 381 29 45 0.025
889 350 22 31 0.021
819 362 23 32 0.021
