17_Ceremony_Ceremony_17_53
61
610 333 23 28 0.851
917 327 26 32 0.848
391 320 25 31 0.845
837 302 20 26 0.838
550 333 23 29 0.835
796 261 19 24 0.832
255 334 24 30 0.832
646 279 21 26 0.831
896 295 23 28 0.830
167 296 21 25 0.827
459 307 24 29 0.825
805 337 23 28 0.825
239 297 21 23 0.824
319 331 22 29 0.824
199 340 24 30 0.824
483 333 24 30 0.821
118 355 23 32 0.821
860 348 22 28 0.820
203 261 21 25 0.820
671 327 23 29 0.820
278 297 24 28 0.818
343 301 23 29 0.818
707 312 21 26 0.816
783 319 23 27 0.814
634 318 21 26 0.812
230 261 22 27 0.812
725 257 22 25 0.810
591 300 20 27 0.809
411 297 21 24 0.808
80 310 22 28 0.808
771 275 20 25 0.808
565 300 22 26 0.808
368 273 19 25 0.808
748 320 22 28 0.806
681 262 22 26 0.806
218 324 22 27 0.803
118 268 23 27 0.802
391 267 21 25 0.801
587 273 20 24 0.799
830 267 21 26 0.796
432 258 20 23 0.793
280 268 20 24 0.790
475 292 19 23 0.788
553 274 18 21 0.788
612 279 20 24 0.788
490 270 23 27 0.777
513 293 23 28 0.763
329 257 19 23 0.761
131 319 21 26 0.756
735 291 21 24 0.750
329 279 22 25 0.730
213 309 20 23 0.707
103 304 20 24 0.633
407 278 22 26 0.338
135 302 40 27 0.276
327 266 20 39 0.233
555 290 31 36 0.191
478 275 40 32 0.151
216 312 24 28 0.132
587 283 21 27 0.094
737 304 18 23 0.029
