17_Ceremony_Ceremony_17_62
245
678 408 25 29 0.823
668 320 23 28 0.817
384 375 22 28 0.813
273 360 24 32 0.807
476 465 23 31 0.806
895 419 26 32 0.804
367 254 21 24 0.800
311 378 22 29 0.797
108 222 22 27 0.794
215 295 21 25 0.794
74 315 23 26 0.793
404 340 24 29 0.792
227 235 21 25 0.790
47 385 25 29 0.790
787 331 23 28 0.790
315 215 22 27 0.789
728 240 19 26 0.785
710 324 23 28 0.781
183 181 20 23 0.778
747 295 22 26 0.777
73 250 19 24 0.775
207 1 17 18 0.773
795 267 20 28 0.770
428 294 22 27 0.769
209 389 22 27 0.767
32 126 19 23 0.765
402 193 23 27 0.760
113 275 23 27 0.760
287 187 20 24 0.758
537 337 25 29 0.755
34 341 22 25 0.751
610 355 22 27 0.751
92 107 19 23 0.748
714 162 18 25 0.748
3 123 19 22 0.747
228 347 21 30 0.746
319 301 23 27 0.746
15 191 21 24 0.744
928 133 19 24 0.742
185 153 19 22 0.741
334 341 22 29 0.739
46 23 16 21 0.738
358 142 20 22 0.737
618 206 18 27 0.736
835 304 23 30 0.735
282 79 16 21 0.733
348 288 23 29 0.729
11 6 17 20 0.729
125 54 17 23 0.727
975 356 22 29 0.725
350 111 17 20 0.725
317 103 16 20 0.722
363 89 18 20 0.711
0 87 11 20 0.710
15 153 18 21 0.709
405 47 17 21 0.702
975 19 13 18 0.699
0 320 9 28 0.696
943 20 14 18 0.695
569 11 14 19 0.690
156 313 22 24 0.689
612 300 21 28 0.688
277 135 18 21 0.682
867 186 19 23 0.667
734 27 13 17 0.659
660 65 17 25 0.654
330 153 18 23 0.651
831 40 13 16 0.642
329 0 17 17 0.637
175 127 16 20 0.631
832 150 16 22 0.620
876 10 13 18 0.615
209 356 22 26 0.612
559 131 14 22 0.572
665 267 20 27 0.571
556 98 19 25 0.548
172 25 17 20 0.529
760 47 14 21 0.516
239 71 15 19 0.469
525 67 15 19 0.444
906 7 12 14 0.444
668 215 18 25 0.421
1015 175 9 26 0.412
163 382 22 28 0.384
15 282 18 25 0.378
555 176 19 24 0.378
884 46 12 15 0.366
101 13 15 19 0.314
245 87 15 19 0.314
424 271 21 23 0.310
743 7 12 14 0.310
806 34 14 16 0.305
533 323 21 22 0.304
460 242 18 22 0.301
546 91 16 22 0.295
239 257 21 24 0.293
246 58 14 18 0.291
942 43 12 18 0.286
765 8 12 16 0.274
550 95 21 25 0.265
914 508 15 18 0.258
474 16 13 15 0.252
558 113 17 39 0.238
320 295 48 28 0.235
817 296 21 30 0.226
700 306 19 20 0.225
852 18 12 15 0.220
240 78 17 21 0.208
459 15 12 15 0.206
904 559 15 18 0.193
752 0 14 14 0.192
215 315 20 25 0.182
208 153 15 18 0.181
706 28 12 15 0.177
511 66 19 18 0.177
535 3 10 13 0.169
405 320 24 26 0.167
734 12 15 35 0.160
522 130 14 19 0.154
631 198 18 27 0.151
902 523 14 16 0.148
832 1 12 15 0.146
897 520 15 15 0.143
902 1 11 14 0.141
760 46 11 15 0.141
786 130 14 19 0.135
999 19 13 17 0.127
453 520 26 25 0.123
1011 22 13 14 0.117
647 321 18 21 0.113
746 5 30 14 0.112
305 148 15 16 0.112
525 41 12 14 0.111
892 577 15 19 0.107
389 356 23 40 0.105
335 151 16 21 0.104
914 47 12 18 0.104
65 223 14 16 0.102
255 57 16 18 0.101
147 50 13 18 0.100
177 133 17 23 0.098
389 245 17 21 0.097
1016 25 8 16 0.096
163 0 15 16 0.095
660 270 20 25 0.095
767 12 16 16 0.090
897 500 12 19 0.088
1 342 11 36 0.087
1 83 15 22 0.087
290 0 14 12 0.085
68 31 13 17 0.084
866 329 21 25 0.083
94 46 15 18 0.081
193 212 17 20 0.080
510 68 12 16 0.079
102 9 23 18 0.076
559 259 18 25 0.075
670 264 19 25 0.073
890 518 14 16 0.069
410 49 17 19 0.068
109 337 17 22 0.065
156 0 21 13 0.064
323 153 20 21 0.064
396 101 11 13 0.063
121 21 15 21 0.063
525 46 14 37 0.060
260 55 15 19 0.058
972 20 12 16 0.058
832 13 13 57 0.057
826 6 14 16 0.057
931 543 13 16 0.057
247 62 14 20 0.056
385 149 14 18 0.056
771 12 15 18 0.055
102 14 15 38 0.052
107 14 27 29 0.052
5 244 13 25 0.051
145 229 13 17 0.049
308 274 16 20 0.045
408 180 21 26 0.045
695 307 20 24 0.045
916 0 12 13 0.045
1 57 9 19 0.045
702 32 13 18 0.044
7 347 15 30 0.043
605 305 24 26 0.040
908 486 12 15 0.040
236 75 16 21 0.040
164 75 13 16 0.040
269 47 16 21 0.038
120 10 16 18 0.038
273 109 15 20 0.037
522 44 13 16 0.037
537 135 17 20 0.036
416 176 16 19 0.035
908 0 15 15 0.035
908 11 11 14 0.035
301 141 16 20 0.035
946 0 10 13 0.034
903 492 15 17 0.034
293 0 13 8 0.034
95 383 23 25 0.034
894 517 29 17 0.033
135 0 15 12 0.033
663 197 18 28 0.033
858 1 10 12 0.032
297 0 22 9 0.032
668 260 17 23 0.030
409 16 12 16 0.030
875 8 13 14 0.030
115 27 19 20 0.030
134 366 21 29 0.029
896 491 28 30 0.029
539 325 27 23 0.029
918 45 19 17 0.029
540 139 14 23 0.029
137 0 21 10 0.029
974 16 22 19 0.029
924 561 15 18 0.028
1017 163 7 34 0.028
36 9 19 16 0.028
330 16 13 16 0.028
69 24 14 19 0.027
917 50 11 18 0.027
613 278 16 18 0.027
859 188 18 22 0.027
582 172 13 21 0.026
529 40 11 14 0.025
233 71 15 19 0.024
526 321 20 24 0.024
572 174 20 22 0.024
161 391 22 27 0.024
121 273 19 24 0.023
267 352 25 34 0.023
615 291 19 29 0.023
1004 15 16 21 0.023
41 11 15 23 0.023
404 19 13 17 0.022
88 384 24 27 0.022
998 9 16 18 0.022
83 37 30 25 0.021
11 76 18 17 0.021
383 151 21 20 0.020
527 44 13 16 0.020
201 36 13 17 0.020
