17_Ceremony_Ceremony_17_30
54
318 169 13 17 0.751
808 184 15 19 0.750
215 152 14 18 0.709
754 183 14 17 0.701
852 180 14 19 0.684
515 170 15 19 0.676
895 180 15 19 0.669
350 169 14 17 0.658
273 167 15 18 0.628
538 176 14 18 0.602
469 182 13 16 0.482
117 270 20 29 0.468
229 166 14 19 0.405
80 232 17 24 0.260
177 157 11 15 0.181
705 256 15 25 0.171
768 286 18 32 0.159
313 167 41 18 0.158
945 254 19 26 0.153
108 220 15 20 0.152
294 258 20 32 0.135
199 260 17 25 0.131
72 279 17 35 0.127
476 174 14 18 0.104
165 230 16 21 0.101
473 172 12 15 0.083
936 181 15 21 0.080
887 176 15 18 0.071
883 171 11 13 0.070
86 226 23 22 0.068
913 256 18 32 0.047
669 260 18 21 0.045
875 310 21 39 0.044
913 249 18 25 0.042
75 271 21 37 0.039
230 221 16 18 0.037
916 244 17 25 0.036
58 231 28 23 0.034
938 199 13 17 0.032
177 165 13 15 0.029
50 233 20 22 0.028
768 271 18 37 0.027
760 181 15 17 0.027
911 248 37 28 0.026
887 233 13 16 0.024
81 268 19 32 0.024
881 176 11 14 0.024
931 26 13 16 0.023
894 175 12 12 0.023
673 255 18 24 0.022
85 235 19 26 0.021
175 156 11 13 0.021
873 324 22 38 0.021
941 251 17 25 0.020
