17_Ceremony_Ceremony_17_135
291
408 650 11 13 0.707
834 650 10 12 0.672
228 650 11 12 0.661
512 650 10 12 0.656
823 639 9 11 0.648
806 627 8 10 0.647
789 640 10 11 0.645
581 654 10 12 0.637
546 651 10 12 0.635
802 604 8 9 0.635
767 654 9 11 0.625
754 641 9 11 0.620
745 627 8 10 0.598
779 610 9 12 0.591
276 640 10 11 0.591
303 640 10 12 0.576
210 636 9 11 0.573
453 601 8 10 0.572
801 655 9 11 0.570
294 656 11 12 0.569
692 601 8 10 0.566
262 648 10 12 0.556
944 624 8 9 0.549
986 628 9 9 0.537
240 632 10 12 0.536
689 637 10 12 0.535
191 651 9 11 0.532
432 605 8 10 0.517
699 653 10 12 0.516
253 603 8 9 0.515
574 603 8 9 0.511
224 602 8 9 0.503
138 605 8 10 0.501
676 618 11 13 0.486
426 581 9 10 0.486
550 582 7 10 0.485
411 620 10 11 0.481
734 653 9 10 0.479
772 588 7 8 0.478
524 583 8 9 0.472
282 625 10 10 0.463
498 581 8 10 0.451
715 601 8 10 0.447
453 617 9 12 0.446
994 651 10 13 0.446
482 651 10 12 0.444
640 589 8 9 0.441
659 603 8 8 0.435
710 581 8 10 0.434
967 622 8 10 0.424
475 639 11 12 0.421
433 563 8 9 0.415
549 621 9 10 0.412
754 611 9 11 0.411
512 602 9 11 0.397
712 627 10 12 0.392
119 610 8 9 0.391
484 628 8 11 0.382
772 629 10 10 0.375
337 600 8 10 0.373
482 605 8 10 0.372
893 600 8 9 0.371
569 567 7 10 0.367
757 581 8 9 0.361
674 616 10 14 0.356
281 587 7 8 0.349
572 582 8 10 0.348
581 619 9 11 0.345
278 604 8 9 0.342
422 607 9 10 0.341
734 617 9 11 0.340
941 609 7 8 0.340
263 618 9 11 0.339
312 628 9 12 0.335
354 585 8 9 0.334
538 600 9 11 0.321
867 588 8 9 0.316
303 608 9 11 0.307
927 598 7 9 0.306
992 645 11 15 0.305
932 617 8 10 0.303
310 600 8 11 0.293
568 611 8 11 0.292
959 612 7 9 0.277
473 579 7 9 0.275
428 578 10 11 0.273
703 621 10 12 0.271
744 602 9 10 0.267
486 607 7 10 0.256
456 562 8 9 0.254
742 571 7 9 0.250
756 613 11 10 0.247
735 620 11 13 0.242
309 630 10 14 0.242
416 627 11 12 0.241
928 601 9 10 0.234
291 569 9 11 0.231
523 565 8 10 0.230
330 576 9 11 0.227
795 610 10 16 0.226
728 607 9 11 0.223
721 635 10 12 0.221
628 572 9 9 0.219
350 525 7 8 0.218
323 617 9 10 0.215
548 578 8 10 0.214
702 558 8 10 0.209
757 550 7 8 0.205
305 586 8 10 0.197
542 640 10 17 0.195
244 609 9 11 0.195
511 607 8 11 0.194
664 587 7 10 0.190
331 486 6 7 0.190
804 603 7 9 0.189
451 576 9 16 0.184
871 589 8 8 0.179
295 650 13 16 0.178
211 631 10 11 0.178
708 630 11 12 0.176
351 523 8 9 0.171
107 620 8 10 0.171
623 571 7 8 0.167
309 592 9 19 0.158
423 607 19 9 0.152
572 616 16 15 0.148
369 570 7 9 0.146
716 604 17 10 0.145
549 573 8 24 0.144
749 636 10 14 0.144
678 582 12 9 0.140
456 559 7 17 0.139
121 611 9 10 0.136
282 578 6 35 0.133
702 618 9 11 0.132
867 589 18 8 0.130
289 617 16 10 0.126
336 537 8 8 0.122
435 556 7 18 0.121
692 641 11 14 0.120
524 558 8 25 0.119
753 551 13 8 0.119
542 624 9 17 0.119
760 551 7 8 0.117
320 576 21 10 0.115
446 653 10 13 0.110
303 605 11 20 0.108
726 579 14 10 0.105
353 581 13 12 0.105
523 577 8 17 0.104
744 574 9 21 0.104
574 624 9 11 0.101
928 607 24 8 0.099
658 606 24 12 0.099
327 610 14 11 0.098
227 601 8 9 0.097
228 614 17 10 0.096
575 575 5 44 0.096
235 562 7 7 0.094
278 626 14 19 0.088
499 555 8 25 0.088
934 609 12 21 0.087
696 647 12 19 0.087
745 548 10 8 0.084
679 572 9 22 0.082
851 601 7 8 0.082
524 565 8 34 0.081
658 570 10 25 0.080
996 655 9 11 0.079
224 645 13 20 0.079
476 642 13 19 0.074
480 630 10 35 0.073
140 601 8 10 0.073
471 592 8 10 0.072
448 520 6 27 0.072
306 632 13 19 0.071
480 554 7 29 0.071
793 625 19 22 0.070
474 576 7 35 0.068
729 536 7 7 0.066
543 550 7 28 0.066
306 574 15 20 0.065
541 613 16 23 0.065
744 581 7 37 0.065
456 503 7 11 0.065
511 610 8 12 0.064
922 597 7 8 0.064
483 613 9 15 0.063
910 616 8 10 0.063
509 628 9 12 0.063
665 556 7 25 0.063
660 606 8 10 0.063
248 601 10 10 0.062
536 626 12 10 0.061
365 511 6 9 0.061
624 554 7 35 0.060
374 529 7 29 0.060
683 555 8 28 0.059
640 558 11 22 0.058
771 609 12 13 0.055
310 556 10 25 0.055
877 592 22 15 0.055
258 512 6 8 0.054
496 644 31 20 0.053
282 617 20 27 0.052
321 549 11 11 0.052
725 576 14 23 0.051
281 572 18 24 0.050
714 613 11 25 0.050
510 638 10 14 0.050
908 615 8 10 0.050
704 539 5 44 0.050
641 593 7 8 0.049
708 579 29 11 0.049
739 550 27 8 0.049
736 614 24 23 0.048
571 565 7 33 0.048
312 552 7 7 0.047
661 579 6 38 0.046
580 639 8 10 0.044
299 562 10 9 0.044
942 622 12 14 0.043
478 651 11 13 0.043
694 562 7 38 0.042
441 529 10 30 0.041
448 632 9 30 0.041
208 611 10 17 0.040
461 535 6 44 0.040
295 619 10 66 0.040
112 609 8 10 0.039
409 551 6 20 0.039
389 497 6 11 0.039
359 507 11 28 0.037
317 552 10 36 0.037
987 631 11 15 0.036
723 547 7 35 0.036
445 629 12 12 0.035
336 528 7 32 0.035
423 478 5 10 0.035
190 515 7 8 0.035
372 549 11 36 0.035
929 618 8 8 0.035
309 552 14 22 0.034
882 589 7 8 0.034
417 495 6 44 0.034
415 502 6 32 0.034
210 512 9 8 0.034
990 628 7 9 0.034
213 615 24 20 0.033
451 504 4 53 0.032
719 540 11 35 0.032
197 637 8 11 0.032
453 601 9 41 0.032
511 623 9 23 0.031
263 481 6 7 0.031
316 549 17 19 0.030
478 560 30 13 0.030
620 532 6 52 0.029
274 487 6 6 0.029
573 600 10 13 0.029
204 608 14 12 0.029
619 542 8 32 0.029
497 581 8 14 0.029
512 548 18 17 0.028
376 554 18 20 0.028
562 544 14 33 0.027
331 556 17 32 0.027
341 611 14 8 0.027
625 559 20 25 0.027
481 542 4 32 0.027
477 528 11 36 0.026
463 529 5 32 0.025
338 559 24 20 0.025
543 600 8 16 0.024
272 484 6 12 0.024
204 513 15 8 0.024
447 520 9 47 0.024
334 600 13 15 0.024
454 503 5 32 0.023
267 578 20 12 0.023
660 570 22 27 0.023
88 634 9 10 0.023
877 593 8 9 0.023
546 551 17 37 0.023
726 555 23 25 0.022
332 531 6 7 0.022
320 578 14 16 0.021
578 501 6 6 0.021
376 508 4 55 0.021
356 545 20 23 0.021
429 490 5 10 0.020
