17_Ceremony_Ceremony_17_67
36
939 218 22 31 0.827
867 182 23 28 0.811
228 135 20 24 0.807
481 202 24 30 0.785
74 207 20 23 0.784
829 132 22 28 0.768
13 234 20 24 0.763
974 486 24 34 0.761
553 93 20 24 0.746
152 183 17 24 0.722
997 248 24 34 0.699
554 319 19 30 0.617
411 340 17 30 0.480
40 555 21 28 0.277
78 574 20 22 0.151
832 595 17 19 0.126
67 554 22 26 0.116
692 565 22 29 0.114
65 542 20 26 0.103
723 637 21 26 0.098
747 516 25 27 0.096
73 565 23 29 0.094
56 549 28 27 0.093
736 517 26 24 0.087
700 558 27 27 0.081
147 175 21 29 0.055
17 156 18 21 0.055
0 219 8 20 0.052
615 291 21 26 0.039
356 287 24 25 0.034
247 157 14 19 0.033
731 633 31 27 0.026
691 574 18 23 0.025
66 562 25 28 0.023
995 14 19 19 0.021
728 630 19 22 0.021
