17_Ceremony_Ceremony_17_363
30
633 62 53 60 0.886
216 86 47 57 0.865
821 74 51 57 0.857
327 36 40 51 0.853
0 52 35 52 0.853
712 65 46 53 0.849
483 29 51 62 0.848
554 52 48 55 0.847
148 60 43 50 0.845
354 60 48 62 0.842
424 47 36 47 0.841
458 64 40 49 0.837
927 63 52 67 0.837
91 41 49 56 0.835
260 63 43 51 0.811
36 66 29 45 0.755
762 107 29 36 0.599
71 83 23 38 0.526
254 20 37 40 0.415
195 74 32 49 0.312
978 79 40 49 0.118
809 77 34 49 0.090
78 74 27 37 0.062
78 85 32 43 0.061
858 78 34 44 0.037
71 83 17 26 0.032
752 96 38 44 0.030
296 39 34 49 0.029
73 75 19 27 0.025
406 40 34 51 0.023
