17_Ceremony_Ceremony_17_20
49
496 127 21 26 0.794
226 116 19 28 0.774
473 117 22 28 0.772
681 128 19 23 0.763
100 132 20 26 0.755
739 135 18 22 0.741
88 278 43 73 0.739
309 114 19 26 0.731
786 128 18 22 0.729
951 148 18 26 0.728
159 109 19 26 0.724
902 129 17 22 0.699
2 101 19 23 0.693
524 142 17 24 0.668
20 134 20 23 0.625
833 133 19 23 0.551
351 118 14 21 0.473
266 199 22 34 0.405
672 182 19 26 0.354
1006 197 16 23 0.341
427 159 14 17 0.337
879 166 15 21 0.289
744 214 24 42 0.168
0 223 8 41 0.168
829 133 15 22 0.160
633 155 10 13 0.155
925 274 29 50 0.111
684 190 24 35 0.108
670 186 16 23 0.104
0 261 20 75 0.104
197 234 26 45 0.093
677 181 24 32 0.087
840 127 18 23 0.060
972 201 18 25 0.059
36 201 18 32 0.055
673 188 21 27 0.053
908 130 16 22 0.051
24 129 19 23 0.046
150 199 18 27 0.040
559 157 13 22 0.040
263 222 26 36 0.037
270 211 24 35 0.037
922 201 24 33 0.035
970 198 34 28 0.030
0 280 14 73 0.029
821 111 14 19 0.026
745 205 21 36 0.026
691 191 27 36 0.025
181 180 18 22 0.024
