0_Parade_marchingband_1_180.jpg
51
130 143 8 9 -2.2564048767089844
882 359 13 17 -2.4824607372283936
593 511 15 17 -2.6613473892211914
312 248 15 17 -2.8917150497436523
881 337 14 16 -2.927309036254883
658 422 14 16 -3.147834300994873
810 186 13 15 -3.2034146785736084
992 -18 48 70 -3.2145581245422363
921 207 13 16 -3.2223711013793945
1009 6 21 30 -3.222501277923584
299 763 26 31 -3.2470011711120605
185 148 8 8 -3.2589566707611084
1003 224 34 42 -3.2671360969543457
1010 244 19 27 -3.2854442596435547
287 768 25 34 -3.315063238143921
434 17 15 17 -3.330037832260132
1009 234 17 23 -3.3324642181396484
823 749 47 65 -3.335041046142578
265 359 14 18 -3.336350679397583
506 460 99 145 -3.34285569190979
297 237 55 65 -3.3474462032318115
808 93 13 16 -3.351452589035034
738 248 14 15 -3.3605408668518066
448 99 7 8 -3.3831498622894287
760 652 193 247 -3.3884997367858887
1012 273 13 19 -3.393317699432373
6 741 44 75 -3.397427558898926
489 45 7 8 -3.399015426635742
783 735 78 96 -3.4127230644226074
1014 50 18 29 -3.413529872894287
368 39 13 16 -3.416022300720215
834 205 36 52 -3.4206416606903076
169 436 7 9 -3.421145439147949
288 508 8 9 -3.4260051250457764
865 126 12 13 -3.4383034706115723
515 73 9 9 -3.43892240524292
32 220 7 9 -3.448709487915039
292 158 109 124 -3.449601888656616
967 189 86 121 -3.450526714324951
774 88 20 24 -3.4559402465820312
519 66 17 21 -3.4567296504974365
520 75 8 9 -3.4602150917053223
876 426 108 155 -3.4604172706604004
617 101 49 85 -3.4608843326568604
504 481 59 70 -3.461341619491577
693 47 113 136 -3.4620509147644043
544 494 26 29 -3.4652061462402344
486 586 14 16 -3.467823028564453
631 132 8 9 -3.4735875129699707
675 437 17 19 -3.4742043018341064
959 431 16 17 -3.474508047103882
