0_Parade_Parade_0_358.jpg
96
196 586 73 93 0.7874475121498108
235 582 69 91 -0.34674423933029175
638 69 13 14 -2.6106200218200684
72 368 16 19 -2.6463406085968018
370 822 28 40 -2.9587864875793457
749 785 12 13 -2.9972891807556152
479 427 8 10 -3.020172595977783
248 815 43 48 -3.0825014114379883
658 758 100 123 -3.092752695083618
342 815 23 42 -3.1279640197753906
693 818 26 43 -3.1388158798217773
673 816 26 45 -3.151597499847412
379 477 97 140 -3.1744728088378906
706 825 22 23 -3.1967291831970215
658 818 27 41 -3.20219349861145
295 770 98 117 -3.202223300933838
121 812 31 43 -3.2099034786224365
222 786 82 120 -3.218737840652466
897 814 30 34 -3.227229118347168
257 374 14 18 -3.2355384826660156
327 816 27 44 -3.2373547554016113
639 814 27 44 -3.240788221359253
708 235 28 33 -3.2414119243621826
380 810 43 52 -3.2550506591796875
703 712 18 14 -3.278663396835327
117 383 8 9 -3.2961690425872803
413 428 8 10 -3.305037021636963
684 802 50 48 -3.31362247467041
425 827 28 36 -3.3143110275268555
149 821 32 31 -3.315354824066162
399 823 20 25 -3.3189544677734375
935 816 25 44 -3.340423345565796
119 359 11 15 -3.3470280170440674
352 819 31 41 -3.3496901988983154
933 362 134 192 -3.359701633453369
261 827 20 25 -3.3624157905578613
103 324 51 57 -3.366849660873413
276 814 26 48 -3.3678736686706543
263 707 17 20 -3.3683414459228516
462 815 27 33 -3.369610071182251
429 352 12 13 -3.3898167610168457
-11 749 110 127 -3.3911373615264893
727 821 34 34 -3.391901969909668
335 413 12 17 -3.392225503921509
496 536 8 8 -3.3924851417541504
880 788 51 80 -3.3947219848632812
836 163 28 31 -3.3958427906036377
286 322 21 31 -3.399446725845337
197 492 101 168 -3.402073860168457
574 824 33 28 -3.4020912647247314
486 445 16 19 -3.4034299850463867
132 504 23 26 -3.4058027267456055
288 819 30 34 -3.4073429107666016
16 820 31 39 -3.411489963531494
348 765 99 131 -3.415806531906128
25 371 31 39 -3.4189071655273438
1004 534 32 30 -3.4192919731140137
729 77 8 8 -3.4222569465637207
276 384 24 24 -3.4222638607025146
452 93 28 34 -3.424769639968872
951 599 17 22 -3.4257688522338867
89 280 88 122 -3.4261884689331055
824 259 7 8 -3.4269423484802246
966 821 28 31 -3.4270284175872803
904 828 30 39 -3.4311320781707764
19 387 18 26 -3.4319517612457275
127 323 28 35 -3.433575391769409
713 816 30 34 -3.4371466636657715
611 821 28 32 -3.4397172927856445
248 230 10 13 -3.442779779434204
140 812 26 49 -3.4429049491882324
103 30 119 132 -3.4456682205200195
466 350 91 122 -3.4506359100341797
129 823 17 21 -3.4516072273254395
183 815 26 49 -3.4565930366516113
965 240 82 119 -3.457247734069824
214 211 95 146 -3.4580395221710205
502 423 100 137 -3.45810604095459
507 825 34 28 -3.458538055419922
224 652 28 29 -3.459207534790039
496 424 29 32 -3.459439516067505
314 813 22 42 -3.4598326683044434
253 695 20 23 -3.4602737426757812
434 815 32 37 -3.460683584213257
169 417 31 42 -3.461602210998535
114 765 97 133 -3.4634993076324463
274 300 52 72 -3.4665017127990723
495 349 12 15 -3.468008518218994
459 408 36 48 -3.468531608581543
291 387 17 26 -3.4705801010131836
273 788 50 86 -3.4718518257141113
131 788 25 29 -3.472827434539795
154 793 44 70 -3.4737889766693115
390 34 197 226 -3.4739797115325928
283 417 18 20 -3.474332332611084
66 345 45 44 -3.474998950958252
