0_Parade_Parade_0_1008.jpg
128
102 356 7 9 -2.09238600730896
32 41 16 17 -2.3621554374694824
810 340 22 26 -2.555203914642334
664 335 16 17 -2.5779480934143066
391 264 14 15 -2.7322633266448975
464 358 23 31 -2.74102520942688
273 40 7 9 -2.8059747219085693
389 367 36 39 -2.813953399658203
288 332 8 10 -2.841279983520508
265 44 7 8 -2.857985258102417
773 190 25 31 -2.8966455459594727
609 264 15 17 -2.9126830101013184
286 391 15 17 -2.9274816513061523
457 247 7 8 -2.9637999534606934
448 375 8 9 -2.999009132385254
663 418 14 14 -3.0257627964019775
202 352 14 17 -3.0320892333984375
872 689 102 113 -3.057810068130493
160 322 27 31 -3.130527973175049
450 360 25 32 -3.134138822555542
763 545 342 401 -3.13997483253479
556 375 30 44 -3.141935348510742
273 256 7 9 -3.1644067764282227
505 232 7 8 -3.164989709854126
384 350 15 18 -3.1656246185302734
327 357 15 18 -3.172945499420166
700 280 7 9 -3.1938436031341553
678 288 13 14 -3.1959593296051025
449 684 98 142 -3.2075843811035156
670 306 10 13 -3.216207504272461
406 379 16 21 -3.2440342903137207
807 241 15 14 -3.2478647232055664
660 354 25 31 -3.256772041320801
600 144 7 9 -3.2652790546417236
166 335 11 13 -3.2833504676818848
563 321 28 33 -3.289454460144043
419 368 28 33 -3.292912244796753
735 245 16 20 -3.295891284942627
288 80 7 8 -3.296422243118286
289 519 336 455 -3.302274227142334
744 293 10 14 -3.310807704925537
988 281 15 19 -3.31404972076416
260 251 14 17 -3.3203110694885254
663 295 8 9 -3.3314809799194336
230 32 7 8 -3.3381221294403076
195 751 27 30 -3.341247081756592
364 683 113 128 -3.3414218425750732
249 40 7 8 -3.3603930473327637
271 297 9 9 -3.3656044006347656
792 746 34 27 -3.3658664226531982
14 751 29 36 -3.3709940910339355
609 382 14 19 -3.3713958263397217
304 321 8 10 -3.372880220413208
639 304 27 36 -3.373859167098999
96 741 25 34 -3.3870184421539307
218 356 21 24 -3.3907277584075928
929 742 25 44 -3.391469717025757
650 749 28 34 -3.394437789916992
947 304 112 125 -3.3965024948120117
551 308 31 33 -3.3996047973632812
503 398 18 29 -3.3997581005096436
849 632 185 208 -3.400360584259033
169 9 108 129 -3.4003894329071045
571 305 21 29 -3.4068856239318848
562 272 14 16 -3.407395839691162
408 748 31 33 -3.4079551696777344
187 303 14 18 -3.4079840183258057
772 265 23 28 -3.408457040786743
410 355 18 20 -3.409771203994751
405 324 8 8 -3.4098613262176514
561 318 16 17 -3.4106063842773438
486 753 18 25 -3.419379711151123
409 367 22 28 -3.420638084411621
289 298 40 50 -3.4240527153015137
200 61 8 8 -3.424158811569214
358 403 23 30 -3.424237012863159
976 91 8 8 -3.425356149673462
125 372 7 9 -3.428344488143921
195 301 12 16 -3.4283628463745117
828 696 83 95 -3.4295661449432373
385 264 12 15 -3.431990146636963
592 747 28 31 -3.4332196712493896
539 692 113 121 -3.4333744049072266
312 324 38 48 -3.4350650310516357
105 348 23 28 -3.4352259635925293
290 367 24 39 -3.437791347503662
597 369 27 38 -3.4379348754882812
435 382 20 30 -3.438495397567749
834 264 14 16 -3.4405856132507324
164 375 23 30 -3.44503116607666
816 295 24 29 -3.4466195106506348
706 328 35 41 -3.4469141960144043
3 232 22 31 -3.4485812187194824
155 339 19 24 -3.4488601684570312
740 607 25 26 -3.4491755962371826
345 370 8 9 -3.450601816177368
826 252 54 60 -3.4511446952819824
672 749 35 35 -3.453209638595581
666 748 18 27 -3.4536373615264893
32 16 8 9 -3.4539055824279785
540 300 29 36 -3.4541831016540527
999 554 20 25 -3.454878807067871
893 271 44 54 -3.4566030502319336
427 750 26 28 -3.456634521484375
507 708 66 84 -3.4593963623046875
998 321 17 21 -3.4610557556152344
456 376 15 19 -3.461493492126465
801 331 24 28 -3.4616661071777344
665 307 20 27 -3.461836099624634
841 387 15 18 -3.4622795581817627
278 346 40 48 -3.4634790420532227
701 347 37 43 -3.46374249458313
229 366 31 38 -3.4645769596099854
375 343 31 41 -3.4657530784606934
763 752 26 30 -3.4662833213806152
882 708 18 25 -3.466353416442871
288 327 14 18 -3.46694016456604
709 368 77 88 -3.4670357704162598
643 144 14 18 -3.4673569202423096
462 374 20 29 -3.4677727222442627
504 382 32 39 -3.4687914848327637
654 432 96 116 -3.469736099243164
517 419 22 26 -3.4697649478912354
723 267 35 46 -3.470399856567383
767 335 16 18 -3.470492362976074
240 281 23 29 -3.472989797592163
817 308 31 40 -3.474276065826416
353 241 14 16 -3.4755077362060547
