0_Parade_marchingband_1_118.jpg
40
915 565 8 9 -2.1015613079071045
752 332 16 16 -2.301943063735962
840 579 9 9 -2.624758243560791
816 276 8 9 -2.784968852996826
801 298 14 15 -2.8325514793395996
804 531 8 9 -2.968261957168579
700 496 8 9 -3.053091526031494
231 366 14 17 -3.0999813079833984
739 323 33 35 -3.125561237335205
743 488 8 8 -3.130509853363037
72 109 16 20 -3.1547625064849854
803 572 8 8 -3.158884048461914
81 136 14 16 -3.1626482009887695
690 292 7 9 -3.1882877349853516
160 392 7 9 -3.2159299850463867
346 328 13 16 -3.221818208694458
224 507 7 9 -3.2364425659179688
896 580 7 8 -3.2854766845703125
235 152 13 16 -3.2886481285095215
354 265 14 17 -3.2936959266662598
929 285 8 8 -3.361097812652588
-3 61 104 143 -3.3675787448883057
813 536 8 10 -3.371177911758423
886 302 16 18 -3.3765223026275635
168 100 7 8 -3.3861024379730225
765 63 52 64 -3.3923768997192383
848 536 7 8 -3.3947081565856934
835 298 25 27 -3.402681350708008
200 285 14 16 -3.404644727706909
889 572 7 8 -3.4049112796783447
802 538 7 8 -3.414313316345215
33 353 15 17 -3.4217309951782227
997 408 8 9 -3.42203426361084
810 211 90 153 -3.4298667907714844
569 145 14 15 -3.4351208209991455
943 136 103 143 -3.4380974769592285
367 330 58 63 -3.442502975463867
805 268 8 8 -3.449428081512451
672 25 22 25 -3.4549083709716797
1011 193 16 25 -3.471898317337036
