0_Parade_Parade_0_76.jpg
38
630 576 200 201 -3.0584747791290283
128 551 195 244 -3.1071763038635254
520 140 7 8 -3.116874933242798
381 564 206 247 -3.1679506301879883
707 651 59 69 -3.2039804458618164
-185 -88 716 1070 -3.2129316329956055
-24 552 235 260 -3.2619729042053223
14 181 19 23 -3.2907650470733643
223 658 49 67 -3.3414247035980225
305 642 60 68 -3.3534295558929443
245 552 197 237 -3.3578944206237793
650 385 108 126 -3.4055004119873047
744 561 187 241 -3.410489082336426
197 649 50 68 -3.4215054512023926
550 650 54 74 -3.4267022609710693
512 264 20 21 -3.4294769763946533
684 318 21 24 -3.431274652481079
655 647 54 77 -3.4323909282684326
469 280 13 16 -3.435458183288574
815 215 108 146 -3.4401144981384277
738 648 54 57 -3.444305419921875
17 144 12 16 -3.448087215423584
8 23 14 16 -3.4482455253601074
165 282 101 145 -3.449979305267334
549 318 94 136 -3.451934814453125
595 184 28 28 -3.4534077644348145
222 160 7 8 -3.4549942016601562
254 266 116 148 -3.4552578926086426
182 214 99 136 -3.457394599914551
932 45 107 122 -3.460256338119507
967 37 47 76 -3.461069345474243
685 -3 48 74 -3.4626972675323486
715 184 102 135 -3.4645376205444336
654 392 20 31 -3.465080499649048
344 309 16 15 -3.465148448944092
576 4 104 168 -3.4680371284484863
20 145 28 34 -3.4715473651885986
272 310 17 22 -3.4726946353912354
