0_Parade_marchingband_1_1008.jpg
82
527 125 25 31 -2.2148373126983643
432 39 14 18 -2.9308743476867676
639 143 15 17 -2.932591438293457
708 501 100 124 -3.0879931449890137
122 550 36 31 -3.124476432800293
412 76 7 10 -3.136096954345703
904 543 27 42 -3.159454345703125
716 540 27 45 -3.1722962856292725
528 150 44 58 -3.1743061542510986
433 547 32 29 -3.225612163543701
98 507 119 113 -3.2273266315460205
474 494 90 124 -3.229921817779541
476 547 31 31 -3.2447292804718018
742 550 16 26 -3.2660317420959473
279 299 341 487 -3.2869150638580322
519 548 33 33 -3.2890431880950928
880 550 26 36 -3.2906110286712646
187 139 53 70 -3.3022587299346924
730 543 25 41 -3.303295612335205
120 521 49 77 -3.309117078781128
674 135 15 17 -3.3298985958099365
691 379 203 300 -3.3311049938201904
656 56 14 17 -3.341146945953369
25 476 156 192 -3.351809501647949
257 224 27 29 -3.35615611076355
601 548 36 32 -3.3588063716888428
116 147 8 9 -3.3648784160614014
773 291 114 134 -3.369208574295044
325 202 13 19 -3.3728957176208496
481 259 82 114 -3.377412796020508
676 367 8 9 -3.381537437438965
535 128 15 16 -3.3875231742858887
15 548 30 33 -3.388234853744507
386 553 23 28 -3.3889541625976562
448 544 33 37 -3.3890414237976074
103 451 9 11 -3.391541004180908
828 530 30 46 -3.3949220180511475
491 544 34 33 -3.4005422592163086
807 439 162 210 -3.4043893814086914
144 541 33 35 -3.4044065475463867
304 199 29 26 -3.406566858291626
338 434 176 221 -3.4092555046081543
132 552 16 21 -3.4153568744659424
926 542 29 33 -3.4157943725585938
744 541 33 40 -3.418320417404175
234 543 31 35 -3.421471118927002
894 247 61 62 -3.424201488494873
419 218 24 26 -3.4247350692749023
759 14 13 19 -3.425133228302002
494 250 44 46 -3.4279260635375977
663 78 102 126 -3.4296882152557373
661 66 27 31 -3.433743953704834
426 495 61 111 -3.4358789920806885
510 544 23 47 -3.438511371612549
518 241 61 58 -3.4405322074890137
106 536 39 55 -3.4420993328094482
831 249 95 147 -3.444002628326416
178 153 106 131 -3.4478073120117188
353 510 74 111 -3.4488131999969482
137 296 104 147 -3.449594497680664
232 123 8 10 -3.4607863426208496
263 545 25 34 -3.461906671524048
806 542 41 42 -3.4619786739349365
856 140 52 66 -3.462061882019043
916 182 19 20 -3.464747667312622
624 230 8 9 -3.46496844291687
328 540 26 43 -3.464974880218506
21 264 95 150 -3.4651570320129395
1010 401 21 33 -3.465517520904541
774 489 96 146 -3.4657559394836426
861 511 82 106 -3.4663593769073486
542 174 42 50 -3.4672796726226807
614 99 48 61 -3.4678661823272705
20 139 51 66 -3.468125820159912
392 181 117 138 -3.4689793586730957
270 535 42 52 -3.470879077911377
920 552 21 26 -3.4712047576904297
544 550 20 28 -3.47176456451416
449 39 14 15 -3.4724318981170654
23 553 16 20 -3.472562789916992
900 477 88 138 -3.4740419387817383
732 481 27 33 -3.4756195545196533
