0_Parade_marchingband_1_34.jpg
37
681 290 7 9 -2.44356369972229
1008 295 24 26 -3.0218381881713867
738 68 8 9 -3.043463706970215
314 -12 872 1013 -3.1475656032562256
78 499 307 387 -3.189951181411743
998 275 43 60 -3.2143094539642334
688 538 236 263 -3.2742085456848145
891 537 190 211 -3.278301239013672
802 160 378 552 -3.289708137512207
-190 100 725 994 -3.2916781902313232
1010 279 19 30 -3.311903476715088
961 249 104 113 -3.3402907848358154
899 654 65 58 -3.345560073852539
937 648 66 64 -3.3493106365203857
190 662 47 78 -3.359930992126465
934 366 149 218 -3.3622584342956543
718 651 59 55 -3.3960983753204346
-14 564 193 216 -3.399739980697632
118 477 100 139 -3.4009153842926025
804 161 25 30 -3.4054431915283203
321 163 38 42 -3.40667724609375
996 662 23 47 -3.4120798110961914
151 554 150 233 -3.418402910232544
47 664 49 72 -3.426893949508667
640 218 37 49 -3.4344239234924316
91 218 18 20 -3.437795400619507
551 407 112 139 -3.4406778812408447
452 536 26 28 -3.4480466842651367
287 87 15 17 -3.44905424118042
445 276 188 273 -3.450153112411499
496 74 95 119 -3.464730978012085
997 159 18 29 -3.4655447006225586
213 655 48 71 -3.465837001800537
489 98 43 67 -3.469827175140381
1014 306 15 22 -3.4710612297058105
356 546 197 224 -3.474158763885498
443 558 26 42 -3.474679946899414
