0_Parade_Parade_0_500.jpg
19
442 416 13 17 -2.970791816711426
46 419 27 29 -3.0997214317321777
293 238 11 14 -3.106665849685669
209 233 13 16 -3.236619710922241
383 143 16 18 -3.237952947616577
46 24 33 41 -3.2522997856140137
537 384 13 17 -3.3052992820739746
260 248 13 14 -3.3083138465881348
473 571 7 9 -3.3109872341156006
244 288 13 12 -3.319692611694336
400 103 8 9 -3.3542633056640625
100 709 15 19 -3.36645245552063
1010 538 20 25 -3.3774869441986084
201 310 14 16 -3.3788180351257324
621 553 13 17 -3.3993191719055176
873 349 27 30 -3.404064416885376
909 603 24 26 -3.4246158599853516
481 387 7 8 -3.4330809116363525
146 660 11 14 -3.4385828971862793
