0_Parade_Parade_0_223.jpg
58
299 163 34 44 -2.0157318115234375
280 239 14 16 -2.1259379386901855
264 242 14 16 -2.8031678199768066
295 256 13 16 -2.8789987564086914
942 331 37 44 -2.908999443054199
1004 337 8 8 -2.9241888523101807
290 265 14 16 -3.0891647338867188
459 660 32 32 -3.158238649368286
255 236 51 70 -3.201167345046997
959 660 9 9 -3.2682063579559326
850 140 30 33 -3.28218936920166
412 610 111 110 -3.301881790161133
154 665 23 26 -3.3037214279174805
533 657 31 29 -3.313709259033203
97 123 39 48 -3.334710121154785
194 658 31 31 -3.3354909420013428
506 587 79 121 -3.3487930297851562
264 280 12 13 -3.349264144897461
366 276 12 17 -3.355410099029541
296 271 8 10 -3.358980178833008
910 261 158 219 -3.3623557090759277
74 135 52 67 -3.3760223388671875
437 655 42 47 -3.3776893615722656
727 578 13 16 -3.37906813621521
197 438 23 29 -3.386277198791504
765 363 101 107 -3.3942270278930664
231 176 98 171 -3.396177291870117
579 175 26 28 -3.396299123764038
888 336 14 19 -3.3985517024993896
159 264 24 28 -3.408466100692749
172 479 95 115 -3.416706085205078
274 213 52 74 -3.4182920455932617
1009 221 22 28 -3.4219250679016113
1010 593 13 19 -3.422121286392212
180 248 18 20 -3.4242353439331055
329 235 8 10 -3.4315924644470215
521 313 104 135 -3.432861089706421
646 320 106 124 -3.433647632598877
593 172 15 16 -3.4390010833740234
106 536 21 29 -3.4401650428771973
548 666 17 23 -3.4407505989074707
541 307 26 38 -3.4438416957855225
111 154 30 33 -3.445279598236084
287 227 21 28 -3.450104236602783
187 306 17 14 -3.450413227081299
368 121 43 75 -3.4514219760894775
373 303 12 14 -3.4520139694213867
244 446 108 130 -3.4548075199127197
171 276 32 41 -3.4555752277374268
520 516 9 10 -3.4611001014709473
370 503 34 47 -3.462777614593506
436 -35 126 129 -3.466157913208008
661 -11 114 125 -3.472205400466919
116 627 15 19 -3.4722235202789307
975 504 38 54 -3.4722676277160645
164 658 17 26 -3.475263833999634
117 110 52 69 -3.47529673576355
992 196 49 79 -3.475959539413452
