0_Parade_marchingband_1_434.jpg
54
776 250 16 17 -2.605498790740967
319 627 168 227 -3.077968120574951
356 462 428 488 -3.1672165393829346
783 276 16 19 -3.1881794929504395
353 728 56 60 -3.2014317512512207
718 748 33 31 -3.260537624359131
269 751 32 31 -3.264357566833496
35 681 106 149 -3.2815628051757812
412 726 49 73 -3.2848622798919678
385 705 115 115 -3.2912464141845703
590 460 390 425 -3.3045685291290283
193 343 8 8 -3.311720132827759
226 705 112 136 -3.3256995677948
715 698 123 126 -3.329568862915039
701 749 31 28 -3.344430446624756
974 749 24 30 -3.3514602184295654
986 747 28 31 -3.3613858222961426
944 734 59 56 -3.3664417266845703
256 276 99 133 -3.384308099746704
260 747 24 43 -3.387298107147217
303 281 14 15 -3.389152765274048
323 723 46 83 -3.392774820327759
1010 564 22 33 -3.406416416168213
386 730 45 74 -3.4086391925811768
785 225 16 16 -3.4093496799468994
93 749 24 29 -3.4148738384246826
110 649 208 225 -3.420475482940674
-116 516 361 461 -3.4212236404418945
696 391 8 8 -3.4225759506225586
347 743 24 44 -3.424623489379883
459 712 25 29 -3.4247689247131348
763 218 56 74 -3.427699565887451
782 266 100 113 -3.429847240447998
613 160 111 136 -3.4351534843444824
555 730 49 61 -3.439692258834839
247 378 107 112 -3.4397776126861572
745 743 27 42 -3.4400155544281006
302 752 31 30 -3.4480628967285156
596 621 126 187 -3.450340509414673
855 215 15 16 -3.4530556201934814
442 733 57 66 -3.45434832572937
441 646 132 196 -3.4553730487823486
716 142 99 151 -3.4583799839019775
249 725 48 74 -3.4587318897247314
773 618 187 241 -3.458919048309326
888 607 190 247 -3.4605343341827393
209 129 13 16 -3.4622817039489746
632 747 29 29 -3.463219165802002
138 237 13 15 -3.46524715423584
668 703 100 112 -3.466193199157715
946 701 100 124 -3.466416835784912
823 723 55 62 -3.47336483001709
135 86 18 26 -3.4740803241729736
448 18 98 126 -3.475816249847412
