0_Parade_Parade_0_64.jpg
151
646 169 50 75 -0.1666080355644226
668 156 49 57 -1.0718791484832764
195 132 34 56 -1.3723821640014648
987 351 9 11 -2.2986133098602295
822 228 16 17 -2.473858594894409
991 349 12 14 -2.48984956741333
280 156 8 9 -2.6051719188690186
212 132 51 69 -2.6984033584594727
668 190 38 45 -2.755824565887451
512 240 9 9 -2.801764965057373
177 140 69 83 -2.8072867393493652
610 200 13 12 -2.8309717178344727
282 493 13 15 -2.8923532962799072
292 559 7 9 -2.9177355766296387
321 150 13 18 -2.9851784706115723
944 260 7 8 -2.9879074096679688
888 191 15 19 -2.999856948852539
913 162 12 15 -3.087161064147949
1008 335 7 9 -3.087646007537842
793 183 14 16 -3.100013017654419
685 212 8 10 -3.1037089824676514
249 495 191 236 -3.1722218990325928
908 112 192 274 -3.1766321659088135
867 35 11 13 -3.194629430770874
934 366 12 15 -3.2228291034698486
632 151 118 112 -3.229840040206909
315 601 100 130 -3.2332491874694824
967 201 68 105 -3.2337284088134766
674 244 25 30 -3.2338194847106934
350 652 27 37 -3.235666513442993
597 196 9 9 -3.267779588699341
306 654 33 28 -3.280313014984131
341 588 176 203 -3.281419515609741
979 168 28 33 -3.2948687076568604
767 288 15 18 -3.300994396209717
940 370 8 9 -3.3058462142944336
763 609 102 115 -3.3062291145324707
-98 342 410 524 -3.3093535900115967
814 652 32 30 -3.3101038932800293
874 160 14 16 -3.3110947608947754
905 206 13 17 -3.3144893646240234
876 552 167 210 -3.317140579223633
896 190 15 18 -3.3228461742401123
537 139 8 9 -3.322887897491455
932 183 8 10 -3.3309168815612793
263 639 56 62 -3.3314030170440674
824 280 13 18 -3.3372037410736084
959 628 51 63 -3.337415933609009
425 283 14 17 -3.3399221897125244
527 646 28 42 -3.342404365539551
935 15 18 18 -3.344179630279541
920 162 14 14 -3.3497467041015625
627 651 23 35 -3.352548122406006
264 151 7 9 -3.359513759613037
924 348 9 9 -3.3613414764404297
970 71 66 102 -3.3633997440338135
414 634 49 81 -3.364528179168701
777 213 15 15 -3.365781784057617
889 207 13 17 -3.3750898838043213
889 168 14 16 -3.376596450805664
860 192 7 8 -3.3787357807159424
124 171 41 52 -3.3787789344787598
312 636 48 74 -3.382205009460449
803 649 25 38 -3.382391929626465
914 359 10 12 -3.3824191093444824
26 232 13 16 -3.382535457611084
666 653 31 32 -3.3865180015563965
452 653 29 33 -3.387054920196533
598 242 12 16 -3.388228416442871
715 30 39 42 -3.388669013977051
984 54 13 19 -3.39261531829834
864 -1 97 147 -3.394667148590088
973 141 63 105 -3.3977723121643066
897 652 35 33 -3.399667978286743
1013 294 11 20 -3.40012264251709
549 175 44 54 -3.4006383419036865
116 151 16 20 -3.4009268283843994
780 647 27 42 -3.402768135070801
195 338 17 22 -3.4030215740203857
604 168 8 8 -3.4038755893707275
1015 341 11 18 -3.4066267013549805
167 599 106 132 -3.4092397689819336
826 126 28 30 -3.4114737510681152
133 188 8 8 -3.41416072845459
971 168 14 20 -3.415074586868286
89 167 41 65 -3.4193971157073975
625 230 13 17 -3.422081232070923
615 24 88 93 -3.4234561920166016
228 635 63 65 -3.4249684810638428
976 655 28 36 -3.4262967109680176
902 -27 188 224 -3.426853656768799
912 207 14 17 -3.427358388900757
619 638 52 58 -3.428872585296631
914 36 42 54 -3.4299440383911133
129 553 51 71 -3.435349702835083
486 633 47 73 -3.4369845390319824
602 188 33 36 -3.4372665882110596
873 155 53 68 -3.437680721282959
314 145 25 32 -3.43977689743042
532 659 17 21 -3.440743923187256
1010 48 18 24 -3.441077709197998
909 144 50 77 -3.4417662620544434
726 136 18 20 -3.4422719478607178
632 613 87 104 -3.4428133964538574
492 468 16 30 -3.4442708492279053
304 138 52 68 -3.44755220413208
216 341 17 21 -3.44758939743042
741 230 102 137 -3.447641372680664
1001 415 7 9 -3.4477391242980957
581 421 21 28 -3.447890281677246
880 359 8 10 -3.4481005668640137
860 640 36 49 -3.4486374855041504
1014 21 12 22 -3.449368476867676
849 242 12 18 -3.4496617317199707
729 151 37 45 -3.4505860805511475
206 183 17 17 -3.4507641792297363
811 274 15 22 -3.4510931968688965
872 35 8 10 -3.451683521270752
996 180 8 9 -3.4532835483551025
190 164 28 38 -3.453498363494873
1 340 31 49 -3.4541425704956055
388 645 41 46 -3.4556117057800293
181 310 38 43 -3.456080436706543
792 164 14 20 -3.4565861225128174
909 228 10 14 -3.458101511001587
649 17 20 25 -3.4583535194396973
831 632 50 76 -3.4587504863739014
751 166 28 31 -3.4592227935791016
521 186 27 32 -3.4611854553222656
195 323 17 22 -3.462657928466797
985 411 7 8 -3.4648144245147705
608 259 50 68 -3.465193510055542
758 50 20 23 -3.4652998447418213
191 15 82 105 -3.4667317867279053
794 6 20 28 -3.4673025608062744
149 235 27 35 -3.467766284942627
645 216 13 21 -3.4678051471710205
611 186 18 22 -3.4679434299468994
568 146 95 119 -3.467970132827759
854 295 12 17 -3.46926212310791
25 164 20 26 -3.469269275665283
696 28 37 49 -3.4693968296051025
872 55 15 19 -3.4701037406921387
914 341 13 15 -3.47099232673645
166 221 34 50 -3.47210431098938
931 352 18 25 -3.47305965423584
653 391 7 9 -3.4732437133789062
543 93 39 48 -3.47434663772583
952 484 22 24 -3.474752426147461
247 130 49 73 -3.474890947341919
488 213 8 8 -3.475712537765503
