0_Parade_marchingband_1_102.jpg
56
331 571 191 231 -3.0367846488952637
825 188 8 8 -3.0905237197875977
214 179 9 10 -3.101883888244629
680 638 54 71 -3.105478286743164
712 375 13 16 -3.146573305130005
424 517 194 263 -3.1661112308502197
224 211 8 9 -3.1693458557128906
712 656 31 43 -3.1797091960906982
704 595 7 9 -3.184833526611328
594 560 227 237 -3.2096595764160156
399 648 50 81 -3.2170019149780273
705 486 11 14 -3.224029541015625
360 367 14 16 -3.2537405490875244
354 612 88 95 -3.2755236625671387
793 433 15 16 -3.282276153564453
250 209 14 15 -3.288158893585205
153 538 182 227 -3.2900352478027344
905 644 45 78 -3.297603130340576
836 549 199 243 -3.30112886428833
961 644 51 81 -3.3068552017211914
769 642 53 68 -3.3121941089630127
241 645 55 62 -3.3125247955322266
479 644 43 67 -3.315814256668091
273 368 14 16 -3.3206119537353516
327 623 67 67 -3.325148582458496
520 408 13 17 -3.3310461044311523
48 234 13 15 -3.33382248878479
680 527 15 17 -3.352130651473999
657 658 48 62 -3.356248140335083
282 640 52 79 -3.35663104057312
498 650 50 78 -3.358130693435669
216 502 15 19 -3.372363567352295
612 646 50 81 -3.3749332427978516
655 620 88 143 -3.382383108139038
225 181 7 8 -3.4009106159210205
718 638 46 70 -3.4013824462890625
514 408 13 15 -3.401731014251709
829 176 13 15 -3.4029650688171387
722 492 194 298 -3.406991958618164
983 433 14 14 -3.407972812652588
240 108 8 9 -3.41656494140625
657 431 14 16 -3.4213147163391113
190 648 44 62 -3.4275894165039062
442 343 13 16 -3.427940845489502
98 416 26 31 -3.430332660675049
797 649 46 61 -3.448054075241089
236 112 7 8 -3.4516007900238037
803 184 14 18 -3.4528143405914307
860 468 24 28 -3.455251455307007
869 641 65 61 -3.460355520248413
736 657 57 59 -3.4665298461914062
945 457 15 14 -3.467898368835449
914 327 163 218 -3.4693806171417236
379 155 30 27 -3.4694008827209473
864 468 8 8 -3.4713406562805176
216 107 15 15 -3.4725565910339355
