0_Parade_marchingband_1_357.jpg
88
525 107 98 121 -1.1214126348495483
661 462 122 127 -3.0887675285339355
476 72 103 144 -3.0926618576049805
715 515 60 59 -3.1277353763580322
541 524 22 26 -3.134937047958374
512 300 396 440 -3.1366846561431885
590 419 146 208 -3.1439743041992188
526 518 29 36 -3.1573684215545654
494 473 97 132 -3.1584324836730957
273 107 7 9 -3.1619536876678467
895 519 25 37 -3.1735658645629883
193 199 14 16 -3.1782302856445312
324 528 23 27 -3.1801929473876953
746 522 32 37 -3.185667037963867
868 524 30 36 -3.1877832412719727
361 527 29 32 -3.1906280517578125
337 520 39 42 -3.2058074474334717
795 523 29 40 -3.213066816329956
200 502 47 62 -3.223728656768799
776 441 91 180 -3.2360565662384033
825 448 100 182 -3.2525415420532227
222 527 24 33 -3.265080213546753
810 527 29 37 -3.279569149017334
398 464 132 121 -3.2820005416870117
438 83 203 229 -3.282168388366699
422 523 28 33 -3.2875494956970215
616 517 31 36 -3.291110038757324
888 448 117 122 -3.2948784828186035
486 518 29 31 -3.296328067779541
551 524 26 34 -3.2969722747802734
587 522 32 46 -3.3034796714782715
705 166 51 75 -3.3040952682495117
153 524 26 36 -3.3087172508239746
540 489 56 78 -3.3088274002075195
312 517 44 49 -3.3132503032684326
346 500 53 87 -3.317842960357666
429 499 51 80 -3.321309804916382
375 525 31 29 -3.3332722187042236
823 519 27 39 -3.3403046131134033
302 163 336 485 -3.352836847305298
408 524 26 31 -3.3567471504211426
347 527 16 26 -3.3596479892730713
57 504 51 61 -3.368558645248413
738 523 22 43 -3.3716211318969727
177 469 96 130 -3.372070074081421
393 526 26 25 -3.378321409225464
696 504 49 64 -3.3800535202026367
265 128 13 15 -3.386000633239746
604 521 26 45 -3.389103889465332
907 522 31 35 -3.3904361724853516
805 365 213 289 -3.3961293697357178
659 485 45 94 -3.398480176925659
467 394 196 244 -3.398735284805298
793 486 55 81 -3.4031174182891846
628 530 16 21 -3.4038519859313965
763 527 27 33 -3.4073803424835205
836 530 29 33 -3.4108924865722656
689 185 22 32 -3.411989688873291
854 525 27 40 -3.4132039546966553
828 415 22 33 -3.4147181510925293
638 528 28 29 -3.418397903442383
171 521 30 41 -3.4190714359283447
576 429 79 84 -3.423887252807617
268 222 96 153 -3.435245990753174
376 316 32 40 -3.435760021209717
115 514 40 49 -3.4383134841918945
922 506 53 55 -3.4402108192443848
504 526 24 30 -3.443159341812134
280 160 8 9 -3.443190097808838
676 270 24 30 -3.443584680557251
822 403 22 27 -3.444843053817749
656 525 18 25 -3.4489195346832275
608 258 106 128 -3.450098752975464
545 438 18 20 -3.451512336730957
385 -8 61 69 -3.45241379737854
503 155 82 98 -3.45353364944458
340 277 16 16 -3.454728603363037
734 447 82 133 -3.4553563594818115
281 457 101 148 -3.4568607807159424
885 522 23 38 -3.4584524631500244
388 512 43 51 -3.460329055786133
794 385 61 58 -3.4621965885162354
169 530 16 25 -3.462928295135498
533 364 100 145 -3.465542793273926
367 473 81 129 -3.466033935546875
69 441 136 107 -3.469905376434326
342 263 18 20 -3.470895528793335
939 391 8 9 -3.475024461746216
