0_Parade_marchingband_1_809.jpg
139
329 65 106 122 5.238569736480713
642 6 98 117 3.308936595916748
458 192 77 96 2.998403787612915
817 126 72 100 2.7772316932678223
81 109 90 101 1.6586995124816895
501 208 60 93 -1.1129906177520752
805 77 98 105 -1.4499953985214233
335 124 53 62 -2.0413260459899902
165 213 100 106 -2.2774548530578613
406 163 100 133 -2.5945353507995605
945 72 62 76 -2.9407548904418945
331 136 94 90 -2.985386848449707
564 551 26 43 -3.0089457035064697
383 161 17 17 -3.0101189613342285
78 93 55 74 -3.0709915161132812
306 495 90 116 -3.0806005001068115
530 521 99 126 -3.090649366378784
271 439 163 225 -3.092825174331665
927 352 7 9 -3.121753692626953
949 557 30 37 -3.1313674449920654
575 556 37 45 -3.132801055908203
699 52 14 21 -3.1406116485595703
80 45 112 117 -3.1573562622070312
992 551 32 42 -3.169527053833008
708 49 8 9 -3.173208713531494
589 236 8 10 -3.1847901344299316
736 15 8 9 -3.202360153198242
26 559 32 33 -3.21254301071167
468 563 34 30 -3.212583541870117
184 559 29 28 -3.2175474166870117
539 11 21 26 -3.2226805686950684
786 556 31 26 -3.225684642791748
253 557 33 35 -3.2323994636535645
338 83 57 65 -3.237086534500122
978 557 29 37 -3.238140106201172
56 538 61 72 -3.242565393447876
770 553 32 38 -3.244950294494629
984 86 15 15 -3.245548963546753
716 47 8 10 -3.24568510055542
660 62 68 103 -3.2464466094970703
532 550 33 46 -3.250318765640259
933 553 28 45 -3.2536780834198
735 547 27 44 -3.2549538612365723
106 553 29 43 -3.256045341491699
959 527 51 59 -3.264284610748291
653 33 52 65 -3.2649893760681152
639 326 15 17 -3.2714524269104004
18 462 268 253 -3.2732248306274414
124 551 24 48 -3.2774088382720947
471 213 351 522 -3.2807211875915527
815 528 56 61 -3.284409284591675
904 506 87 132 -3.289168119430542
597 561 15 23 -3.289191961288452
882 558 30 33 -3.2935328483581543
750 549 31 41 -3.3028616905212402
814 552 26 40 -3.316298007965088
583 489 98 165 -3.321460723876953
928 348 7 9 -3.3230338096618652
94 388 9 9 -3.3244667053222656
829 322 10 14 -3.326265335083008
202 555 26 33 -3.3281075954437256
948 504 93 132 -3.333253860473633
974 58 55 64 -3.334717273712158
893 552 44 43 -3.3384103775024414
350 553 26 43 -3.3398265838623047
421 149 202 250 -3.341918706893921
323 548 42 56 -3.3425920009613037
559 557 18 27 -3.343595027923584
1008 449 27 43 -3.3448970317840576
624 551 28 43 -3.3494622707366943
737 156 57 76 -3.351698875427246
66 198 15 17 -3.3518869876861572
682 129 52 67 -3.3550710678100586
71 514 89 112 -3.3630545139312744
893 440 187 254 -3.3631088733673096
143 554 29 32 -3.364867925643921
380 511 87 120 -3.365345001220703
443 124 109 132 -3.365645408630371
829 559 16 27 -3.3663816452026367
526 359 44 57 -3.3712470531463623
445 508 89 121 -3.3764994144439697
406 557 34 33 -3.3774847984313965
495 400 11 14 -3.379439115524292
682 328 15 17 -3.3795127868652344
188 229 48 66 -3.382831573486328
983 107 8 9 -3.385176181793213
143 124 8 9 -3.385864734649658
577 555 16 27 -3.38832426071167
133 370 321 394 -3.3912529945373535
976 66 29 33 -3.392125368118286
841 537 52 72 -3.3939337730407715
946 561 16 26 -3.3985185623168945
485 557 27 33 -3.3999781608581543
113 428 7 9 -3.403107166290283
640 158 27 36 -3.4049248695373535
811 298 48 74 -3.409309148788452
966 556 22 30 -3.4119582176208496
926 559 23 25 -3.412416458129883
491 387 8 9 -3.423797845840454
40 121 35 57 -3.4243695735931396
359 105 55 69 -3.4253344535827637
836 140 32 28 -3.4261677265167236
705 51 13 15 -3.4281654357910156
709 455 22 26 -3.4322824478149414
980 215 15 18 -3.4384658336639404
848 20 104 129 -3.441883087158203
162 77 46 67 -3.4480504989624023
456 562 26 35 -3.4503393173217773
417 303 93 113 -3.450580596923828
118 558 22 25 -3.45076847076416
206 298 105 140 -3.45082688331604
928 131 29 34 -3.451261043548584
706 351 11 17 -3.4526264667510986
494 333 96 117 -3.4529519081115723
915 380 151 171 -3.453119993209839
398 334 31 33 -3.453437089920044
191 317 11 13 -3.4565651416778564
629 331 56 74 -3.4600303173065186
996 560 15 25 -3.4600367546081543
633 332 14 17 -3.4610421657562256
797 83 39 41 -3.462157726287842
25 432 103 154 -3.4627017974853516
750 71 12 19 -3.462723970413208
527 558 21 27 -3.463047981262207
157 209 58 69 -3.463205337524414
804 560 16 29 -3.4633255004882812
179 260 56 70 -3.465785026550293
686 502 115 119 -3.469182014465332
733 18 73 90 -3.4696223735809326
992 241 20 30 -3.4704487323760986
186 531 53 55 -3.4709770679473877
5 551 33 44 -3.471069574356079
942 271 122 121 -3.471907377243042
359 145 43 59 -3.472109079360962
438 410 16 23 -3.4742438793182373
377 515 12 16 -3.4748456478118896
474 560 16 20 -3.475327968597412
887 122 24 25 -3.4753682613372803
929 110 23 29 -3.4755187034606934
