0_Parade_marchingband_1_832.jpg
121
627 216 13 16 -1.222589373588562
833 223 15 16 -1.4439705610275269
668 172 7 9 -1.5823540687561035
712 368 7 9 -1.6325464248657227
919 338 13 15 -2.1115927696228027
655 318 28 32 -2.258587598800659
168 176 8 9 -2.319089889526367
472 61 7 8 -2.403630256652832
264 164 8 9 -2.441892147064209
563 327 26 31 -2.4656338691711426
457 65 7 8 -2.4699482917785645
916 202 13 15 -2.506079912185669
176 296 8 10 -2.5408403873443604
168 182 8 10 -2.641495704650879
700 364 8 9 -2.670372724533081
945 19 7 9 -2.688157320022583
702 161 29 31 -2.7093169689178467
632 201 13 15 -2.727468252182007
131 8 7 8 -2.739287853240967
167 207 9 10 -2.7604916095733643
977 56 13 15 -2.7923531532287598
964 70 8 9 -2.8146471977233887
1017 27 7 9 -2.872819423675537
580 208 7 8 -2.914637327194214
964 348 7 9 -2.916738271713257
195 327 8 9 -2.930354595184326
685 365 7 8 -2.971801280975342
336 44 8 8 -2.9759390354156494
515 17 14 15 -2.9765093326568604
986 272 12 15 -2.997429370880127
919 303 13 15 -3.0102384090423584
431 72 8 8 -3.07441782951355
896 177 7 8 -3.085339307785034
227 326 9 10 -3.0994486808776855
889 135 7 9 -3.1093668937683105
393 140 7 8 -3.1494264602661133
-18 517 229 258 -3.1511104106903076
380 76 7 8 -3.168762683868408
762 574 184 246 -3.1972837448120117
195 320 8 9 -3.1984362602233887
757 333 24 32 -3.2254714965820312
488 24 8 8 -3.225637674331665
692 364 7 8 -3.2276227474212646
32 343 8 9 -3.2334656715393066
712 164 8 8 -3.236011266708374
829 644 53 64 -3.2497386932373047
113 12 8 8 -3.249793291091919
472 44 8 9 -3.271385908126831
954 216 7 8 -3.27874755859375
633 15 15 16 -3.282154083251953
435 59 7 9 -3.2851200103759766
732 48 17 14 -3.28780460357666
649 48 7 9 -3.28928804397583
443 61 7 8 -3.289400577545166
641 73 7 8 -3.290250301361084
172 185 8 9 -3.294975757598877
472 208 8 9 -3.295685291290283
912 127 8 8 -3.3012704849243164
955 289 13 15 -3.3029356002807617
897 87 8 8 -3.3040106296539307
376 257 8 8 -3.3044118881225586
677 650 61 73 -3.306687593460083
644 315 23 25 -3.3067519664764404
730 638 51 91 -3.3081140518188477
421 63 7 9 -3.3139562606811523
624 60 7 9 -3.320253849029541
900 208 8 9 -3.322047233581543
459 649 52 70 -3.3275644779205322
858 656 54 70 -3.328094005584717
867 225 13 16 -3.328542709350586
342 13 22 22 -3.3324666023254395
997 293 8 8 -3.335116386413574
964 187 7 10 -3.335540771484375
206 404 33 50 -3.3432164192199707
33 270 9 9 -3.3499207496643066
904 137 8 8 -3.3596696853637695
960 151 13 16 -3.366210460662842
406 396 11 13 -3.371817111968994
628 215 8 8 -3.3750431537628174
325 554 198 250 -3.381887912750244
684 583 162 189 -3.381970167160034
900 59 8 9 -3.3824195861816406
939 637 91 91 -3.3896336555480957
484 52 7 7 -3.3958780765533447
897 127 13 17 -3.3984832763671875
408 64 8 8 -3.3986663818359375
297 417 8 8 -3.398685932159424
994 316 6 8 -3.4009079933166504
13 80 7 9 -3.403183937072754
897 143 8 9 -3.404493570327759
774 641 91 86 -3.4050257205963135
917 256 7 8 -3.4080111980438232
263 422 25 26 -3.417264699935913
881 84 8 9 -3.419530153274536
954 65 51 65 -3.4232940673828125
603 644 59 70 -3.427516222000122
900 195 7 9 -3.4280142784118652
721 339 24 29 -3.429908514022827
244 613 14 18 -3.4303622245788574
981 35 76 118 -3.4313347339630127
572 566 14 17 -3.432482957839966
266 407 27 30 -3.436105489730835
144 212 8 9 -3.437100410461426
620 215 13 17 -3.437321424484253
394 655 47 76 -3.4373347759246826
928 265 15 15 -3.439309597015381
252 176 13 16 -3.4414541721343994
28 28 8 8 -3.4424211978912354
889 189 7 8 -3.4424562454223633
66 147 132 152 -3.4428977966308594
176 516 8 9 -3.4433035850524902
217 301 14 17 -3.4435982704162598
961 128 13 15 -3.446227550506592
22 202 806 945 -3.447803020477295
677 305 24 31 -3.4492368698120117
349 5 22 25 -3.4504003524780273
24 7 8 9 -3.4533565044403076
695 364 8 8 -3.4557337760925293
430 512 11 14 -3.455793857574463
605 213 7 8 -3.473221778869629
336 83 8 9 -3.4759163856506348
