0_Parade_Parade_0_287.jpg
162
682 483 56 65 2.585054636001587
164 821 16 21 -2.1936230659484863
977 740 8 9 -2.2133119106292725
319 159 96 121 -2.425673723220825
545 602 14 14 -2.4830284118652344
773 195 112 99 -2.6528995037078857
660 459 55 77 -2.7606682777404785
512 367 8 10 -2.878551959991455
796 58 8 9 -2.8961758613586426
249 244 8 9 -3.0201168060302734
208 723 8 9 -3.0220067501068115
168 524 8 10 -3.0508344173431396
14 247 13 14 -3.066107988357544
287 304 9 10 -3.1895506381988525
984 457 57 80 -3.2408087253570557
989 220 7 9 -3.280724048614502
778 799 7 9 -3.2902822494506836
256 290 9 10 -3.302828073501587
825 984 78 109 -3.3059988021850586
423 547 9 14 -3.3090617656707764
1007 1476 30 31 -3.312601327896118
905 109 8 9 -3.317652463912964
662 916 7 9 -3.324887275695801
154 1013 85 119 -3.3259432315826416
990 19 8 9 -3.339590549468994
981 371 8 9 -3.3400940895080566
430 153 11 16 -3.3423960208892822
724 119 8 9 -3.34395694732666
195 829 13 15 -3.3463165760040283
1013 1466 17 29 -3.350614309310913
164 520 16 16 -3.36135196685791
1010 564 22 33 -3.3633995056152344
196 327 105 159 -3.363650321960449
425 921 7 9 -3.3646254539489746
270 672 41 67 -3.3651156425476074
436 919 15 14 -3.3680784702301025
236 818 27 34 -3.370143413543701
244 259 8 10 -3.3727259635925293
998 594 11 13 -3.3735575675964355
597 194 105 110 -3.3747284412384033
978 735 13 16 -3.3747451305389404
921 674 18 23 -3.3815841674804688
641 868 7 9 -3.38637375831604
123 564 90 111 -3.386852264404297
469 524 8 9 -3.3877880573272705
283 616 23 29 -3.3878843784332275
989 583 20 19 -3.3887064456939697
322 256 76 80 -3.3895177841186523
477 441 13 17 -3.3907992839813232
678 486 105 156 -3.3911147117614746
516 572 50 72 -3.393188238143921
636 563 8 10 -3.3937766551971436
455 376 26 34 -3.396063804626465
710 153 16 21 -3.3989295959472656
695 198 95 112 -3.3991847038269043
271 617 23 23 -3.401599884033203
902 646 40 42 -3.402552366256714
49 153 14 15 -3.404242515563965
287 425 10 15 -3.4055325984954834
468 516 7 8 -3.408029556274414
672 286 118 126 -3.4115447998046875
981 348 17 21 -3.4117226600646973
642 7 14 18 -3.412891387939453
961 703 18 25 -3.4148917198181152
740 588 12 18 -3.416306972503662
131 627 18 21 -3.4173643589019775
235 1255 108 128 -3.4174888134002686
35 426 12 15 -3.41780161857605
113 535 8 9 -3.4185614585876465
729 269 46 45 -3.4197261333465576
937 1182 117 124 -3.4200778007507324
644 433 115 126 -3.4210236072540283
696 1257 173 229 -3.4212424755096436
1011 1390 20 28 -3.4218568801879883
370 305 18 22 -3.423968553543091
895 726 18 24 -3.42476487159729
400 329 106 126 -3.4262826442718506
886 131 52 64 -3.4284911155700684
460 372 15 20 -3.429008722305298
934 704 41 42 -3.4297332763671875
208 761 49 72 -3.434225559234619
309 592 15 17 -3.4346392154693604
421 43 8 8 -3.4354331493377686
686 305 23 26 -3.435945987701416
233 790 8 10 -3.436666965484619
598 340 51 64 -3.436800479888916
619 422 49 72 -3.437875986099243
1012 832 18 29 -3.437878370285034
878 698 44 70 -3.4379096031188965
161 407 7 9 -3.4386203289031982
702 580 31 35 -3.4402501583099365
473 165 229 230 -3.4405977725982666
927 407 129 168 -3.4420082569122314
466 334 10 13 -3.442331314086914
221 265 48 86 -3.443279266357422
147 327 16 15 -3.44374680519104
267 578 12 14 -3.445807695388794
242 645 102 123 -3.4458537101745605
185 883 7 9 -3.447007656097412
544 596 7 9 -3.447101593017578
983 576 9 10 -3.4475059509277344
436 302 43 48 -3.4476959705352783
840 740 26 30 -3.4478020668029785
559 501 16 24 -3.4479894638061523
923 671 9 10 -3.4491963386535645
216 747 22 32 -3.4493579864501953
656 105 56 75 -3.449826955795288
873 289 23 25 -3.450057029724121
258 481 93 112 -3.4523377418518066
137 1427 100 129 -3.452570915222168
262 598 18 21 -3.4534149169921875
154 1216 110 118 -3.4534242153167725
203 856 17 21 -3.4536495208740234
13 780 19 26 -3.453829765319824
669 421 8 8 -3.455505132675171
353 445 110 147 -3.4560928344726562
490 407 102 136 -3.457357883453369
430 133 33 35 -3.4577865600585938
181 338 52 72 -3.4580719470977783
776 137 15 15 -3.4580986499786377
462 28 11 12 -3.459071636199951
84 112 49 76 -3.45985746383667
302 937 44 59 -3.4614980220794678
430 651 28 36 -3.4626500606536865
693 568 27 30 -3.4632232189178467
779 881 106 118 -3.4634952545166016
919 659 37 43 -3.463552951812744
585 587 15 18 -3.4635634422302246
897 738 31 41 -3.46366286277771
701 336 15 18 -3.4640262126922607
337 104 53 78 -3.4643049240112305
20 22 91 129 -3.464320659637451
505 150 14 16 -3.4654030799865723
325 621 12 15 -3.4664504528045654
753 691 7 8 -3.4666147232055664
749 866 183 295 -3.4668617248535156
276 30 47 62 -3.4678471088409424
846 619 33 37 -3.4678924083709717
561 499 57 73 -3.468033790588379
304 1331 107 121 -3.468092918395996
426 551 22 27 -3.4683897495269775
712 108 19 24 -3.469395160675049
237 5 44 46 -3.4700992107391357
343 771 31 31 -3.470362424850464
1004 271 44 68 -3.470911741256714
745 337 43 48 -3.471017360687256
172 506 15 16 -3.4710323810577393
319 786 17 23 -3.471116781234741
-4 244 38 44 -3.4713172912597656
635 877 18 24 -3.4714195728302
119 109 53 72 -3.4726901054382324
135 731 38 51 -3.4727485179901123
585 210 48 73 -3.4727678298950195
795 144 28 30 -3.4730424880981445
602 922 105 130 -3.4733338356018066
709 561 17 21 -3.4735522270202637
244 320 13 16 -3.473799228668213
776 707 8 9 -3.4738519191741943
588 1361 97 118 -3.4742989540100098
924 162 50 67 -3.474348545074463
123 821 11 13 -3.47471022605896
698 319 47 71 -3.4755775928497314
