0_Parade_Parade_0_121.jpg
199
224 484 19 22 -1.4006909132003784
404 384 7 8 -2.106112003326416
792 339 8 10 -2.182183265686035
209 483 26 32 -2.3207736015319824
428 468 8 9 -2.3550028800964355
648 364 7 9 -2.449154853820801
756 320 8 8 -2.497870922088623
218 336 14 14 -2.5941836833953857
553 408 8 8 -2.77828311920166
768 324 7 8 -2.7974772453308105
423 471 15 16 -2.814039945602417
432 447 15 16 -2.8177151679992676
517 440 8 9 -2.8576507568359375
560 592 15 16 -2.8678946495056152
394 433 11 15 -2.8888943195343018
313 465 33 39 -2.9503402709960938
329 476 14 21 -2.968851089477539
806 749 31 32 -2.9844937324523926
641 178 13 15 -3.0027780532836914
503 451 8 9 -3.040133237838745
585 412 7 9 -3.041175365447998
672 750 27 31 -3.041747808456421
66 697 108 119 -3.054386615753174
321 461 12 16 -3.062018394470215
907 751 27 32 -3.06813907623291
266 402 11 13 -3.070972442626953
527 416 28 30 -3.074007511138916
569 408 14 16 -3.081782817840576
106 748 28 40 -3.090585708618164
972 742 27 39 -3.1257636547088623
657 747 28 36 -3.125821113586426
453 746 34 30 -3.1331911087036133
919 745 28 41 -3.1391892433166504
929 388 7 8 -3.139753580093384
415 419 27 30 -3.1472578048706055
91 740 32 45 -3.154045581817627
744 325 8 9 -3.155993938446045
548 405 8 9 -3.157428741455078
630 747 28 38 -3.1806623935699463
262 746 30 31 -3.180813789367676
694 587 201 324 -3.1828341484069824
640 526 29 35 -3.1841237545013428
860 665 109 122 -3.1870341300964355
609 704 85 125 -3.1876442432403564
551 670 96 122 -3.1921496391296387
448 605 40 61 -3.1934306621551514
463 464 14 16 -3.199230670928955
440 384 8 8 -3.2035253047943115
651 731 53 65 -3.2068519592285156
313 605 14 19 -3.2089200019836426
467 474 8 10 -3.2094695568084717
321 693 14 20 -3.210463523864746
555 747 27 32 -3.2202723026275635
960 405 8 9 -3.2234489917755127
935 748 27 30 -3.2260711193084717
616 397 8 8 -3.230891227722168
543 742 25 32 -3.2390475273132324
391 468 9 9 -3.23909068107605
876 747 29 33 -3.2488012313842773
753 343 13 17 -3.2503502368927
769 704 92 119 -3.263057231903076
432 456 8 9 -3.263385057449341
791 751 29 32 -3.2709646224975586
618 513 47 60 -3.273322105407715
931 707 92 122 -3.2788145542144775
991 753 17 29 -3.282186269760132
714 752 15 22 -3.2857444286346436
309 607 8 10 -3.2961301803588867
373 470 24 28 -3.3019750118255615
462 281 664 986 -3.303847551345825
116 754 17 20 -3.310819387435913
180 649 129 163 -3.3138861656188965
404 745 27 42 -3.3167805671691895
813 692 102 151 -3.317347764968872
22 489 333 377 -3.317509412765503
-8 684 101 130 -3.320993423461914
442 750 26 29 -3.3231661319732666
446 444 50 69 -3.323713541030884
549 717 47 68 -3.3238887786865234
31 746 34 36 -3.324208974838257
561 400 8 8 -3.3287954330444336
470 742 32 40 -3.328856945037842
828 748 32 32 -3.332773208618164
196 415 8 9 -3.3337290287017822
99 752 16 24 -3.334242343902588
345 749 25 35 -3.3347086906433105
281 751 33 30 -3.3366897106170654
215 469 16 18 -3.3374481201171875
356 726 70 68 -3.338590383529663
489 583 24 30 -3.343630790710449
539 550 52 71 -3.3446948528289795
981 438 14 19 -3.3467702865600586
777 336 8 8 -3.349290609359741
969 465 16 22 -3.3499512672424316
426 479 9 10 -3.3529300689697266
821 748 18 21 -3.353912353515625
101 445 17 25 -3.3546876907348633
268 573 52 85 -3.3548827171325684
438 367 25 30 -3.355055809020996
343 439 33 37 -3.3562493324279785
289 654 215 225 -3.3564484119415283
653 753 18 22 -3.356731653213501
200 416 7 9 -3.360011577606201
827 723 51 71 -3.3613154888153076
683 740 47 62 -3.3620080947875977
448 441 14 13 -3.3653268814086914
425 306 13 15 -3.366239547729492
616 752 25 32 -3.368105411529541
181 455 7 9 -3.373532772064209
116 732 35 49 -3.3735384941101074
195 606 66 81 -3.3777966499328613
924 753 16 22 -3.3780386447906494
453 399 27 32 -3.3811838626861572
1013 484 15 24 -3.3827013969421387
1004 604 26 26 -3.3833649158477783
272 403 8 10 -3.388084650039673
291 587 61 77 -3.3884382247924805
646 357 11 13 -3.396088123321533
212 619 28 37 -3.3969359397888184
129 753 17 26 -3.3997609615325928
717 745 28 33 -3.402039051055908
846 141 279 349 -3.4061529636383057
959 403 46 54 -3.406616687774658
865 726 49 73 -3.40693998336792
145 690 57 118 -3.4094557762145996
299 240 94 157 -3.409531354904175
716 339 16 20 -3.4105920791625977
401 479 15 19 -3.4112093448638916
984 756 18 19 -3.412261724472046
281 412 7 9 -3.4147086143493652
-186 -72 694 955 -3.414822816848755
947 456 17 17 -3.4150032997131348
984 409 15 15 -3.4164960384368896
861 751 28 38 -3.4195120334625244
-17 481 203 222 -3.420346975326538
998 650 35 58 -3.424105167388916
446 733 49 82 -3.4260127544403076
291 621 29 38 -3.430126190185547
771 730 52 64 -3.4330713748931885
636 370 8 9 -3.433323383331299
706 237 190 234 -3.434887647628784
80 380 93 123 -3.4350554943084717
248 727 50 77 -3.435560703277588
469 755 15 21 -3.436014175415039
242 481 10 15 -3.4362034797668457
-36 625 203 252 -3.437680721282959
537 403 7 8 -3.4386324882507324
168 435 8 8 -3.4386749267578125
706 758 19 29 -3.438844680786133
491 752 26 31 -3.4394664764404297
466 665 202 221 -3.439558982849121
417 411 8 11 -3.4399421215057373
-7 506 98 124 -3.4403305053710938
202 453 32 45 -3.4426281452178955
226 489 30 35 -3.4432950019836426
333 728 45 75 -3.4453256130218506
421 732 51 63 -3.446141242980957
23 424 24 37 -3.44687557220459
971 414 24 31 -3.4488635063171387
509 744 30 40 -3.448883533477783
46 722 49 83 -3.4498682022094727
980 611 64 82 -3.450282096862793
925 408 89 114 -3.450577735900879
625 407 12 11 -3.4507060050964355
210 463 15 18 -3.451347589492798
732 746 28 35 -3.4516892433166504
416 749 27 28 -3.4525439739227295
730 308 21 31 -3.4546961784362793
208 639 30 42 -3.455629825592041
300 641 51 87 -3.4576613903045654
307 436 20 28 -3.457679271697998
398 554 35 51 -3.458979845046997
387 632 14 19 -3.459419012069702
995 437 15 20 -3.4602742195129395
632 351 90 155 -3.4606800079345703
838 448 63 78 -3.4606809616088867
721 542 55 58 -3.4607467651367188
929 63 86 94 -3.46195125579834
998 588 38 62 -3.46223783493042
804 647 28 33 -3.462529182434082
8 737 40 53 -3.4633851051330566
962 455 18 21 -3.4635963439941406
-9 92 186 290 -3.463979721069336
656 688 91 105 -3.4648914337158203
182 587 51 71 -3.466460943222046
923 521 37 56 -3.467028856277466
573 745 27 42 -3.467695951461792
294 478 14 21 -3.467763900756836
479 612 38 48 -3.4688549041748047
763 376 27 36 -3.468914031982422
758 333 93 109 -3.4693667888641357
379 460 27 31 -3.4700732231140137
581 732 53 70 -3.4704535007476807
931 249 136 191 -3.473008394241333
547 582 29 29 -3.4732046127319336
24 477 16 15 -3.473240375518799
896 513 26 28 -3.474480152130127
811 753 14 22 -3.4746921062469482
953 378 28 31 -3.474803924560547
