0_Parade_marchingband_1_530.jpg
70
736 476 7 9 -2.6078145503997803
817 379 15 16 -2.9449288845062256
432 665 17 24 -3.140432834625244
657 655 27 31 -3.163036346435547
419 655 27 28 -3.165085792541504
647 25 398 501 -3.176745653152466
384 602 102 125 -3.176928997039795
1005 356 8 9 -3.1884217262268066
233 655 25 39 -3.196376085281372
519 661 30 34 -3.2146644592285156
187 18 110 139 -3.2309796810150146
217 661 30 37 -3.2575554847717285
536 660 31 40 -3.2699973583221436
372 660 32 29 -3.312396764755249
448 285 15 19 -3.3246655464172363
222 639 51 62 -3.3319332599639893
696 480 8 8 -3.3382771015167236
623 598 85 136 -3.338958978652954
151 649 43 53 -3.3420231342315674
783 46 88 102 -3.352177143096924
920 648 44 44 -3.35443115234375
440 665 24 28 -3.3551247119903564
206 657 29 29 -3.3562159538269043
672 480 8 8 -3.357523202896118
558 660 30 35 -3.357609510421753
169 77 84 100 -3.364068031311035
426 656 48 47 -3.371643304824829
592 393 8 9 -3.374645709991455
594 659 34 34 -3.376640558242798
24 218 96 164 -3.387986183166504
749 501 31 36 -3.388875722885132
1010 16 18 29 -3.3922297954559326
138 665 30 40 -3.392335891723633
811 12 22 25 -3.4003610610961914
642 659 28 36 -3.4016013145446777
126 272 19 28 -3.4028635025024414
396 657 30 42 -3.408205509185791
415 422 63 59 -3.411207437515259
652 639 43 65 -3.413411855697632
247 662 16 28 -3.4223122596740723
1008 -1 29 38 -3.4223129749298096
450 284 52 66 -3.425501823425293
410 252 53 77 -3.4330005645751953
471 9 16 19 -3.43324875831604
146 420 21 27 -3.434474468231201
841 580 8 9 -3.4358034133911133
191 663 26 34 -3.438045024871826
821 658 25 45 -3.439542770385742
-2 37 48 72 -3.441077947616577
160 665 22 27 -3.4415974617004395
656 384 152 202 -3.4486677646636963
908 99 8 10 -3.451815128326416
752 278 104 129 -3.4519171714782715
376 279 105 131 -3.4537367820739746
998 14 45 52 -3.4544544219970703
117 129 196 259 -3.459474563598633
950 289 36 47 -3.4597411155700684
674 151 54 66 -3.4602291584014893
748 660 26 29 -3.4631710052490234
737 339 101 127 -3.463965654373169
939 317 17 27 -3.4666569232940674
405 149 13 19 -3.4680898189544678
493 625 91 123 -3.4683780670166016
697 484 8 9 -3.468601703643799
448 163 28 27 -3.472001075744629
434 272 36 47 -3.472979784011841
459 628 16 17 -3.474353075027466
976 674 9 8 -3.4744880199432373
392 460 8 9 -3.475490093231201
931 256 54 70 -3.4760518074035645
