0_Parade_Parade_0_1046.jpg
104
319 184 355 477 4.349661827087402
469 57 326 483 1.6552042961120605
825 243 161 198 -1.147372841835022
860 134 176 246 -2.823017120361328
552 279 109 114 -2.9162800312042236
835 923 27 29 -3.095320701599121
736 158 190 227 -3.1318724155426025
721 927 33 33 -3.148566961288452
980 919 39 49 -3.176150321960449
504 924 28 33 -3.1788525581359863
845 252 81 114 -3.1813595294952393
210 926 26 31 -3.1887810230255127
495 906 51 84 -3.2240536212921143
706 924 32 35 -3.247152328491211
527 194 177 256 -3.249420642852783
704 892 50 79 -3.269454002380371
471 923 29 28 -3.2738540172576904
677 873 107 134 -3.281097650527954
396 889 53 63 -3.2823100090026855
472 789 206 247 -3.283179521560669
901 862 91 126 -3.288112163543701
994 926 15 27 -3.3052423000335693
812 930 16 23 -3.3095898628234863
675 925 17 25 -3.31178617477417
731 768 195 270 -3.3288350105285645
376 923 29 30 -3.336911678314209
-272 466 824 917 -3.3391594886779785
159 906 56 58 -3.341139554977417
904 917 41 56 -3.346632719039917
35 929 18 18 -3.3484714031219482
617 905 57 55 -3.351106882095337
251 485 11 15 -3.3566346168518066
768 918 25 32 -3.3579845428466797
953 866 92 132 -3.3607916831970215
845 931 32 30 -3.361102342605591
202 875 108 128 -3.36140775680542
880 923 31 33 -3.37353515625
748 901 58 58 -3.37821364402771
374 899 47 74 -3.3785884380340576
767 702 12 14 -3.3855350017547607
304 348 239 221 -3.389528512954712
163 928 29 33 -3.3935415744781494
406 273 174 218 -3.3942251205444336
943 907 55 57 -3.3962645530700684
838 899 56 60 -3.397972345352173
978 930 20 25 -3.3990912437438965
494 400 190 236 -3.399094581604004
661 925 16 25 -3.4008121490478516
816 925 31 33 -3.402437210083008
792 924 30 27 -3.4028022289276123
920 928 21 24 -3.4033212661743164
22 720 217 267 -3.4043877124786377
126 926 31 32 -3.405301809310913
939 926 26 36 -3.405531644821167
740 920 23 38 -3.4073944091796875
603 863 98 139 -3.4079036712646484
232 924 27 33 -3.4096219539642334
780 923 28 36 -3.4106926918029785
1011 218 17 25 -3.4187474250793457
488 921 27 35 -3.422363519668579
741 512 69 89 -3.42352032661438
100 870 79 139 -3.4264392852783203
138 920 42 42 -3.4297659397125244
433 212 8 9 -3.430677890777588
96 924 28 32 -3.4378650188446045
655 907 54 64 -3.4381117820739746
546 360 121 151 -3.43976092338562
430 862 90 152 -3.440472364425659
391 124 185 243 -3.4408023357391357
551 206 102 122 -3.4419491291046143
397 403 108 129 -3.4420394897460938
721 928 18 20 -3.4424490928649902
39 298 83 121 -3.4426748752593994
610 802 107 106 -3.4429383277893066
476 860 99 106 -3.4453392028808594
991 592 55 82 -3.4459407329559326
523 894 79 96 -3.4467060565948486
717 168 56 80 -3.447378158569336
94 459 17 24 -3.449232339859009
105 78 104 125 -3.4500129222869873
195 927 26 33 -3.4521708488464355
364 398 24 30 -3.4530463218688965
782 468 102 169 -3.453624963760376
643 261 50 74 -3.4541444778442383
400 435 8 10 -3.4546945095062256
43 711 110 132 -3.454765558242798
200 900 46 71 -3.456376075744629
521 528 26 25 -3.4566140174865723
0 458 188 220 -3.4579455852508545
755 931 17 22 -3.4597644805908203
606 7 75 95 -3.46075439453125
772 849 35 43 -3.4626646041870117
464 539 85 115 -3.4639382362365723
579 503 94 110 -3.4640634059906006
552 923 35 30 -3.4646339416503906
1007 640 29 38 -3.469904899597168
126 179 200 264 -3.471201181411743
372 408 23 31 -3.4726271629333496
326 919 26 31 -3.4728007316589355
53 67 48 57 -3.4735934734344482
744 210 56 51 -3.4737672805786133
864 928 17 22 -3.474254608154297
-16 681 424 487 -3.4748640060424805
404 456 21 24 -3.4759418964385986
