0_Parade_marchingband_1_164.jpg
258
575 241 11 14 1.686293601989746
267 107 10 11 1.0427041053771973
851 759 9 11 0.8349130153656006
512 214 14 14 -0.05115950107574463
604 218 10 10 -0.1051476001739502
736 295 8 9 -0.18505793809890747
681 240 12 17 -0.4369618892669678
550 150 11 17 -0.5146915912628174
231 144 9 9 -0.5686063766479492
783 760 8 10 -0.8438215255737305
573 183 8 9 -1.116227626800537
859 771 9 11 -1.1524012088775635
657 212 7 9 -1.2616753578186035
733 292 8 8 -1.4426612854003906
736 287 8 10 -1.4944902658462524
603 259 9 9 -1.505926489830017
493 187 8 8 -1.5077509880065918
677 211 7 8 -1.5519074201583862
488 247 9 10 -1.6068661212921143
474 192 14 15 -1.6541035175323486
273 159 7 9 -1.7237293720245361
596 195 8 9 -1.7626121044158936
836 759 8 10 -1.790726900100708
450 180 7 8 -1.7983853816986084
825 754 8 9 -1.8190758228302002
499 257 13 14 -1.8223990201950073
280 167 7 9 -1.8402597904205322
844 753 8 9 -1.9324777126312256
600 256 8 9 -2.1034746170043945
504 264 10 9 -2.1130192279815674
555 156 9 9 -2.128272533416748
553 264 8 9 -2.1329970359802246
552 271 8 10 -2.2340962886810303
739 285 8 8 -2.2868845462799072
532 240 8 10 -2.2930173873901367
861 221 7 8 -2.3194475173950195
568 147 7 9 -2.3366305828094482
227 140 10 14 -2.3787412643432617
737 250 9 9 -2.433684825897217
708 193 8 8 -2.5523977279663086
628 236 9 9 -2.5606343746185303
867 783 8 10 -2.5614442825317383
464 52 8 9 -2.5623714923858643
731 296 11 11 -2.6013805866241455
863 775 8 10 -2.623504161834717
533 191 7 9 -2.661055326461792
535 237 12 15 -2.6745665073394775
672 176 13 16 -2.6980719566345215
844 777 7 8 -2.725257396697998
581 175 7 8 -2.735147476196289
600 255 14 17 -2.7611520290374756
675 183 9 10 -2.7664895057678223
628 183 8 9 -2.7680039405822754
480 196 8 9 -2.7729244232177734
577 246 13 18 -2.787057399749756
785 779 7 10 -2.797837972640991
678 245 11 15 -2.82023024559021
601 267 8 10 -2.8311638832092285
625 183 8 9 -2.8486361503601074
816 763 9 11 -2.869206666946411
198 673 56 62 -2.9105372428894043
672 161 7 8 -2.9131875038146973
672 207 8 8 -2.915358543395996
504 271 8 9 -2.91640567779541
209 167 7 8 -2.919546365737915
660 236 8 9 -2.9235048294067383
677 200 7 8 -2.9267232418060303
404 172 7 8 -2.930774688720703
385 104 8 9 -2.9327335357666016
575 221 8 9 -2.9595279693603516
553 263 14 15 -2.9723575115203857
490 181 11 14 -2.976677894592285
248 121 7 9 -2.978557586669922
182 300 7 8 -2.979053258895874
751 758 10 11 -2.980177640914917
552 243 8 10 -2.983283519744873
496 169 7 8 -2.987133264541626
408 170 7 8 -2.99137020111084
625 241 12 12 -3.002040386199951
253 140 8 9 -3.002729892730713
212 156 7 8 -3.002847671508789
668 212 7 8 -3.0043768882751465
828 771 8 9 -3.0062530040740967
760 751 9 10 -3.0093750953674316
436 175 8 9 -3.0145187377929688
211 653 30 33 -3.0151684284210205
266 105 8 8 -3.0281383991241455
212 168 7 8 -3.0300650596618652
569 204 7 8 -3.0367939472198486
596 236 7 9 -3.0383238792419434
652 216 8 9 -3.042788028717041
570 176 12 14 -3.0430655479431152
257 456 15 17 -3.0523953437805176
507 335 8 9 -3.0528008937835693
621 256 7 8 -3.059140682220459
465 209 7 9 -3.061964988708496
653 212 8 9 -3.0649757385253906
241 204 7 8 -3.065329074859619
421 279 7 9 -3.0653772354125977
600 172 8 9 -3.073289155960083
608 257 8 8 -3.086148262023926
788 800 7 9 -3.089552640914917
265 168 8 9 -3.091862678527832
363 180 8 10 -3.0990755558013916
736 216 15 16 -3.1154510974884033
258 168 7 9 -3.1203651428222656
216 153 8 8 -3.1205146312713623
192 279 14 17 -3.122382640838623
448 184 13 15 -3.1354870796203613
452 44 8 8 -3.1392998695373535
568 213 8 9 -3.1428232192993164
820 760 8 11 -3.1430158615112305
526 52 18 25 -3.146305561065674
585 195 7 9 -3.1552445888519287
716 207 8 9 -3.1581881046295166
1005 52 31 32 -3.1628644466400146
520 211 8 9 -3.1638808250427246
995 22 46 79 -3.1643643379211426
229 164 7 8 -3.17702579498291
672 172 8 8 -3.177769660949707
758 194 10 13 -3.179306983947754
690 167 7 8 -3.182436466217041
593 156 8 9 -3.1898245811462402
504 184 7 9 -3.190215587615967
664 103 9 10 -3.1971254348754883
768 755 8 10 -3.197127342224121
493 177 7 8 -3.2078888416290283
736 299 9 10 -3.212028741836548
873 357 15 19 -3.230301856994629
807 -11 281 383 -3.232849359512329
678 232 12 15 -3.233640193939209
121 296 7 8 -3.239962577819824
828 752 8 10 -3.2460482120513916
549 193 7 9 -3.2503662109375
271 256 14 16 -3.2505156993865967
485 200 7 9 -3.2544901371002197
570 58 14 16 -3.2599453926086426
669 216 7 8 -3.262441635131836
592 164 7 9 -3.2638888359069824
393 385 14 16 -3.2682666778564453
685 216 7 8 -3.270296096801758
709 275 8 9 -3.2728774547576904
473 43 8 8 -3.2744245529174805
216 177 8 9 -3.2787115573883057
271 132 9 9 -3.2793164253234863
504 168 7 9 -3.282170057296753
640 232 8 9 -3.2832202911376953
860 245 7 9 -3.28395414352417
648 251 7 9 -3.284775972366333
561 188 7 8 -3.285055637359619
268 131 8 9 -3.2933483123779297
713 199 12 14 -3.2940430641174316
760 749 14 17 -3.294062614440918
952 230 106 173 -3.2941858768463135
388 388 25 30 -3.299483299255371
565 160 7 8 -3.2997488975524902
519 201 13 15 -3.3006467819213867
1005 458 33 41 -3.307281970977783
516 148 8 9 -3.309812307357788
878 15 12 16 -3.310425281524658
1011 58 14 19 -3.325223922729492
677 216 8 9 -3.3291056156158447
455 216 14 16 -3.3297171592712402
453 248 7 8 -3.332812786102295
682 289 10 13 -3.3333828449249268
593 184 7 8 -3.33469557762146
824 733 7 9 -3.3347151279449463
600 201 7 8 -3.3405046463012695
605 188 7 9 -3.3406617641448975
362 288 14 16 -3.3408102989196777
629 316 7 9 -3.344237804412842
855 770 9 13 -3.350646495819092
824 772 8 10 -3.351813793182373
739 291 9 10 -3.351867198944092
465 167 8 9 -3.35198712348938
461 280 7 9 -3.352095127105713
679 281 13 16 -3.3568882942199707
774 770 11 14 -3.3572521209716797
660 209 7 9 -3.3577418327331543
429 103 8 10 -3.361527442932129
620 208 7 9 -3.362544298171997
280 149 7 9 -3.36310076713562
410 292 14 17 -3.3645012378692627
512 147 8 9 -3.3651862144470215
631 236 12 14 -3.3658814430236816
465 239 7 9 -3.370854139328003
712 48 8 9 -3.3725059032440186
984 224 14 14 -3.3736915588378906
913 320 8 9 -3.378270149230957
165 264 7 9 -3.3812265396118164
205 180 7 8 -3.381600856781006
600 217 8 10 -3.382564067840576
208 153 13 16 -3.3830766677856445
676 204 8 9 -3.3887946605682373
500 353 16 15 -3.3900082111358643
477 184 7 8 -3.3907594680786133
555 151 16 18 -3.3908870220184326
466 319 13 15 -3.394221305847168
1013 62 16 26 -3.394740104675293
440 185 14 15 -3.3956451416015625
341 247 8 9 -3.397702932357788
249 725 48 70 -3.4045701026916504
482 247 14 16 -3.4082541465759277
524 179 7 9 -3.4085354804992676
958 516 129 185 -3.4089441299438477
493 262 21 22 -3.4106593132019043
270 391 15 15 -3.410731077194214
453 260 8 9 -3.413647174835205
705 275 7 9 -3.4162662029266357
584 167 8 9 -3.4167070388793945
936 667 8 9 -3.4173648357391357
656 463 8 8 -3.417830228805542
858 73 39 57 -3.420222282409668
400 201 8 8 -3.42299747467041
556 213 8 9 -3.425075054168701
673 224 8 9 -3.4271349906921387
226 448 13 15 -3.4277262687683105
588 184 7 9 -3.4299635887145996
209 704 115 115 -3.430788516998291
269 148 8 8 -3.431467056274414
724 233 7 9 -3.433168411254883
192 752 14 17 -3.433540105819702
468 164 8 10 -3.4346773624420166
946 122 133 191 -3.435999870300293
540 465 10 16 -3.4364492893218994
96 325 7 8 -3.436558246612549
723 307 26 29 -3.4365944862365723
208 148 7 8 -3.4372944831848145
560 231 8 9 -3.43833065032959
456 303 13 16 -3.439473867416382
254 168 7 9 -3.441861152648926
659 211 10 13 -3.4457955360412598
264 111 8 9 -3.4466562271118164
239 638 39 41 -3.448723793029785
656 204 7 9 -3.4499013423919678
256 377 25 29 -3.4509823322296143
256 654 8 10 -3.451385736465454
784 222 15 18 -3.45170521736145
453 207 7 8 -3.451913833618164
402 177 13 15 -3.453744888305664
809 549 112 121 -3.45792818069458
200 200 8 9 -3.4585111141204834
456 45 8 8 -3.4585275650024414
668 221 7 8 -3.4597084522247314
385 239 13 16 -3.460500478744507
200 749 23 31 -3.4605512619018555
537 211 7 9 -3.4618921279907227
705 192 7 9 -3.465381622314453
509 153 7 9 -3.466444730758667
197 662 30 32 -3.4677236080169678
697 766 181 290 -3.467837333679199
238 642 23 19 -3.468414783477783
152 251 8 9 -3.4711759090423584
483 318 25 31 -3.471611738204956
565 227 7 9 -3.4721648693084717
415 486 37 43 -3.472715377807617
798 0 43 49 -3.4754343032836914
580 188 7 9 -3.475515842437744
