0_Parade_marchingband_1_271.jpg
56
754 444 8 9 -2.1337690353393555
264 604 9 10 -2.8009033203125
28 343 7 9 -2.829789638519287
426 268 794 916 -2.9863898754119873
425 343 14 17 -3.01088547706604
747 420 398 513 -3.0492022037506104
733 613 231 237 -3.0525734424591064
73 391 14 15 -3.0847647190093994
448 414 14 17 -3.0906331539154053
-73 503 387 482 -3.1073296070098877
-45 721 105 113 -3.18562912940979
242 514 442 453 -3.196104049682617
838 698 117 111 -3.207221031188965
61 707 106 118 -3.2277114391326904
492 698 101 117 -3.2281527519226074
7 753 27 26 -3.238438606262207
532 750 32 30 -3.2394657135009766
621 724 48 83 -3.286008358001709
627 741 27 44 -3.297757863998413
588 702 110 129 -3.3036186695098877
347 692 130 126 -3.3188443183898926
178 607 165 235 -3.3218750953674316
-19 631 184 223 -3.325357675552368
879 724 48 77 -3.3263607025146484
20 728 48 79 -3.3278799057006836
382 487 20 22 -3.3312907218933105
570 619 198 251 -3.3365285396575928
511 521 409 425 -3.3582563400268555
195 740 49 74 -3.362185001373291
1012 415 15 26 -3.362291097640991
644 732 56 58 -3.3934848308563232
520 750 25 30 -3.398740768432617
653 744 25 40 -3.398829936981201
22 386 12 17 -3.4033334255218506
591 731 48 76 -3.412407398223877
714 726 43 77 -3.4223783016204834
225 738 50 75 -3.431896686553955
786 413 10 15 -3.434147834777832
43 732 49 80 -3.439234733581543
128 681 96 149 -3.4425971508026123
946 729 50 80 -3.444547176361084
283 734 57 58 -3.4473416805267334
725 446 22 23 -3.4506115913391113
954 373 93 106 -3.453798532485962
225 389 198 243 -3.4549174308776855
433 401 14 15 -3.4562466144561768
534 161 110 150 -3.4591128826141357
769 560 14 15 -3.459965229034424
441 409 30 28 -3.462095022201538
5 334 22 30 -3.464160442352295
674 712 101 115 -3.4660229682922363
422 392 39 36 -3.4679222106933594
737 385 8 8 -3.4703824520111084
713 748 30 32 -3.4704177379608154
461 516 52 56 -3.4707047939300537
615 747 27 30 -3.4742953777313232
