0_Parade_Parade_0_447.jpg
79
225 128 54 70 -3.0435688495635986
14 743 28 43 -3.0801756381988525
4 727 89 98 -3.121861696243286
696 612 191 291 -3.136037826538086
475 518 12 16 -3.1473212242126465
742 747 26 33 -3.1527786254882812
24 427 9 10 -3.1718695163726807
570 747 25 41 -3.226078987121582
30 743 28 34 -3.231839418411255
719 692 94 109 -3.233579635620117
764 741 34 39 -3.245673894882202
872 688 107 129 -3.2492542266845703
501 211 753 967 -3.2637453079223633
947 74 120 124 -3.2665772438049316
222 753 24 31 -3.2697322368621826
530 723 97 106 -3.2824339866638184
802 703 104 117 -3.2829174995422363
830 744 26 42 -3.2853305339813232
284 743 40 48 -3.2939178943634033
463 278 38 44 -3.2983508110046387
782 755 22 26 -3.3058228492736816
425 524 7 9 -3.3149831295013428
299 754 17 23 -3.3192155361175537
7 469 14 17 -3.325242757797241
911 747 25 42 -3.330315351486206
946 509 11 14 -3.3324618339538574
490 689 92 169 -3.3348278999328613
184 703 98 129 -3.34861421585083
474 593 14 14 -3.350709915161133
313 750 30 32 -3.3560996055603027
812 750 28 31 -3.360752820968628
261 746 25 37 -3.369249105453491
724 752 29 35 -3.3723928928375244
758 750 22 33 -3.3728561401367188
564 69 8 9 -3.376049757003784
350 750 28 35 -3.376082181930542
37 686 116 131 -3.3786630630493164
448 553 7 7 -3.3855080604553223
989 746 25 40 -3.3860599994659424
36 239 7 10 -3.386904716491699
227 744 39 49 -3.389465093612671
1010 467 20 31 -3.393260955810547
797 747 30 34 -3.39542293548584
192 726 49 73 -3.396005153656006
250 693 86 120 -3.4097073078155518
987 60 18 22 -3.413409471511841
782 11 23 27 -3.413994312286377
791 -119 426 508 -3.417556047439575
839 754 24 23 -3.4240193367004395
28 755 16 18 -3.4242770671844482
953 698 98 125 -3.424422264099121
398 241 106 136 -3.4289355278015137
19 279 42 50 -3.4313507080078125
277 750 23 33 -3.439030170440674
631 747 34 34 -3.4434399604797363
154 747 30 38 -3.449503183364868
601 502 90 121 -3.4537272453308105
273 580 7 8 -3.4541192054748535
418 31 27 38 -3.4559006690979004
432 221 51 78 -3.455965995788574
800 527 15 13 -3.4586684703826904
469 46 25 25 -3.4588565826416016
994 438 47 59 -3.459108591079712
705 229 29 31 -3.459669589996338
927 -19 187 263 -3.46075439453125
726 196 50 45 -3.4617867469787598
101 747 30 36 -3.461911678314209
96 379 13 19 -3.4648935794830322
934 751 23 24 -3.4654908180236816
494 258 21 30 -3.466477632522583
289 753 18 25 -3.4671404361724854
773 405 22 29 -3.4699158668518066
11 413 18 21 -3.4708316326141357
182 749 27 33 -3.472827911376953
331 746 39 49 -3.4731132984161377
980 495 8 9 -3.473151445388794
197 96 39 45 -3.4737629890441895
160 439 25 28 -3.4754252433776855
846 639 242 236 -3.476048469543457
