0_Parade_Parade_0_533.jpg
102
526 330 29 40 -2.476412773132324
504 346 9 10 -2.481804370880127
520 270 15 16 -2.8368334770202637
581 302 8 11 -2.875830888748169
481 300 7 8 -2.891392469406128
1010 519 25 41 -3.0512404441833496
616 748 32 31 -3.052724599838257
605 718 50 77 -3.1044719219207764
499 323 8 10 -3.1095404624938965
1010 24 16 29 -3.114603281021118
702 477 15 18 -3.1157305240631104
553 266 14 15 -3.12746000289917
495 299 11 15 -3.130688190460205
343 619 8 9 -3.134272575378418
714 744 31 32 -3.1616475582122803
670 743 26 40 -3.1629462242126465
333 721 45 92 -3.1666958332061768
505 279 8 9 -3.1762847900390625
358 630 191 227 -3.1833081245422363
887 236 209 257 -3.216425895690918
688 752 36 29 -3.217459201812744
1012 561 18 32 -3.2256226539611816
878 729 57 63 -3.226858377456665
886 747 26 30 -3.2326321601867676
832 671 101 167 -3.2346370220184326
751 738 25 44 -3.2360734939575195
422 726 46 81 -3.2416560649871826
960 291 99 152 -3.2501254081726074
934 749 23 40 -3.2580199241638184
647 397 16 17 -3.26062273979187
607 750 25 41 -3.26861310005188
846 748 29 32 -3.27150297164917
1009 465 25 40 -3.2748193740844727
962 742 26 41 -3.283426284790039
817 745 26 41 -3.2836291790008545
650 744 27 42 -3.2846686840057373
619 710 93 111 -3.284898281097412
627 754 16 19 -3.2879936695098877
638 755 15 22 -3.2880406379699707
809 564 7 8 -3.2938039302825928
678 732 67 61 -3.293933868408203
142 592 205 299 -3.3036985397338867
902 744 27 32 -3.304168462753296
664 720 8 9 -3.308864116668701
508 316 38 42 -3.3091983795166016
916 754 15 19 -3.3108906745910645
404 409 78 89 -3.312270402908325
449 326 14 18 -3.3220224380493164
918 744 27 43 -3.323740005493164
1011 540 17 30 -3.3320472240448
634 746 28 46 -3.3436498641967773
581 318 7 10 -3.3459956645965576
562 297 12 16 -3.350497007369995
944 748 28 30 -3.3525025844573975
1010 11 16 27 -3.355508327484131
711 552 394 451 -3.3657000064849854
456 312 15 18 -3.368102788925171
1008 59 32 48 -3.3684399127960205
642 429 27 34 -3.3689894676208496
545 263 13 15 -3.3706166744232178
548 350 12 20 -3.372694492340088
545 743 27 32 -3.3811562061309814
348 749 27 30 -3.387511730194092
578 733 52 86 -3.3887784481048584
66 722 48 82 -3.3948733806610107
520 316 56 71 -3.3957314491271973
904 704 93 110 -3.395764112472534
994 499 49 67 -3.402069091796875
453 719 56 62 -3.4026384353637695
81 711 121 123 -3.406787872314453
574 294 17 21 -3.4133572578430176
841 435 32 48 -3.417362689971924
719 739 49 75 -3.418494701385498
407 746 28 34 -3.41930890083313
833 700 7 9 -3.421457290649414
863 738 32 45 -3.4319260120391846
863 752 17 23 -3.4371495246887207
685 746 17 28 -3.4374570846557617
519 746 27 41 -3.439059019088745
423 676 102 127 -3.43959903717041
-111 174 678 907 -3.4406449794769287
397 640 7 9 -3.4410746097564697
561 751 24 44 -3.441826343536377
163 266 116 124 -3.44497013092041
215 660 102 128 -3.445354700088501
373 704 80 98 -3.447360038757324
751 669 23 30 -3.4481699466705322
543 237 47 56 -3.448591470718384
692 358 193 231 -3.4503915309906006
950 720 60 59 -3.4508917331695557
499 339 31 45 -3.451688051223755
582 258 11 13 -3.4523348808288574
406 337 374 505 -3.4528183937072754
514 328 10 14 -3.4601480960845947
853 499 26 31 -3.4619131088256836
401 253 19 28 -3.462282657623291
242 87 234 255 -3.462570905685425
293 202 30 33 -3.4632763862609863
561 263 14 15 -3.4637255668640137
798 720 53 89 -3.4683444499969482
834 724 54 70 -3.473315715789795
530 743 25 31 -3.473641872406006
