0_Parade_Parade_0_602.jpg
179
450 119 96 145 4.224842548370361
499 160 90 118 2.496426582336426
286 380 52 71 -1.8370006084442139
565 108 7 9 -1.9184966087341309
643 565 9 9 -2.629009246826172
755 363 165 218 -2.7489700317382812
-6 414 97 135 -2.7913496494293213
816 736 85 107 -2.890725612640381
595 382 21 32 -2.8983280658721924
501 1233 16 17 -2.9015002250671387
263 1356 9 9 -3.124150037765503
157 208 39 47 -3.1656863689422607
808 600 104 109 -3.195040702819824
240 309 106 138 -3.2082667350769043
504 542 9 9 -3.234048843383789
86 1349 213 254 -3.240962505340576
461 45 169 201 -3.2563087940216064
431 180 129 181 -3.2679147720336914
772 442 93 111 -3.2710371017456055
1002 891 23 36 -3.2736454010009766
931 601 88 113 -3.279831647872925
681 757 13 19 -3.2835185527801514
351 173 43 57 -3.289079189300537
215 736 51 76 -3.2929508686065674
-190 900 743 880 -3.294510841369629
561 260 161 206 -3.2969768047332764
133 313 15 25 -3.302927255630493
598 368 14 17 -3.3123276233673096
659 780 15 16 -3.314068078994751
716 971 57 79 -3.3173553943634033
136 667 96 117 -3.3173766136169434
32 920 14 17 -3.31864333152771
315 904 48 65 -3.3259358406066895
194 526 110 138 -3.327897310256958
148 469 21 22 -3.3374619483947754
386 359 14 15 -3.341172456741333
982 813 86 166 -3.354495048522949
346 171 17 21 -3.3546857833862305
1014 1265 11 22 -3.354903221130371
748 874 13 16 -3.3579163551330566
827 929 56 77 -3.358680009841919
894 345 45 57 -3.3618879318237305
461 1220 49 67 -3.362092971801758
364 144 48 55 -3.362935781478882
863 103 93 106 -3.3651933670043945
734 1209 361 473 -3.368290901184082
12 1356 8 8 -3.370866298675537
651 412 93 134 -3.372850179672241
751 306 105 118 -3.3732287883758545
360 105 102 143 -3.3737072944641113
464 351 54 67 -3.374191999435425
785 747 48 74 -3.3767218589782715
680 35 141 179 -3.3792927265167236
323 135 49 76 -3.390894889831543
619 186 51 67 -3.3941938877105713
480 544 7 9 -3.39479660987854
884 448 201 246 -3.394909620285034
423 1116 108 164 -3.4007010459899902
684 443 49 76 -3.4016971588134766
1010 1270 27 42 -3.4027585983276367
3 835 25 33 -3.408749580383301
1015 206 10 20 -3.410780906677246
216 81 217 210 -3.411827325820923
347 344 17 19 -3.4130659103393555
359 159 13 19 -3.413362979888916
694 994 17 16 -3.4147727489471436
11 621 38 40 -3.415830135345459
596 584 17 23 -3.4159791469573975
386 142 52 70 -3.416362762451172
755 930 25 31 -3.418926477432251
300 155 28 33 -3.4211130142211914
340 151 22 29 -3.4218783378601074
764 928 8 9 -3.4229114055633545
909 824 16 24 -3.4232897758483887
912 907 73 107 -3.4236228466033936
189 815 44 44 -3.4239704608917236
631 711 111 124 -3.424055576324463
827 602 49 62 -3.425661325454712
852 1322 15 16 -3.4269397258758545
116 459 41 47 -3.427739143371582
843 745 40 46 -3.4288833141326904
165 188 46 46 -3.4312596321105957
767 690 12 15 -3.4319252967834473
147 752 15 18 -3.4320731163024902
215 767 81 112 -3.432760715484619
127 411 15 24 -3.4329817295074463
228 533 52 76 -3.4332566261291504
205 899 85 90 -3.4335129261016846
491 413 16 23 -3.4345531463623047
410 48 45 43 -3.43550181388855
1002 1055 41 47 -3.437357187271118
491 267 57 75 -3.437427282333374
20 102 48 77 -3.4379217624664307
8 617 88 118 -3.4379255771636963
910 322 66 77 -3.4380860328674316
715 1374 219 244 -3.438990831375122
129 531 48 64 -3.4394798278808594
229 898 105 157 -3.439789056777954
151 461 104 157 -3.440232992172241
40 332 88 115 -3.441056489944458
139 439 49 67 -3.4411563873291016
260 1000 56 61 -3.441842555999756
851 1444 97 166 -3.442261219024658
121 516 26 34 -3.4426910877227783
170 205 15 17 -3.4430947303771973
328 1219 13 15 -3.4432532787323
422 1154 41 59 -3.4447991847991943
251 1439 100 120 -3.445168972015381
127 1052 37 42 -3.4464826583862305
29 129 28 22 -3.446870803833008
238 1352 12 17 -3.447554588317871
316 855 22 25 -3.4478163719177246
124 749 42 58 -3.447986364364624
882 70 17 23 -3.4489586353302
648 758 52 64 -3.449172258377075
644 647 8 9 -3.449345111846924
994 899 43 49 -3.449592113494873
708 1039 7 9 -3.4504551887512207
478 1186 40 58 -3.4511196613311768
136 1446 103 128 -3.4515433311462402
182 858 23 33 -3.45166015625
491 1226 30 30 -3.4520864486694336
173 370 67 83 -3.45271635055542
459 1166 13 17 -3.452810764312744
309 879 33 32 -3.453270673751831
807 587 40 46 -3.45339298248291
141 214 24 28 -3.4538118839263916
362 140 16 24 -3.4539594650268555
241 841 39 55 -3.4547274112701416
924 818 19 22 -3.4552719593048096
537 294 63 64 -3.456021308898926
8 484 43 45 -3.4561996459960938
191 888 15 25 -3.456592082977295
130 827 55 72 -3.4574341773986816
133 793 46 68 -3.458200454711914
231 959 32 45 -3.4598288536071777
404 230 83 102 -3.4601876735687256
445 402 114 124 -3.460752010345459
862 124 215 254 -3.4608798027038574
193 831 16 20 -3.4613757133483887
623 588 14 15 -3.462623119354248
200 861 28 44 -3.4630606174468994
175 787 39 47 -3.4632062911987305
785 808 15 16 -3.463317632675171
754 895 19 22 -3.463683843612671
851 789 46 50 -3.4641518592834473
176 871 13 18 -3.4642715454101562
133 408 13 19 -3.4642744064331055
90 877 37 53 -3.464914083480835
371 206 17 23 -3.4651918411254883
472 1283 94 144 -3.4653265476226807
58 433 111 109 -3.465641975402832
121 945 39 52 -3.4662556648254395
941 840 19 26 -3.4669189453125
253 207 43 52 -3.4672069549560547
19 619 18 21 -3.4675159454345703
-19 301 193 200 -3.4685051441192627
644 404 17 22 -3.4700984954833984
281 83 93 141 -3.4702742099761963
75 452 54 62 -3.470539093017578
321 870 51 57 -3.4708175659179688
90 352 48 74 -3.470912456512451
204 47 35 44 -3.471144199371338
138 568 105 122 -3.4711601734161377
327 1218 110 136 -3.4723987579345703
837 666 53 69 -3.4726064205169678
811 753 52 61 -3.4727916717529297
986 854 15 18 -3.4730355739593506
476 410 38 46 -3.4732651710510254
350 164 28 34 -3.4735913276672363
130 909 16 24 -3.4736735820770264
231 542 28 37 -3.473841667175293
644 523 93 104 -3.47387433052063
537 286 31 39 -3.473909616470337
801 538 204 246 -3.474017858505249
12 594 25 40 -3.4742791652679443
-48 1254 380 477 -3.475126266479492
332 798 20 32 -3.4754605293273926
118 945 215 201 -3.476010799407959
