0_Parade_Parade_0_82.jpg
98
907 243 31 38 -2.8321170806884766
405 744 28 36 -3.0147128105163574
292 723 55 57 -3.0347704887390137
150 746 33 36 -3.0866823196411133
481 751 27 32 -3.0915794372558594
303 750 29 36 -3.1638710498809814
137 339 8 9 -3.1749019622802734
232 748 33 33 -3.1798758506774902
231 727 60 59 -3.184741258621216
296 641 14 17 -3.193222999572754
163 752 14 26 -3.2014522552490234
431 701 96 129 -3.211775302886963
132 711 49 73 -3.2449116706848145
311 741 55 59 -3.2573914527893066
203 709 101 116 -3.2653040885925293
286 436 17 20 -3.2654004096984863
115 693 99 122 -3.266964912414551
159 512 7 8 -3.279775857925415
132 742 24 32 -3.2807044982910156
596 679 117 141 -3.283520221710205
168 416 7 9 -3.2846314907073975
242 593 189 227 -3.2869105339050293
262 749 27 31 -3.2920093536376953
451 508 445 467 -3.3005616664886475
417 753 34 31 -3.302574872970581
358 676 111 125 -3.3030385971069336
171 749 20 26 -3.303358793258667
-51 626 216 217 -3.3105130195617676
-19 695 104 129 -3.3120522499084473
596 743 26 41 -3.326192855834961
414 193 12 17 -3.3284244537353516
336 653 7 8 -3.3407087326049805
480 328 14 18 -3.3418002128601074
462 746 29 34 -3.344839572906494
227 753 17 24 -3.3454318046569824
504 748 28 37 -3.3504576683044434
44 728 55 59 -3.351780652999878
410 756 17 18 -3.3562846183776855
897 477 196 202 -3.361924648284912
890 679 94 168 -3.365957736968994
58 709 80 102 -3.3662145137786865
481 321 24 31 -3.3690168857574463
24 448 8 9 -3.37435245513916
318 747 23 33 -3.374857187271118
484 619 191 250 -3.3749897480010986
934 740 29 42 -3.380034923553467
754 698 96 116 -3.3847293853759766
3 368 26 32 -3.3855860233306885
448 647 14 16 -3.385833263397217
548 713 88 116 -3.38604736328125
330 654 15 13 -3.387570858001709
391 752 29 30 -3.388308525085449
205 747 31 32 -3.391500234603882
526 637 11 13 -3.397996187210083
994 560 46 49 -3.4082448482513428
805 747 28 33 -3.408456563949585
462 724 52 70 -3.40975284576416
389 719 52 63 -3.4119155406951904
849 744 31 34 -3.4123826026916504
430 187 779 909 -3.414140462875366
265 694 94 126 -3.419300079345703
426 753 16 20 -3.420372486114502
520 749 28 30 -3.422821521759033
710 227 71 96 -3.428886890411377
961 242 16 28 -3.4294912815093994
2 747 31 35 -3.4330055713653564
917 259 16 20 -3.4338197708129883
699 748 27 42 -3.4356842041015625
969 318 69 111 -3.4370198249816895
250 280 31 31 -3.4377317428588867
334 702 25 34 -3.4394302368164062
945 220 17 24 -3.4402427673339844
951 728 50 80 -3.441582202911377
673 477 196 221 -3.4419214725494385
132 420 7 8 -3.44281005859375
275 753 17 20 -3.443594455718994
904 730 47 75 -3.444064140319824
821 743 25 45 -3.4447693824768066
29 742 27 41 -3.4474544525146484
952 744 28 35 -3.447767734527588
902 193 159 229 -3.4482855796813965
920 743 30 31 -3.4486496448516846
374 175 62 68 -3.4512431621551514
160 740 46 52 -3.4539127349853516
327 342 11 13 -3.4561245441436768
555 750 25 32 -3.4565348625183105
1008 576 22 28 -3.4580624103546143
609 753 26 28 -3.4586739540100098
814 391 380 355 -3.458939552307129
8 0 49 69 -3.464543581008911
696 709 101 117 -3.465532064437866
552 604 8 10 -3.465578079223633
620 729 56 59 -3.4660589694976807
588 728 54 66 -3.4661929607391357
252 627 8 9 -3.466815233230591
724 740 42 51 -3.4681005477905273
161 37 14 21 -3.468329429626465
314 181 36 42 -3.470950126647949
