0_Parade_marchingband_1_845.jpg
200
561 2 26 33 -0.8671069145202637
862 926 94 128 -2.0866355895996094
632 276 8 8 -2.2716171741485596
232 538 92 134 -2.395214080810547
940 690 56 73 -2.6391384601593018
985 547 8 9 -2.7195820808410645
318 279 18 18 -2.7697739601135254
115 244 9 9 -2.7722203731536865
513 633 15 18 -2.876023292541504
521 663 33 34 -2.9400131702423096
276 174 12 14 -2.9609427452087402
585 862 172 244 -2.9705352783203125
914 1003 89 98 -2.989057779312134
93 742 123 137 -2.9932432174682617
737 585 8 9 -3.0193631649017334
704 564 8 9 -3.1070096492767334
493 548 98 180 -3.108060836791992
665 41 7 8 -3.122791290283203
720 544 8 9 -3.1231307983398438
363 271 8 9 -3.1240413188934326
356 862 50 51 -3.1265757083892822
274 107 13 14 -3.1383421421051025
658 219 13 18 -3.14113450050354
249 1383 13 18 -3.1731956005096436
7 247 72 105 -3.1794097423553467
727 696 15 17 -3.18511962890625
724 532 7 9 -3.18526029586792
1005 969 37 45 -3.1856822967529297
872 818 39 51 -3.193174123764038
236 256 8 8 -3.196057081222534
700 405 216 274 -3.213766574859619
948 429 95 103 -3.226994752883911
621 864 96 130 -3.2272298336029053
990 938 11 13 -3.2279176712036133
567 11 29 40 -3.2323458194732666
488 628 44 54 -3.2397286891937256
654 307 32 38 -3.2459754943847656
201 63 7 9 -3.248891830444336
1010 1043 19 27 -3.253382921218872
195 508 84 153 -3.2558839321136475
253 727 13 17 -3.260603904724121
799 1439 108 116 -3.276585578918457
691 492 23 34 -3.2822511196136475
536 630 94 150 -3.2850446701049805
939 718 94 117 -3.2851033210754395
998 1031 56 72 -3.285372734069824
876 1035 104 102 -3.2884793281555176
208 332 112 132 -3.316042184829712
966 417 15 17 -3.328648328781128
276 113 17 16 -3.3364109992980957
159 720 47 67 -3.3370206356048584
1004 630 34 48 -3.3375673294067383
770 808 102 133 -3.3384957313537598
789 322 15 15 -3.3386640548706055
597 134 13 14 -3.339223623275757
298 809 25 28 -3.3434360027313232
191 109 8 8 -3.3435006141662598
236 722 18 31 -3.349071979522705
399 927 402 541 -3.3503949642181396
969 575 23 31 -3.3519411087036133
993 356 8 9 -3.3540709018707275
526 649 19 33 -3.3549611568450928
161 572 99 145 -3.3549840450286865
245 424 49 70 -3.3585102558135986
726 705 20 14 -3.359119415283203
249 359 15 16 -3.3592731952667236
920 26 153 232 -3.361008882522583
1003 533 29 39 -3.3643429279327393
68 397 26 32 -3.3662850856781006
951 934 39 45 -3.3714990615844727
1010 128 13 16 -3.3721747398376465
280 724 18 22 -3.374910831451416
236 739 14 19 -3.3764724731445312
988 571 8 10 -3.378253936767578
279 1042 31 32 -3.3784339427948
152 248 7 9 -3.3809139728546143
893 823 38 48 -3.3846282958984375
624 208 106 141 -3.38582706451416
472 479 77 86 -3.3862287998199463
166 284 97 151 -3.3867921829223633
449 720 49 68 -3.3871583938598633
709 654 8 10 -3.3874542713165283
232 321 49 69 -3.388089656829834
247 439 99 145 -3.388178825378418
565 364 188 235 -3.3891916275024414
680 238 14 18 -3.3896493911743164
231 97 19 21 -3.3936262130737305
493 681 45 71 -3.395127534866333
696 641 40 46 -3.397653102874756
429 795 108 130 -3.40047550201416
655 90 31 28 -3.4009084701538086
1006 717 33 46 -3.402393341064453
343 815 76 84 -3.4026172161102295
1011 79 17 26 -3.4041991233825684
121 7 189 278 -3.405149459838867
582 254 108 146 -3.407430648803711
563 857 99 164 -3.407566547393799
895 836 12 16 -3.4077420234680176
780 1222 13 18 -3.409268617630005
963 802 37 42 -3.4105224609375
519 13 50 61 -3.41104793548584
819 412 39 41 -3.411546230316162
976 675 8 10 -3.412076234817505
918 880 25 33 -3.4121620655059814
189 875 49 58 -3.412273406982422
584 48 14 17 -3.4131786823272705
211 863 89 119 -3.413336992263794
275 455 59 61 -3.414323329925537
481 579 191 246 -3.4146435260772705
120 386 8 10 -3.4158270359039307
643 251 47 63 -3.4163429737091064
726 290 23 30 -3.4184250831604004
979 672 17 21 -3.4202098846435547
690 630 84 108 -3.4212019443511963
580 919 17 23 -3.4224722385406494
908 882 53 70 -3.4229896068573
443 97 47 74 -3.423100471496582
441 81 186 265 -3.423651695251465
605 400 13 18 -3.423736810684204
-140 33 511 444 -3.4241724014282227
931 873 55 64 -3.42572021484375
475 1184 20 24 -3.426367998123169
506 1127 226 231 -3.4270684719085693
745 1143 178 201 -3.428776264190674
957 635 96 112 -3.429185628890991
811 -10 91 115 -3.4292030334472656
930 829 14 15 -3.4322500228881836
268 176 15 20 -3.433067560195923
943 411 61 63 -3.4337079524993896
594 662 25 26 -3.4340744018554688
800 1127 15 18 -3.4341259002685547
205 258 116 130 -3.438889265060425
268 175 9 10 -3.439216136932373
262 981 213 270 -3.4405643939971924
669 849 104 155 -3.4406707286834717
960 534 44 71 -3.4408955574035645
873 568 16 15 -3.441864013671875
643 286 56 74 -3.441880702972412
536 631 60 70 -3.443250894546509
439 1013 113 125 -3.443401336669922
757 12 49 85 -3.444035053253174
235 611 39 56 -3.4449260234832764
410 673 79 91 -3.4470245838165283
529 686 12 14 -3.448092460632324
784 767 38 51 -3.4482481479644775
736 284 64 70 -3.4488260746002197
161 346 44 60 -3.448847532272339
703 662 21 26 -3.4490628242492676
878 919 58 68 -3.4493064880371094
219 52 19 22 -3.4497323036193848
986 823 13 16 -3.452332019805908
237 82 17 14 -3.4525530338287354
712 971 41 51 -3.4525980949401855
148 811 98 110 -3.453648090362549
772 262 39 39 -3.454000234603882
431 664 173 241 -3.4543440341949463
583 1038 19 27 -3.454965114593506
559 316 101 152 -3.4553489685058594
172 116 95 102 -3.4556162357330322
608 980 23 30 -3.456233024597168
986 50 59 65 -3.456339120864868
410 716 95 135 -3.4563426971435547
622 190 22 32 -3.4568490982055664
699 402 102 138 -3.457176685333252
697 662 41 59 -3.4574990272521973
740 44 50 76 -3.4578797817230225
584 700 14 15 -3.45925235748291
562 702 61 63 -3.4596943855285645
365 742 53 71 -3.459934711456299
256 890 35 38 -3.460362434387207
243 371 34 35 -3.4608583450317383
656 456 63 88 -3.4608936309814453
1007 617 28 30 -3.461350202560425
825 777 55 62 -3.4619181156158447
248 760 51 66 -3.4620766639709473
125 78 101 121 -3.464171886444092
206 994 34 40 -3.4643115997314453
558 215 21 21 -3.4659347534179688
745 125 42 60 -3.4666666984558105
835 1370 194 249 -3.4676928520202637
218 14 32 35 -3.467947006225586
597 500 28 30 -3.468097448348999
269 348 55 77 -3.4683687686920166
490 885 57 65 -3.4690299034118652
605 354 51 81 -3.4695754051208496
512 370 103 136 -3.469890832901001
216 756 37 47 -3.470210552215576
427 765 23 27 -3.470275402069092
392 1007 46 71 -3.470484733581543
905 463 91 153 -3.4706125259399414
788 990 196 211 -3.4710886478424072
904 748 54 63 -3.472018241882324
335 -87 383 575 -3.4726202487945557
570 209 394 514 -3.4730308055877686
963 768 95 120 -3.473099708557129
284 690 185 215 -3.473560094833374
793 1134 24 37 -3.4742846488952637
772 993 17 26 -3.4755120277404785
560 186 23 33 -3.475818157196045
167 944 207 214 -3.4759535789489746
