0_Parade_Parade_0_640.jpg
134
864 35 34 41 3.633951187133789
758 40 32 40 2.7986903190612793
556 373 175 231 -2.1335301399230957
929 46 26 33 -2.188173294067383
401 64 15 17 -2.319118022918701
881 31 24 32 -2.533571243286133
746 12 48 55 -2.688344955444336
758 64 22 18 -2.7854769229888916
526 42 27 34 -2.843822956085205
404 71 8 10 -2.854361057281494
173 373 192 225 -2.861896276473999
413 12 30 34 -2.924705982208252
774 49 19 26 -2.9524786472320557
852 31 24 33 -3.1027932167053223
419 739 27 43 -3.1133365631103516
836 229 96 124 -3.136671543121338
938 55 15 18 -3.1447505950927734
186 338 92 126 -3.14551043510437
459 748 27 40 -3.158226490020752
872 62 16 17 -3.1727547645568848
873 151 37 50 -3.1741256713867188
860 18 28 37 -3.1864748001098633
1001 661 46 58 -3.1875076293945312
290 711 101 108 -3.208461284637451
1009 154 27 39 -3.2105603218078613
323 741 27 44 -3.2123875617980957
35 73 12 15 -3.213874340057373
109 748 29 29 -3.216994524002075
752 749 29 29 -3.2219018936157227
416 51 8 9 -3.225806951522827
808 749 34 33 -3.232417106628418
933 32 27 31 -3.236118793487549
696 697 97 113 -3.2399580478668213
733 752 26 39 -3.24629282951355
199 753 28 36 -3.250593423843384
431 741 31 36 -3.252467393875122
201 733 53 58 -3.254124164581299
526 47 14 16 -3.255221128463745
1014 675 17 22 -3.2721657752990723
292 653 182 222 -3.2750072479248047
174 200 18 20 -3.2821712493896484
333 208 34 46 -3.284816265106201
968 47 15 17 -3.302199363708496
384 712 95 117 -3.3191912174224854
835 745 36 45 -3.322434902191162
173 515 368 446 -3.328968048095703
349 571 414 444 -3.3308115005493164
174 738 54 64 -3.3329195976257324
350 730 47 81 -3.335714817047119
936 36 8 9 -3.3414950370788574
313 144 15 16 -3.3432345390319824
936 48 8 9 -3.345409631729126
336 748 29 33 -3.3475940227508545
600 742 24 30 -3.3495290279388428
416 60 7 10 -3.352435827255249
179 249 173 233 -3.353328227996826
541 717 48 83 -3.3551430702209473
1011 89 16 26 -3.3565139770507812
97 705 93 118 -3.360243320465088
101 751 20 25 -3.3607664108276367
322 173 41 53 -3.3612184524536133
899 32 23 32 -3.364614486694336
414 48 7 9 -3.367659330368042
233 744 55 60 -3.371859073638916
318 516 43 49 -3.37248158454895
522 747 26 40 -3.3727173805236816
150 703 97 121 -3.3728418350219727
993 33 35 45 -3.375936985015869
102 648 174 265 -3.377000331878662
447 707 51 78 -3.3776490688323975
137 750 32 27 -3.3801488876342773
308 231 31 37 -3.380779981613159
257 756 25 32 -3.387582302093506
813 209 14 19 -3.3903119564056396
161 405 118 108 -3.393468141555786
176 481 45 57 -3.3967180252075195
337 435 7 9 -3.400787830352783
307 747 27 29 -3.4051032066345215
125 742 25 40 -3.4051513671875
774 743 27 31 -3.4065613746643066
92 730 42 56 -3.411461114883423
435 50 53 62 -3.412034034729004
798 158 11 15 -3.41298770904541
234 248 11 17 -3.4172699451446533
905 32 7 10 -3.4175124168395996
938 32 14 16 -3.422663688659668
480 746 27 40 -3.426750421524048
173 182 21 29 -3.427438735961914
235 749 28 32 -3.4284677505493164
399 253 17 23 -3.4328832626342773
871 47 18 17 -3.4337120056152344
935 38 15 16 -3.434309482574463
154 242 33 45 -3.4385366439819336
542 22 17 27 -3.4393582344055176
467 739 24 31 -3.4401559829711914
817 83 173 243 -3.4402027130126953
168 751 30 33 -3.4402081966400146
192 463 77 87 -3.44110369682312
590 747 22 36 -3.44448184967041
178 214 50 74 -3.4469943046569824
269 62 21 24 -3.448263645172119
246 136 49 69 -3.4496378898620605
904 38 13 18 -3.450077772140503
566 0 56 70 -3.4507906436920166
234 158 32 41 -3.451765775680542
633 462 45 42 -3.45192813873291
624 410 90 121 -3.4519917964935303
718 744 32 38 -3.4521684646606445
611 742 30 29 -3.453230619430542
948 187 17 22 -3.453616142272949
528 90 108 141 -3.455626964569092
587 722 49 82 -3.455778121948242
587 382 60 70 -3.4575881958007812
973 621 99 126 -3.4578564167022705
362 178 16 16 -3.462045431137085
212 502 14 19 -3.4626247882843018
402 747 27 30 -3.462895393371582
533 18 18 23 -3.4636573791503906
293 215 55 71 -3.465885639190674
344 280 15 18 -3.465932846069336
444 687 108 161 -3.4664857387542725
86 753 21 27 -3.467860221862793
819 109 23 34 -3.468759536743164
499 742 26 44 -3.4690041542053223
320 188 69 90 -3.469043254852295
-62 686 186 240 -3.4696121215820312
70 740 42 45 -3.470672130584717
896 233 89 107 -3.470709800720215
341 293 21 29 -3.4708592891693115
1010 262 14 28 -3.4717249870300293
540 674 99 166 -3.4726662635803223
895 220 24 26 -3.4736759662628174
584 54 15 19 -3.474198818206787
1014 72 16 23 -3.475679636001587
