0_Parade_Parade_0_6.jpg
63
456 427 8 9 -2.8218908309936523
241 164 8 8 -3.0249416828155518
389 594 180 235 -3.0358364582061768
950 698 58 55 -3.1314034461975098
488 696 52 84 -3.138402223587036
497 334 14 15 -3.2462046146392822
474 697 42 49 -3.256993532180786
487 421 382 481 -3.2637991905212402
431 691 66 80 -3.265101194381714
250 503 14 17 -3.2982144355773926
636 653 100 135 -3.298330307006836
337 666 143 163 -3.3027117252349854
1008 468 23 27 -3.3041648864746094
680 594 185 245 -3.3063597679138184
545 569 198 191 -3.3285179138183594
111 96 7 9 -3.330927610397339
419 274 11 12 -3.3489928245544434
920 479 14 17 -3.3679802417755127
534 501 50 70 -3.3703880310058594
931 690 47 75 -3.3736603260040283
1004 679 8 9 -3.378202438354492
759 688 60 56 -3.3814611434936523
949 385 27 29 -3.385993003845215
999 444 45 73 -3.39593243598938
434 191 98 121 -3.4012012481689453
558 67 7 9 -3.404303789138794
608 691 50 84 -3.40529727935791
561 687 75 87 -3.408195972442627
920 407 15 17 -3.4130210876464844
606 423 36 44 -3.420441150665283
540 507 86 101 -3.420612335205078
12 93 23 28 -3.423572063446045
811 692 52 67 -3.425657033920288
1012 542 20 28 -3.42626953125
890 649 98 132 -3.427219867706299
299 518 27 36 -3.429231643676758
311 421 102 153 -3.431723117828369
513 699 37 49 -3.4327774047851562
579 470 112 130 -3.439661979675293
503 19 26 40 -3.4405393600463867
336 210 38 47 -3.44197678565979
268 267 44 66 -3.4426233768463135
525 704 60 68 -3.444939374923706
922 420 24 25 -3.448667526245117
342 443 27 33 -3.449763536453247
282 111 52 74 -3.451460123062134
121 580 183 249 -3.4524309635162354
220 150 24 30 -3.4528849124908447
16 80 18 25 -3.4531590938568115
245 246 100 110 -3.4536399841308594
895 606 182 241 -3.4539132118225098
342 509 22 31 -3.4545304775238037
228 47 230 234 -3.4564099311828613
275 289 18 25 -3.457441568374634
702 689 68 77 -3.458375930786133
577 54 188 272 -3.4597771167755127
314 75 18 20 -3.4620838165283203
534 76 13 22 -3.4631600379943848
299 122 23 26 -3.467075824737549
952 430 37 48 -3.467402935028076
772 471 60 93 -3.468367576599121
665 281 20 22 -3.472886800765991
194 463 375 477 -3.4729738235473633
