0_Parade_Parade_0_445.jpg
220
694 350 22 31 1.6056703329086304
624 436 24 32 1.017542839050293
688 363 30 36 -2.3373117446899414
616 171 7 9 -2.4326276779174805
625 319 14 18 -2.6672163009643555
824 44 11 15 -2.7885217666625977
973 562 27 33 -2.8252670764923096
366 1 11 15 -2.843189001083374
743 42 9 10 -2.9176204204559326
432 166 13 15 -2.9525046348571777
262 -3 12 15 -2.954840898513794
629 306 11 12 -2.983732223510742
793 526 24 38 -2.9962191581726074
345 170 8 8 -3.042745351791382
709 175 7 8 -3.058274745941162
528 168 8 8 -3.0702996253967285
664 625 29 28 -3.0744314193725586
789 514 24 28 -3.0916364192962646
815 469 36 40 -3.111677646636963
918 522 37 43 -3.117514133453369
537 626 38 48 -3.118866443634033
728 14 8 10 -3.125420093536377
27 626 24 39 -3.1371376514434814
340 5 12 14 -3.156888723373413
679 636 24 28 -3.1666643619537354
976 520 8 9 -3.1719791889190674
83 630 33 29 -3.1744890213012695
728 27 7 10 -3.1825308799743652
736 630 23 26 -3.1850814819335938
485 621 41 49 -3.1874659061431885
464 3 8 11 -3.1942808628082275
794 586 105 128 -3.1960718631744385
170 630 31 31 -3.2043046951293945
141 620 40 52 -3.205590009689331
694 578 94 116 -3.2074105739593506
636 577 89 126 -3.210966110229492
370 416 15 15 -3.215148687362671
827 629 35 30 -3.219527006149292
553 628 20 25 -3.2316439151763916
-14 570 97 115 -3.2361063957214355
504 632 29 29 -3.241211414337158
740 624 39 47 -3.24129319190979
688 628 28 31 -3.2446975708007812
413 631 22 29 -3.248140811920166
566 634 28 30 -3.2520639896392822
121 481 29 35 -3.2525484561920166
617 319 15 17 -3.2533187866210938
329 625 28 32 -3.2562429904937744
646 480 22 30 -3.2627954483032227
490 627 20 29 -3.2654151916503906
985 399 15 18 -3.265911102294922
752 630 20 25 -3.2666172981262207
871 353 16 26 -3.2688333988189697
604 433 23 33 -3.2688660621643066
149 633 23 27 -3.270376682281494
288 593 111 107 -3.2733030319213867
713 48 8 9 -3.2797012329101562
623 624 27 31 -3.281859874725342
397 629 29 33 -3.2863059043884277
336 232 7 9 -3.2897262573242188
9 626 25 40 -3.2991671562194824
458 587 84 113 -3.300610303878784
124 37 50 68 -3.303609609603882
773 506 43 52 -3.3055009841918945
47 159 13 16 -3.3090808391571045
839 632 15 22 -3.314849376678467
727 -8 10 15 -3.3163986206054688
139 585 91 117 -3.318213939666748
40 119 20 29 -3.31860613822937
925 557 13 15 -3.31878924369812
735 287 25 31 -3.3246073722839355
608 398 16 17 -3.3260273933410645
647 629 31 34 -3.3280982971191406
511 590 103 117 -3.3288652896881104
443 615 37 52 -3.3303372859954834
671 362 33 30 -3.3342347145080566
200 184 7 9 -3.3365094661712646
126 631 34 31 -3.3433573246002197
39 3 17 21 -3.3441107273101807
829 395 24 27 -3.344637155532837
100 628 31 33 -3.3462774753570557
629 418 27 36 -3.3481826782226562
705 280 13 16 -3.3485827445983887
379 633 32 30 -3.354951858520508
627 310 30 39 -3.3603336811065674
289 623 26 40 -3.3604564666748047
807 464 11 14 -3.3631014823913574
32 517 24 22 -3.367438554763794
261 629 24 38 -3.3687875270843506
858 56 10 12 -3.3697867393493652
519 621 26 45 -3.3704864978790283
915 557 15 20 -3.370659589767456
810 626 28 34 -3.3709685802459717
632 336 17 20 -3.3711650371551514
849 632 16 20 -3.3764233589172363
258 2 14 16 -3.3771188259124756
814 512 26 34 -3.3778786659240723
240 392 37 46 -3.378338575363159
781 540 28 31 -3.3822035789489746
770 546 40 55 -3.3822312355041504
189 628 25 33 -3.3833837509155273
911 546 13 14 -3.383948802947998
656 607 51 55 -3.3845620155334473
233 630 34 42 -3.3845973014831543
10 293 51 70 -3.38480544090271
202 629 29 33 -3.3863511085510254
1015 540 12 18 -3.3890113830566406
593 296 14 17 -3.390739679336548
387 569 110 150 -3.3917415142059326
349 630 31 31 -3.392998695373535
628 4 23 25 -3.3934166431427
327 13 49 68 -3.39359712600708
774 26 52 65 -3.3952791690826416
910 9 21 22 -3.3953702449798584
747 480 81 103 -3.396247148513794
491 59 60 63 -3.3972692489624023
666 586 18 27 -3.400038957595825
591 468 13 17 -3.401719093322754
386 609 51 74 -3.402543544769287
895 345 26 33 -3.4041247367858887
955 586 17 25 -3.407439708709717
802 517 23 28 -3.4078030586242676
960 294 29 31 -3.4080779552459717
12 387 18 20 -3.4103939533233643
811 31 25 40 -3.4105613231658936
1015 346 11 19 -3.410946846008301
321 532 8 9 -3.4135806560516357
568 394 117 146 -3.4147000312805176
913 544 8 10 -3.4155399799346924
713 9 21 24 -3.415600538253784
342 633 19 20 -3.4167778491973877
163 635 17 19 -3.420567512512207
951 624 32 33 -3.420781135559082
938 626 20 26 -3.4228036403656006
962 471 34 46 -3.42864990234375
1011 394 16 27 -3.4286537170410156
467 412 45 56 -3.428893566131592
846 227 31 36 -3.431163787841797
549 608 48 73 -3.432827949523926
434 628 25 33 -3.4332847595214844
799 434 45 67 -3.43379545211792
796 491 56 64 -3.4339346885681152
736 5 20 27 -3.4340362548828125
956 200 15 18 -3.4344663619995117
787 554 11 14 -3.4350943565368652
534 512 13 17 -3.4352352619171143
764 4 35 36 -3.4364068508148193
548 509 37 40 -3.4366507530212402
305 239 7 9 -3.436849594116211
957 48 34 29 -3.437772274017334
456 629 21 26 -3.4380292892456055
149 161 17 22 -3.4383974075317383
929 4 33 35 -3.438652276992798
193 566 94 126 -3.439866304397583
995 9 19 28 -3.441007375717163
572 616 42 49 -3.441166877746582
341 550 25 23 -3.4415030479431152
673 560 40 59 -3.443129539489746
791 542 12 17 -3.4442272186279297
171 598 16 19 -3.4444868564605713
811 428 11 17 -3.4448578357696533
538 512 24 25 -3.4451446533203125
709 268 19 23 -3.4453988075256348
623 5 11 14 -3.445528984069824
509 161 15 18 -3.446225166320801
287 345 53 66 -3.4466135501861572
577 223 7 9 -3.4472835063934326
846 632 32 32 -3.4474034309387207
325 527 21 27 -3.447845458984375
16 284 31 30 -3.4489989280700684
786 535 68 85 -3.4497008323669434
601 463 34 44 -3.4501802921295166
715 43 25 26 -3.4505257606506348
639 281 12 19 -3.4512696266174316
675 0 17 23 -3.4530205726623535
813 606 52 76 -3.4532995223999023
970 623 26 41 -3.4547536373138428
546 636 17 20 -3.455003261566162
559 537 24 32 -3.455198049545288
320 212 7 9 -3.4555110931396484
669 345 18 26 -3.455887794494629
349 5 32 30 -3.4562315940856934
361 333 23 29 -3.456841468811035
880 566 15 18 -3.4576942920684814
607 471 16 17 -3.4578564167022705
696 379 41 53 -3.458235740661621
310 67 184 273 -3.458587646484375
544 247 9 10 -3.4592642784118652
299 367 26 31 -3.4595885276794434
489 291 16 21 -3.4605624675750732
9 321 68 83 -3.4607670307159424
492 255 21 27 -3.461257219314575
461 619 33 42 -3.461392402648926
723 627 25 38 -3.461796760559082
728 4 19 22 -3.461958885192871
903 41 25 25 -3.462280750274658
52 584 93 103 -3.4634294509887695
154 13 33 46 -3.464195966720581
706 459 36 65 -3.4642648696899414
465 297 25 27 -3.464290142059326
424 462 17 21 -3.465730905532837
692 635 13 21 -3.4659130573272705
367 -25 213 256 -3.4663283824920654
458 474 44 54 -3.466933488845825
802 514 14 19 -3.469710350036621
338 205 17 25 -3.469911575317383
267 14 30 32 -3.4699904918670654
724 537 22 34 -3.4706616401672363
973 534 22 26 -3.470672845840454
418 445 28 32 -3.471059799194336
48 182 26 40 -3.471233606338501
763 238 191 207 -3.4721193313598633
81 511 54 74 -3.4723896980285645
261 415 15 20 -3.472484827041626
810 390 34 47 -3.472628593444824
171 399 109 140 -3.47329044342041
701 260 32 45 -3.473510503768921
179 531 18 26 -3.475078821182251
575 489 36 44 -3.475588798522949
812 1 23 30 -3.475844383239746
