0_Parade_marchingband_1_668.jpg
60
636 202 43 51 3.3889684677124023
651 317 101 131 -1.1883952617645264
623 223 49 70 -2.054825782775879
646 179 56 97 -2.2706491947174072
451 242 27 32 -2.357489824295044
639 404 95 121 -2.4169633388519287
346 279 16 16 -2.8922688961029053
984 691 8 9 -2.9452784061431885
961 707 8 9 -2.989161729812622
661 336 28 32 -3.005195140838623
919 215 183 192 -3.092935085296631
479 287 28 33 -3.125441551208496
418 242 26 28 -3.1256864070892334
513 248 14 16 -3.1445188522338867
446 271 26 30 -3.145142078399658
377 600 8 8 -3.1630213260650635
381 575 17 18 -3.2083096504211426
971 696 7 8 -3.234854221343994
949 293 108 167 -3.25620436668396
457 250 35 44 -3.270723581314087
962 434 71 104 -3.274057626724243
245 267 12 12 -3.2743349075317383
32 667 8 10 -3.2883286476135254
573 250 34 41 -3.292048215866089
657 239 29 34 -3.2939674854278564
160 252 14 17 -3.2941901683807373
125 192 52 84 -3.295393466949463
728 220 94 160 -3.2980189323425293
869 617 188 223 -3.3083548545837402
623 260 31 30 -3.311955451965332
23 232 26 36 -3.3146891593933105
585 279 15 16 -3.318390369415283
328 245 39 46 -3.3266494274139404
1007 729 23 31 -3.3354616165161133
768 449 30 29 -3.338691473007202
915 719 81 98 -3.3508381843566895
856 627 7 9 -3.3547840118408203
935 257 8 8 -3.3709397315979004
926 257 26 29 -3.3753228187561035
940 504 125 118 -3.382221221923828
423 239 15 16 -3.3862061500549316
417 256 25 31 -3.409196376800537
946 153 119 170 -3.417228937149048
975 502 55 72 -3.4218478202819824
704 352 28 32 -3.4306576251983643
669 508 50 63 -3.4362008571624756
577 280 15 17 -3.4399375915527344
726 410 86 173 -3.443037509918213
143 240 29 31 -3.4469170570373535
760 380 28 37 -3.4510157108306885
637 275 38 47 -3.454684257507324
1012 435 20 30 -3.454970359802246
864 452 52 70 -3.4564168453216553
565 173 31 30 -3.4648478031158447
346 258 28 31 -3.466139554977417
555 219 100 130 -3.4665238857269287
485 147 107 137 -3.4670472145080566
927 376 95 114 -3.4724884033203125
20 324 7 9 -3.4732449054718018
984 701 7 8 -3.473620891571045
