0_Parade_Parade_0_16.jpg
34
324 208 25 26 -2.9035375118255615
457 602 192 214 -3.1287386417388916
239 599 199 241 -3.149242401123047
314 215 14 16 -3.2461886405944824
523 691 50 86 -3.2628235816955566
1 621 161 176 -3.269826889038086
24 684 56 64 -3.2755885124206543
899 388 7 9 -3.333026885986328
346 648 124 120 -3.344564914703369
611 301 9 14 -3.3603310585021973
-126 458 367 468 -3.3630433082580566
828 635 152 201 -3.374021053314209
317 690 49 85 -3.3776943683624268
324 121 164 205 -3.377751350402832
1009 457 16 27 -3.3912172317504883
497 684 44 86 -3.3989856243133545
698 405 386 528 -3.399984359741211
107 530 101 131 -3.413062810897827
243 686 49 84 -3.4148900508880615
260 222 25 23 -3.4153637886047363
928 225 23 26 -3.419044017791748
368 305 31 32 -3.43373966217041
131 606 22 27 -3.4383628368377686
464 695 58 62 -3.4422295093536377
619 14 86 119 -3.443516969680786
1011 447 17 24 -3.4491350650787354
464 267 106 142 -3.459947109222412
332 217 35 45 -3.4636404514312744
869 215 7 9 -3.465287685394287
853 197 7 9 -3.4662840366363525
447 636 96 124 -3.4683148860931396
256 370 41 42 -3.470850706100464
505 468 7 8 -3.473231554031372
597 456 7 9 -3.4735264778137207
