0_Parade_marchingband_1_703.jpg
87
737 166 53 58 -1.279212474822998
757 151 56 96 -3.0990617275238037
616 484 8 9 -3.1597230434417725
848 705 98 130 -3.1649937629699707
1013 455 13 19 -3.174243927001953
879 745 31 38 -3.1811537742614746
994 429 42 70 -3.217231512069702
676 132 8 9 -3.222827911376953
422 208 21 29 -3.2253668308258057
1010 462 23 29 -3.234320878982544
561 705 118 119 -3.2449448108673096
1012 702 19 32 -3.2523255348205566
-40 620 210 243 -3.2542080879211426
12 745 30 28 -3.2582828998565674
-13 685 90 118 -3.2588047981262207
1002 121 37 47 -3.2696869373321533
982 745 29 33 -3.2758100032806396
747 742 35 49 -3.2775723934173584
530 739 30 34 -3.285642147064209
657 560 299 365 -3.288377523422241
445 679 108 125 -3.2940521240234375
326 679 102 117 -3.3146800994873047
242 452 422 545 -3.316070318222046
139 743 36 42 -3.3221254348754883
22 743 33 47 -3.322585344314575
688 382 14 17 -3.3306047916412354
422 756 17 19 -3.333085536956787
632 690 91 128 -3.3335280418395996
417 178 706 974 -3.3372647762298584
414 595 183 260 -3.337353467941284
1004 242 30 40 -3.3374786376953125
182 707 85 122 -3.346426010131836
897 749 30 33 -3.346764087677002
481 750 34 35 -3.350349187850952
346 736 38 55 -3.352254629135132
358 753 21 30 -3.3583571910858154
382 744 39 40 -3.3625729084014893
445 748 32 31 -3.3779780864715576
1009 434 17 28 -3.383474349975586
217 747 25 37 -3.387845277786255
516 746 33 37 -3.392561912536621
703 699 101 129 -3.3944132328033447
115 320 30 34 -3.401982069015503
278 616 181 241 -3.402353048324585
556 654 23 27 -3.404632568359375
762 642 152 203 -3.4085450172424316
420 226 14 20 -3.4127049446105957
28 754 19 24 -3.414210557937622
608 160 14 19 -3.4150032997131348
998 369 39 38 -3.417569637298584
285 750 32 34 -3.419614315032959
477 55 83 109 -3.4223825931549072
416 746 34 32 -3.422999382019043
249 692 95 129 -3.4256434440612793
837 747 31 37 -3.43770432472229
438 211 28 37 -3.438342571258545
16 429 16 21 -3.4405517578125
1013 69 18 27 -3.441126823425293
833 205 103 138 -3.441922664642334
1011 113 19 30 -3.443279981613159
556 747 33 35 -3.4444098472595215
676 742 38 41 -3.4444761276245117
952 379 26 28 -3.447268009185791
500 113 181 213 -3.449568271636963
1008 509 19 26 -3.4498910903930664
366 288 115 126 -3.450685501098633
872 303 109 167 -3.452019453048706
483 754 15 18 -3.452507257461548
542 639 46 58 -3.455589771270752
792 749 32 33 -3.4571776390075684
858 739 38 45 -3.4586544036865234
208 174 15 19 -3.46042537689209
780 188 20 25 -3.4614131450653076
639 375 16 17 -3.4635169506073
648 218 49 75 -3.463961601257324
507 748 21 27 -3.464064359664917
679 688 61 61 -3.4644205570220947
575 203 26 39 -3.4646005630493164
370 383 37 50 -3.4646553993225098
844 130 115 150 -3.46465802192688
825 313 50 73 -3.4652717113494873
925 284 32 43 -3.4689688682556152
20 406 17 26 -3.469784736633301
805 400 44 52 -3.4707162380218506
162 303 24 30 -3.4732227325439453
1013 31 18 27 -3.4738173484802246
998 496 19 21 -3.4742395877838135
