0_Parade_Parade_0_694.jpg
113
226 231 91 156 5.057834148406982
275 258 89 113 2.2912819385528564
265 200 89 117 0.44132494926452637
607 249 53 76 -0.7043861746788025
176 641 8 8 -2.6481401920318604
656 367 8 10 -2.765141725540161
374 672 10 15 -3.0729048252105713
129 111 7 10 -3.1052768230438232
123 112 8 8 -3.1342086791992188
201 412 8 9 -3.144031286239624
502 96 12 15 -3.157292366027832
635 247 51 64 -3.2040443420410156
929 367 27 31 -3.205420732498169
332 64 8 8 -3.2334039211273193
536 111 14 17 -3.277116537094116
864 229 42 48 -3.278630495071411
946 145 31 33 -3.298356294631958
856 164 49 56 -3.2989752292633057
838 80 11 17 -3.308927059173584
481 221 26 32 -3.316709041595459
885 197 16 21 -3.3318371772766113
136 132 8 9 -3.339689016342163
681 775 104 170 -3.340543508529663
438 439 199 242 -3.3494086265563965
841 168 99 116 -3.355454206466675
750 574 22 32 -3.3561716079711914
311 77 9 10 -3.3577182292938232
451 92 17 23 -3.3643605709075928
888 211 12 16 -3.3651809692382812
886 198 24 42 -3.3677713871002197
924 114 39 32 -3.3727622032165527
619 771 102 183 -3.37392520904541
476 4 103 115 -3.3781681060791016
147 630 46 75 -3.382028818130493
323 240 42 68 -3.3864657878875732
560 124 8 9 -3.390759229660034
928 135 16 18 -3.3924360275268555
390 805 19 23 -3.392646074295044
540 135 8 10 -3.3933305740356445
903 182 64 78 -3.3938355445861816
878 183 46 73 -3.3957061767578125
219 24 119 150 -3.3975067138671875
128 671 8 8 -3.398601770401001
560 782 101 168 -3.399643898010254
985 615 56 78 -3.4028406143188477
290 427 38 41 -3.405614137649536
113 616 8 9 -3.407181739807129
364 17 88 122 -3.407456159591675
-138 546 469 540 -3.409315824508667
388 266 58 71 -3.4098312854766846
900 181 30 45 -3.410374164581299
953 554 120 110 -3.4121198654174805
778 148 65 109 -3.4127418994903564
249 377 180 231 -3.4128780364990234
835 46 179 264 -3.413572311401367
272 809 17 22 -3.416964292526245
889 173 15 16 -3.4205000400543213
346 237 91 119 -3.4258828163146973
201 140 8 10 -3.425905227661133
946 207 29 30 -3.4278812408447266
638 365 108 152 -3.4307122230529785
816 92 30 37 -3.4312002658843994
184 229 70 89 -3.4320712089538574
328 66 13 15 -3.4330806732177734
385 210 53 75 -3.43420672416687
885 192 14 13 -3.434614896774292
501 495 39 55 -3.4398550987243652
316 781 17 25 -3.4402010440826416
816 261 269 310 -3.4404895305633545
229 37 39 46 -3.441988229751587
938 536 20 27 -3.4424543380737305
107 637 50 75 -3.442492961883545
827 59 40 45 -3.4439306259155273
138 376 41 63 -3.4444596767425537
754 696 14 16 -3.4453606605529785
266 62 50 62 -3.4454150199890137
717 553 19 26 -3.44604754447937
616 197 95 138 -3.4463131427764893
639 280 31 42 -3.4464070796966553
943 178 52 62 -3.447850227355957
21 -10 69 83 -3.448984384536743
253 654 17 22 -3.449263334274292
440 463 51 80 -3.4514546394348145
508 37 35 44 -3.4515388011932373
322 79 41 57 -3.4538302421569824
867 191 19 29 -3.4538416862487793
455 479 21 30 -3.4553956985473633
571 250 53 67 -3.45625638961792
164 119 54 72 -3.457245111465454
666 530 52 64 -3.460298538208008
160 12 113 134 -3.4612514972686768
475 126 57 65 -3.46161150932312
491 536 407 524 -3.4617509841918945
910 300 37 46 -3.4626269340515137
681 724 16 26 -3.46455717086792
306 789 18 29 -3.465651750564575
662 555 31 31 -3.465829610824585
200 3 52 67 -3.466444969177246
853 214 23 31 -3.4674649238586426
364 43 26 28 -3.467540740966797
350 272 15 18 -3.4676284790039062
5 32 46 75 -3.4681620597839355
307 421 20 26 -3.469545602798462
661 693 26 40 -3.4704854488372803
163 740 12 15 -3.4714081287384033
281 103 46 70 -3.4717445373535156
785 805 114 102 -3.472649097442627
309 9 45 67 -3.4736998081207275
558 33 98 124 -3.474168062210083
964 729 80 115 -3.4742791652679443
426 471 101 135 -3.4743118286132812
568 241 99 151 -3.474616050720215
117 272 100 125 -3.4751079082489014
