0_Parade_marchingband_1_781.jpg
116
806 158 123 119 2.1354289054870605
747 132 142 199 -1.6033117771148682
682 30 132 146 -1.7956500053405762
833 76 26 35 -2.6492600440979004
633 144 14 17 -2.773444175720215
595 220 92 140 -2.8205153942108154
402 206 14 17 -2.8980674743652344
248 93 9 9 -2.9110069274902344
867 162 52 60 -2.9239768981933594
921 32 14 16 -2.9292964935302734
633 63 15 18 -3.0700197219848633
771 651 63 67 -3.113938331604004
233 645 59 86 -3.119001865386963
605 96 7 8 -3.1359200477600098
638 519 253 253 -3.1374897956848145
817 214 86 106 -3.144101142883301
639 634 53 91 -3.151808023452759
168 64 96 138 -3.156506061553955
392 177 16 15 -3.169536828994751
73 465 55 65 -3.185472011566162
884 135 8 9 -3.1924376487731934
652 59 23 28 -3.199704170227051
444 135 8 10 -3.2153737545013428
693 393 20 32 -3.2209420204162598
545 174 30 33 -3.237043857574463
565 569 200 235 -3.2384557723999023
469 650 58 63 -3.2469704151153564
140 520 173 277 -3.260251998901367
520 127 8 10 -3.2778735160827637
433 29 173 228 -3.2796008586883545
80 25 88 108 -3.284369468688965
294 124 29 37 -3.286864995956421
264 635 76 87 -3.2987313270568848
142 11 181 245 -3.316330909729004
666 659 45 78 -3.317389488220215
144 39 8 10 -3.3179359436035156
549 648 57 85 -3.3271584510803223
576 173 7 8 -3.336221218109131
808 663 48 45 -3.3366572856903076
698 245 42 54 -3.3453433513641357
800 320 12 17 -3.3496017456054688
363 646 49 85 -3.351867914199829
987 18 58 86 -3.358469247817993
459 199 223 284 -3.359147548675537
426 129 28 31 -3.362640619277954
623 57 73 97 -3.363095760345459
351 298 56 74 -3.373772382736206
299 267 20 24 -3.3790993690490723
688 254 31 34 -3.3806803226470947
631 278 69 76 -3.381427764892578
1006 445 33 33 -3.389082193374634
292 415 55 49 -3.389350414276123
904 138 8 9 -3.390639305114746
1010 231 18 28 -3.3918771743774414
829 176 12 16 -3.3974764347076416
626 137 13 16 -3.4008560180664062
306 220 47 73 -3.4008803367614746
306 553 188 246 -3.401998996734619
795 642 86 95 -3.4029603004455566
204 120 52 74 -3.406222105026245
309 321 106 118 -3.406344175338745
24 173 8 9 -3.410994052886963
512 119 16 16 -3.413623332977295
381 235 54 65 -3.415440559387207
976 20 7 9 -3.4170517921447754
476 28 99 120 -3.4201738834381104
44 621 95 139 -3.4204635620117188
427 335 22 28 -3.4227776527404785
119 353 183 236 -3.423062562942505
770 422 24 22 -3.424682140350342
433 139 8 10 -3.4250664710998535
-60 481 299 408 -3.425523042678833
185 285 109 133 -3.428701877593994
331 238 118 131 -3.43098783493042
388 309 27 29 -3.43196964263916
404 239 28 37 -3.432023763656616
856 -5 55 80 -3.433100700378418
1004 296 33 30 -3.4367847442626953
613 127 25 23 -3.4382026195526123
672 647 32 49 -3.438387632369995
644 203 28 38 -3.4384806156158447
845 641 28 36 -3.439739227294922
613 6 162 242 -3.440066337585449
529 304 94 132 -3.440545082092285
168 139 62 73 -3.44101881980896
358 42 27 39 -3.441457748413086
286 105 33 40 -3.443739414215088
917 649 49 89 -3.4444613456726074
896 622 26 35 -3.4444973468780518
331 414 32 44 -3.448131799697876
480 294 16 22 -3.449218511581421
452 165 8 9 -3.4503486156463623
658 607 100 114 -3.4510629177093506
103 338 66 85 -3.45174503326416
901 204 23 28 -3.4522712230682373
801 204 21 24 -3.4524307250976562
626 354 50 58 -3.4525415897369385
645 83 30 39 -3.4534459114074707
80 177 28 30 -3.4553470611572266
889 141 15 16 -3.4560353755950928
1011 248 19 30 -3.4565367698669434
305 156 97 121 -3.458040952682495
571 277 35 40 -3.4583888053894043
550 37 45 56 -3.4585487842559814
744 91 74 79 -3.4595417976379395
676 371 47 64 -3.464280605316162
-124 57 761 1011 -3.4664511680603027
634 49 38 45 -3.4666621685028076
327 258 27 29 -3.469977855682373
-3 640 83 100 -3.4702258110046387
357 477 16 21 -3.4706480503082275
653 309 28 31 -3.4715287685394287
280 397 35 49 -3.4715538024902344
737 277 26 35 -3.4717602729797363
398 56 26 35 -3.473067283630371
551 145 59 66 -3.4752159118652344
