0_Parade_Parade_0_556.jpg
50
775 93 95 122 -2.927713394165039
543 241 27 28 -2.9709949493408203
569 554 203 254 -3.0009782314300537
576 127 8 10 -3.0824177265167236
222 382 16 18 -3.1026713848114014
441 442 15 15 -3.119983673095703
518 381 11 13 -3.150322914123535
126 540 222 267 -3.198110818862915
609 599 100 130 -3.217021942138672
607 302 10 15 -3.2196006774902344
-134 54 690 1054 -3.2290074825286865
570 128 14 17 -3.2360453605651855
425 505 189 301 -3.2596938610076904
289 350 13 16 -3.2679641246795654
569 132 7 8 -3.2750937938690186
1006 406 30 30 -3.29494571685791
1010 397 18 27 -3.3092236518859863
646 657 50 65 -3.3100645542144775
228 384 24 27 -3.320598840713501
-43 566 210 265 -3.322481393814087
993 382 50 71 -3.335251808166504
620 647 52 68 -3.338149309158325
694 89 95 103 -3.3393144607543945
169 600 102 142 -3.348977565765381
512 375 8 9 -3.34945011138916
487 641 57 66 -3.357372760772705
964 653 47 74 -3.3574793338775635
553 637 82 89 -3.3905255794525146
488 391 14 17 -3.401918411254883
264 637 54 68 -3.4026196002960205
214 372 27 37 -3.405322551727295
224 392 15 16 -3.4089548587799072
434 443 25 27 -3.409153938293457
289 98 93 114 -3.419506311416626
-5 111 403 481 -3.4307045936584473
307 549 217 246 -3.442047119140625
405 66 11 13 -3.4485225677490234
801 505 19 24 -3.449970006942749
730 164 31 29 -3.455645799636841
835 253 45 61 -3.4567599296569824
881 574 169 248 -3.4587173461914062
516 660 49 64 -3.459071159362793
1011 382 19 29 -3.4614622592926025
625 371 13 15 -3.4669456481933594
694 54 196 269 -3.466970682144165
596 425 22 25 -3.467115640640259
260 467 17 25 -3.4678664207458496
801 487 29 36 -3.4708917140960693
424 503 31 31 -3.4735541343688965
743 174 101 144 -3.4743123054504395
