0_Parade_marchingband_1_882.jpg
126
523 153 23 29 -2.5852785110473633
522 166 15 17 -2.685289144515991
736 278 8 11 -2.762955665588379
457 98 54 56 -2.9797234535217285
971 95 9 10 -3.0046892166137695
704 276 7 8 -3.0633461475372314
817 545 7 8 -3.1033077239990234
507 166 15 17 -3.1199159622192383
624 89 14 15 -3.122390031814575
103 238 8 9 -3.1296987533569336
375 185 15 16 -3.1424551010131836
672 54 12 16 -3.1618735790252686
998 632 40 50 -3.179753303527832
636 65 23 27 -3.2021851539611816
600 240 15 17 -3.204134225845337
360 568 13 17 -3.2104225158691406
33 606 270 243 -3.237163782119751
108 488 9 9 -3.245600461959839
302 264 19 23 -3.259925365447998
165 368 8 8 -3.26041841506958
108 240 8 9 -3.2614758014678955
52 691 120 117 -3.263518810272217
519 435 98 121 -3.286930561065674
278 226 62 88 -3.288217544555664
440 681 112 112 -3.2886431217193604
546 468 54 61 -3.2889909744262695
696 511 8 9 -3.292834758758545
184 278 18 19 -3.302912712097168
396 248 7 9 -3.3043899536132812
548 172 8 8 -3.3115575313568115
531 586 58 65 -3.31554913520813
649 688 108 134 -3.328857898712158
286 227 26 37 -3.333130121231079
638 387 12 18 -3.337500810623169
537 545 103 109 -3.3398945331573486
372 493 17 12 -3.3536055088043213
131 741 25 26 -3.3605353832244873
689 64 14 17 -3.361117124557495
-216 219 764 905 -3.3663885593414307
100 263 17 21 -3.3715872764587402
768 51 8 10 -3.375049591064453
447 528 15 18 -3.3758111000061035
312 240 15 16 -3.3781065940856934
511 192 30 31 -3.3818984031677246
428 259 7 9 -3.3831305503845215
647 400 28 37 -3.38329815864563
225 187 8 9 -3.384690046310425
480 220 53 58 -3.3859000205993652
443 503 187 212 -3.391470193862915
263 261 53 68 -3.3977901935577393
485 454 453 561 -3.3990366458892822
380 211 157 228 -3.4005537033081055
817 346 60 92 -3.4025816917419434
346 423 84 112 -3.4048216342926025
691 160 8 9 -3.4061222076416016
948 281 82 155 -3.4071896076202393
1013 303 13 19 -3.4088006019592285
621 530 179 244 -3.4136714935302734
623 51 30 40 -3.414034605026245
932 236 22 27 -3.415095806121826
231 56 8 10 -3.415354013442993
897 466 52 57 -3.4156136512756348
282 244 37 45 -3.4162821769714355
743 82 13 15 -3.417004108428955
580 680 113 145 -3.418875217437744
342 74 25 34 -3.4211177825927734
409 188 14 18 -3.4219491481781006
502 144 48 52 -3.4221670627593994
175 438 99 130 -3.423238754272461
296 260 15 17 -3.4235360622406006
684 303 58 86 -3.4241151809692383
216 24 97 121 -3.4273464679718018
625 79 32 31 -3.4290053844451904
251 261 23 25 -3.4296324253082275
800 130 28 31 -3.430784225463867
585 163 7 9 -3.4392004013061523
592 7 7 10 -3.4395108222961426
480 112 16 17 -3.4402482509613037
727 543 17 18 -3.442812204360962
649 556 25 28 -3.443779945373535
630 60 17 21 -3.443930149078369
950 67 24 29 -3.4441022872924805
118 423 47 85 -3.444457769393921
814 281 13 19 -3.444476842880249
295 269 19 23 -3.4448959827423096
754 47 19 19 -3.445725679397583
353 639 174 195 -3.4463627338409424
1009 499 24 40 -3.447096347808838
598 193 54 73 -3.447338581085205
966 178 21 25 -3.448349952697754
695 623 26 41 -3.449503183364868
321 268 40 60 -3.4500021934509277
743 40 82 95 -3.450467348098755
563 81 57 48 -3.4505770206451416
911 40 28 31 -3.450805187225342
440 68 54 71 -3.4508438110351562
924 211 39 49 -3.4524173736572266
479 575 103 109 -3.4527437686920166
686 123 48 73 -3.452908992767334
442 208 99 111 -3.454721689224243
366 669 40 31 -3.4548516273498535
227 356 85 116 -3.456371784210205
399 304 27 38 -3.4573302268981934
534 302 24 30 -3.4582040309906006
933 55 62 68 -3.4582629203796387
565 46 52 58 -3.4589741230010986
510 579 39 44 -3.4596638679504395
938 214 53 76 -3.4597630500793457
689 40 14 16 -3.4607315063476562
331 473 56 82 -3.461962938308716
335 273 87 104 -3.4620895385742188
300 184 8 9 -3.463639974594116
580 85 23 28 -3.4640004634857178
736 48 15 17 -3.4644615650177
568 153 20 25 -3.464853286743164
322 247 19 22 -3.4652926921844482
303 61 14 19 -3.4661996364593506
442 324 19 26 -3.466834545135498
982 252 17 22 -3.467792510986328
445 305 110 124 -3.468336582183838
618 89 79 93 -3.468512773513794
438 605 27 44 -3.471312999725342
597 584 50 64 -3.4714651107788086
721 534 182 233 -3.474221706390381
110 650 29 27 -3.475112199783325
510 617 52 64 -3.4757304191589355
