0_Parade_Parade_0_795.jpg
123
370 89 357 495 3.3553414344787598
393 338 178 220 -1.5258277654647827
256 900 8 10 -2.152709484100342
458 436 107 107 -2.4103281497955322
256 892 8 9 -2.6450417041778564
257 915 7 8 -2.721902370452881
624 407 8 10 -2.8931140899658203
167 1004 31 37 -3.0482072830200195
748 1007 29 33 -3.053067207336426
233 176 7 8 -3.125976800918579
945 985 56 56 -3.1623106002807617
684 1004 26 42 -3.176265239715576
625 1004 36 35 -3.1977379322052
8 983 58 63 -3.2077932357788086
621 403 15 17 -3.2185897827148438
833 496 15 16 -3.2299580574035645
181 982 69 67 -3.23578143119812
706 962 103 106 -3.23818302154541
1011 545 17 27 -3.245961904525757
609 980 64 63 -3.264058828353882
601 357 55 63 -3.2671289443969727
99 995 31 39 -3.273261308670044
156 999 28 32 -3.2839040756225586
733 1008 29 35 -3.289940595626831
590 904 139 174 -3.293238639831543
824 216 9 9 -3.2940938472747803
148 958 82 129 -3.301297426223755
703 908 182 213 -3.3154425621032715
773 976 79 96 -3.3183038234710693
1013 420 18 21 -3.3280954360961914
1003 734 38 49 -3.3349695205688477
256 720 441 493 -3.3360888957977295
69 950 123 115 -3.33685564994812
92 327 92 111 -3.344459056854248
795 907 199 234 -3.3481855392456055
1002 769 41 52 -3.3541226387023926
77 1000 43 51 -3.3544867038726807
587 990 45 64 -3.356919527053833
781 216 33 40 -3.360807418823242
186 114 22 25 -3.3622398376464844
742 461 58 66 -3.36824631690979
963 1005 25 30 -3.368518590927124
263 1003 24 33 -3.3702354431152344
1009 428 21 26 -3.3744795322418213
484 98 194 222 -3.3749172687530518
874 819 49 64 -3.3762364387512207
106 1013 26 38 -3.381110668182373
862 600 27 44 -3.3836874961853027
1012 783 15 21 -3.3859407901763916
1007 387 19 28 -3.386013984680176
807 373 17 17 -3.388792037963867
821 608 15 21 -3.388963460922241
474 576 89 142 -3.390080690383911
112 1008 16 24 -3.3924777507781982
42 982 49 69 -3.392622470855713
1014 751 15 20 -3.3954710960388184
756 551 58 62 -3.396606922149658
184 1005 22 28 -3.3967103958129883
994 582 42 66 -3.3974368572235107
-63 934 196 214 -3.4024622440338135
453 450 712 1027 -3.4044086933135986
209 359 8 9 -3.40667986869812
664 653 28 33 -3.4093921184539795
735 500 104 145 -3.4105021953582764
126 1009 27 31 -3.4114933013916016
469 1002 25 40 -3.4125938415527344
827 486 49 67 -3.412850856781006
801 608 25 36 -3.4132091999053955
733 985 60 55 -3.4148337841033936
645 1006 26 33 -3.4189651012420654
910 955 78 113 -3.4193973541259766
1001 541 36 42 -3.4225854873657227
16 1005 26 37 -3.4247124195098877
428 956 111 131 -3.425560474395752
318 985 51 80 -3.4269142150878906
529 725 356 450 -3.4278831481933594
496 889 152 215 -3.428290367126465
356 327 108 132 -3.429952621459961
790 999 39 45 -3.430103302001953
509 693 98 135 -3.4302031993865967
762 441 82 120 -3.431090831756592
591 612 52 75 -3.432276487350464
240 700 7 9 -3.4324278831481934
-21 716 348 517 -3.432454824447632
380 876 200 250 -3.435884475708008
474 527 66 63 -3.439845561981201
344 194 180 235 -3.44057559967041
991 404 52 56 -3.4423282146453857
877 423 76 103 -3.445490837097168
676 676 33 39 -3.445782423019409
348 820 107 141 -3.4469804763793945
893 460 27 40 -3.4474761486053467
580 1002 33 36 -3.448131561279297
686 1008 17 19 -3.4493308067321777
881 973 49 86 -3.449598550796509
765 662 93 145 -3.4496262073516846
995 832 43 57 -3.4499545097351074
750 329 85 145 -3.451207160949707
109 886 199 221 -3.4515132904052734
67 994 31 39 -3.4549803733825684
523 562 20 28 -3.4564478397369385
125 389 19 26 -3.4581971168518066
459 227 214 239 -3.4601314067840576
830 452 112 138 -3.4623708724975586
659 881 46 77 -3.4632997512817383
1010 597 19 27 -3.463372230529785
599 790 31 29 -3.4643633365631104
19 476 211 305 -3.465242385864258
285 991 51 76 -3.4656014442443848
730 519 28 42 -3.466632127761841
235 305 392 456 -3.4668493270874023
652 985 40 66 -3.467031717300415
325 490 111 151 -3.4671661853790283
365 168 110 134 -3.4678943157196045
510 306 54 53 -3.4680867195129395
546 933 38 47 -3.4681684970855713
578 461 22 32 -3.468996524810791
75 506 99 138 -3.469059467315674
506 637 16 25 -3.470475196838379
881 677 89 105 -3.4714488983154297
345 948 121 127 -3.4716885089874268
1011 499 26 41 -3.4718103408813477
636 401 26 30 -3.473590850830078
