0_Parade_marchingband_1_820.jpg
230
825 363 34 51 5.919826984405518
844 357 32 48 4.508750915527344
-5 400 40 62 2.5563573837280273
468 395 35 45 2.0828447341918945
790 338 32 42 0.46788984537124634
578 414 17 18 -0.4507688283920288
744 399 56 61 -0.47012054920196533
187 414 37 48 -0.5416618585586548
491 473 17 22 -0.6263949275016785
923 444 34 40 -0.9273227453231812
526 410 10 11 -1.1863226890563965
752 416 28 31 -1.411829948425293
800 325 30 39 -1.7991218566894531
575 408 29 35 -2.0251030921936035
73 343 15 16 -2.0363645553588867
570 400 25 28 -2.0537567138671875
837 353 25 29 -2.4563019275665283
737 380 98 129 -2.4969394207000732
737 432 51 62 -2.5056545734405518
455 481 18 18 -2.5471420288085938
281 525 13 19 -2.5554494857788086
865 279 14 16 -2.5770277976989746
444 468 31 28 -2.612661838531494
793 353 14 18 -2.6408042907714844
872 279 15 17 -2.7522170543670654
457 389 25 39 -2.753335475921631
577 385 27 31 -2.7860138416290283
848 296 13 17 -2.816697597503662
294 519 17 21 -2.864631414413452
769 308 31 28 -2.93379545211792
280 345 15 16 -2.990368366241455
472 703 11 14 -2.9950027465820312
353 716 54 54 -3.0559282302856445
640 350 26 30 -3.0671379566192627
517 459 8 10 -3.067295551300049
343 706 11 16 -3.0819287300109863
591 262 15 18 -3.0877108573913574
331 413 45 45 -3.0932059288024902
195 751 34 33 -3.0988075733184814
760 431 17 18 -3.101881265640259
427 634 173 227 -3.130697727203369
473 357 13 16 -3.1343047618865967
841 408 16 16 -3.1434078216552734
798 741 24 41 -3.1461904048919678
649 716 61 66 -3.1583375930786133
470 725 57 62 -3.163666009902954
782 752 16 21 -3.1643991470336914
583 391 15 16 -3.165553569793701
159 635 205 193 -3.1705658435821533
590 611 183 233 -3.170788526535034
960 447 14 17 -3.1829919815063477
561 333 30 31 -3.1947591304779053
374 738 68 64 -3.1977319717407227
594 257 24 30 -3.1995692253112793
374 705 12 14 -3.2011172771453857
918 751 28 35 -3.2033002376556396
874 634 182 263 -3.220545768737793
895 416 28 31 -3.22375750541687
279 708 28 35 -3.2238717079162598
233 734 47 46 -3.2245032787323
543 722 60 57 -3.2277731895446777
920 425 8 8 -3.2301502227783203
505 250 15 16 -3.232828140258789
504 748 29 34 -3.247420310974121
481 392 14 14 -3.2486460208892822
549 289 8 8 -3.2506182193756104
60 729 57 59 -3.251648426055908
493 720 7 9 -3.2533273696899414
527 482 12 14 -3.2541894912719727
903 746 29 33 -3.2579996585845947
682 751 32 34 -3.2592334747314453
356 740 31 49 -3.2631940841674805
500 478 9 12 -3.270289897918701
337 431 15 15 -3.272045850753784
532 386 8 9 -3.277055263519287
619 724 58 61 -3.2796075344085693
807 338 34 45 -3.2812416553497314
230 457 103 124 -3.2868568897247314
572 747 30 36 -3.287184715270996
106 500 7 9 -3.287882089614868
879 702 83 125 -3.2885468006134033
6 643 176 234 -3.2888340950012207
64 335 26 29 -3.2894058227539062
469 403 21 24 -3.2941324710845947
122 713 29 30 -3.29439640045166
304 728 22 33 -3.295653820037842
293 643 187 181 -3.295773983001709
168 708 103 110 -3.2983639240264893
951 752 30 33 -3.2988481521606445
821 417 24 30 -3.301671028137207
127 705 11 15 -3.3020057678222656
861 722 57 81 -3.3043272495269775
892 403 48 69 -3.3048455715179443
784 718 53 80 -3.3054590225219727
425 747 25 37 -3.3071913719177246
867 306 26 30 -3.3088226318359375
118 268 20 16 -3.31001615524292
877 744 29 39 -3.3118538856506348
532 456 9 9 -3.312948703765869
540 296 7 9 -3.313420534133911
707 370 26 29 -3.3134586811065674
848 320 14 15 -3.3156328201293945
204 753 15 23 -3.3170125484466553
504 716 8 9 -3.3174211978912354
262 737 30 44 -3.323361396789551
194 398 34 40 -3.324671983718872
496 482 16 19 -3.3260316848754883
300 714 14 20 -3.331778049468994
331 736 52 80 -3.3340678215026855
678 733 63 69 -3.335625410079956
83 424 14 16 -3.3357157707214355
329 720 22 27 -3.3380074501037598
745 507 242 373 -3.3387670516967773
859 400 35 40 -3.339287757873535
107 749 30 31 -3.3416314125061035
1006 311 34 41 -3.3457489013671875
925 727 80 79 -3.345946788787842
601 552 29 28 -3.3467442989349365
967 508 77 113 -3.3473968505859375
813 743 33 44 -3.347973346710205
464 339 27 30 -3.34906005859375
660 240 29 29 -3.3509035110473633
512 506 14 16 -3.3566513061523438
930 749 38 43 -3.358485221862793
546 752 25 32 -3.35929274559021
292 733 54 59 -3.359539747238159
8 378 52 71 -3.36246657371521
889 311 15 17 -3.3628177642822266
894 379 91 136 -3.3638412952423096
519 397 19 24 -3.3640217781066895
847 322 23 32 -3.3644073009490967
307 715 24 24 -3.3679871559143066
913 232 8 9 -3.3679873943328857
147 703 17 21 -3.3698208332061768
532 400 8 9 -3.371924638748169
380 737 32 43 -3.3731296062469482
777 679 92 156 -3.374849557876587
831 727 47 83 -3.374858856201172
134 747 28 27 -3.375046730041504
2 751 34 28 -3.3765125274658203
559 363 100 107 -3.3776164054870605
125 697 97 95 -3.3779053688049316
437 379 24 29 -3.3779077529907227
761 731 51 81 -3.378635883331299
298 705 11 15 -3.3804826736450195
344 375 14 15 -3.3814826011657715
518 718 16 18 -3.3818039894104004
508 731 50 58 -3.383410692214966
812 753 18 24 -3.383838415145874
564 319 29 30 -3.3855905532836914
642 387 26 31 -3.386086940765381
320 639 7 10 -3.388014078140259
439 479 38 35 -3.3881161212921143
971 750 30 33 -3.388608455657959
392 377 15 15 -3.388761043548584
527 403 8 9 -3.3895084857940674
495 243 29 29 -3.391331195831299
654 351 26 31 -3.393244743347168
583 728 60 59 -3.402712345123291
531 751 27 32 -3.403593063354492
814 461 30 34 -3.405341148376465
260 685 24 30 -3.409489631652832
498 356 686 856 -3.409926414489746
1013 346 19 40 -3.411457061767578
113 697 18 28 -3.414107084274292
270 715 52 68 -3.415876865386963
715 401 49 67 -3.416884660720825
791 752 17 22 -3.417703628540039
548 465 111 133 -3.4187026023864746
537 506 29 28 -3.420020341873169
487 408 14 14 -3.4210093021392822
116 321 24 30 -3.4235429763793945
383 273 23 26 -3.423727512359619
907 401 199 318 -3.426534652709961
322 712 17 26 -3.427262306213379
289 524 14 17 -3.427356719970703
317 420 37 48 -3.427741527557373
491 415 14 15 -3.428666114807129
695 367 26 35 -3.4300990104675293
175 512 17 24 -3.430882453918457
537 384 14 16 -3.4313840866088867
748 699 24 25 -3.432696580886841
670 560 17 23 -3.4359371662139893
259 326 13 16 -3.436319351196289
453 755 35 28 -3.437623977661133
205 502 18 19 -3.4426229000091553
42 701 101 121 -3.44282603263855
249 440 15 16 -3.444084405899048
99 304 200 242 -3.444136619567871
318 751 24 31 -3.4455978870391846
143 338 54 67 -3.445699453353882
347 694 14 18 -3.445949077606201
435 403 9 10 -3.4459691047668457
434 733 34 43 -3.4464287757873535
737 720 26 29 -3.446486234664917
108 711 8 10 -3.447516679763794
164 590 19 25 -3.4480960369110107
800 515 26 26 -3.4494757652282715
597 702 22 22 -3.4552741050720215
432 469 8 9 -3.4561195373535156
752 448 114 147 -3.4581542015075684
418 576 13 14 -3.4582459926605225
17 598 42 64 -3.4583733081817627
821 386 19 26 -3.459904193878174
349 747 21 33 -3.4614675045013428
354 432 14 17 -3.4614689350128174
289 256 8 8 -3.462247133255005
50 383 15 15 -3.4627437591552734
581 694 12 15 -3.463064193725586
977 691 27 29 -3.4637513160705566
152 724 21 31 -3.4640824794769287
426 400 28 24 -3.466660976409912
809 320 15 17 -3.466688632965088
727 751 26 28 -3.4674713611602783
857 335 14 16 -3.467546224594116
97 719 14 18 -3.4685676097869873
232 517 31 31 -3.4688589572906494
576 458 13 15 -3.469620943069458
250 273 57 76 -3.4697799682617188
427 708 35 42 -3.469792366027832
403 724 54 60 -3.46992826461792
504 331 33 43 -3.4702329635620117
666 745 30 34 -3.4719464778900146
407 747 31 32 -3.472019910812378
602 512 52 66 -3.4725584983825684
895 484 20 23 -3.4732306003570557
769 328 14 15 -3.475034475326538
131 728 22 23 -3.4752368927001953
529 384 14 15 -3.4755942821502686
671 546 26 29 -3.475978136062622
