0_Parade_marchingband_1_289.jpg
105
455 608 40 57 -0.8706697225570679
923 638 38 48 -1.6374139785766602
603 51 41 46 -2.4370992183685303
785 657 41 47 -2.613572597503662
251 751 58 72 -2.8460395336151123
658 927 11 11 -2.920591354370117
72 619 43 56 -2.9215102195739746
722 93 28 33 -3.0234503746032715
437 547 7 9 -3.0318570137023926
193 1232 7 8 -3.0387320518493652
423 560 13 19 -3.067422866821289
1006 267 30 42 -3.0917580127716064
178 1148 248 219 -3.1175718307495117
-52 544 826 885 -3.118330240249634
1012 277 15 23 -3.1476306915283203
473 723 56 74 -3.1704349517822266
687 811 31 28 -3.173159599304199
998 181 70 102 -3.1960761547088623
736 1122 189 337 -3.1968212127685547
1013 266 15 22 -3.211916923522949
231 945 12 16 -3.218454122543335
70 1018 274 404 -3.2353110313415527
216 979 8 9 -3.2436916828155518
671 959 16 16 -3.25742769241333
1002 934 11 13 -3.2750349044799805
997 197 34 46 -3.2817728519439697
895 83 217 244 -3.286055564880371
664 910 11 18 -3.2952139377593994
1011 325 17 26 -3.304090976715088
974 233 74 81 -3.312350273132324
273 1047 7 8 -3.317426919937134
355 122 24 28 -3.319854736328125
408 672 797 960 -3.3297576904296875
531 97 22 33 -3.330247163772583
624 88 32 35 -3.330531597137451
580 416 13 15 -3.3329854011535645
996 242 33 52 -3.3416099548339844
462 835 101 160 -3.3478524684906006
1010 210 15 30 -3.3482160568237305
661 943 30 39 -3.3523941040039062
1005 172 33 45 -3.3562564849853516
213 738 167 242 -3.3612060546875
671 737 97 154 -3.3639016151428223
332 1025 9 10 -3.3653600215911865
298 1055 12 16 -3.365921974182129
708 96 27 33 -3.3714404106140137
242 833 40 53 -3.3758206367492676
311 500 8 9 -3.3772356510162354
495 776 167 223 -3.377744674682617
1002 886 34 45 -3.381359577178955
988 56 65 93 -3.383653163909912
553 959 27 31 -3.3852460384368896
476 87 57 74 -3.392385959625244
494 544 14 18 -3.395127534866333
591 1056 7 8 -3.395878314971924
593 620 7 8 -3.402008056640625
677 646 28 27 -3.404285430908203
833 969 54 65 -3.4074416160583496
951 153 96 97 -3.4097797870635986
836 678 98 124 -3.4145216941833496
657 1140 7 9 -3.4176971912384033
423 894 14 17 -3.4218685626983643
666 798 47 53 -3.422484874725342
1007 221 29 41 -3.424830913543701
922 596 56 67 -3.4256324768066406
408 761 21 33 -3.4258718490600586
320 1169 8 9 -3.428356409072876
88 763 21 29 -3.4286155700683594
61 510 23 32 -3.42987060546875
165 968 13 18 -3.434415340423584
625 50 45 56 -3.4368510246276855
862 947 38 53 -3.438011646270752
161 876 100 147 -3.4428625106811523
513 826 88 112 -3.443647861480713
527 1198 14 18 -3.4440929889678955
989 119 64 91 -3.4458446502685547
207 977 32 30 -3.447230100631714
604 505 21 28 -3.4497199058532715
747 90 84 123 -3.450464963912964
110 136 105 114 -3.450860023498535
846 587 40 47 -3.4516992568969727
493 113 27 35 -3.452404499053955
736 728 15 16 -3.4534053802490234
486 673 96 145 -3.454026460647583
13 1223 21 23 -3.454782485961914
208 806 29 35 -3.4548227787017822
701 979 43 48 -3.4562556743621826
-5 1065 93 93 -3.4568214416503906
1009 289 30 40 -3.4586923122406006
444 722 95 147 -3.458693265914917
827 397 101 120 -3.4602420330047607
247 796 42 54 -3.460742950439453
480 835 7 10 -3.4613068103790283
410 526 53 68 -3.4614195823669434
310 845 30 41 -3.461735248565674
753 984 16 18 -3.4624319076538086
678 112 104 143 -3.4631001949310303
1010 17 19 29 -3.4657974243164062
466 165 13 16 -3.467843532562256
212 1232 7 8 -3.4682939052581787
588 1085 103 172 -3.4689319133758545
158 957 30 40 -3.469156503677368
106 753 20 30 -3.4703054428100586
55 805 74 89 -3.4717836380004883
679 618 55 68 -3.472252368927002
