0_Parade_Parade_0_574.jpg
128
566 460 122 156 0.9684934020042419
718 301 30 37 -0.09373044967651367
245 249 21 28 -1.6918163299560547
608 388 147 194 -1.759648323059082
251 237 28 31 -2.292482376098633
800 66 49 66 -2.41917085647583
592 504 153 188 -2.7232120037078857
664 72 14 16 -2.9745213985443115
640 223 16 20 -3.007305145263672
626 29 30 36 -3.024780511856079
867 63 49 58 -3.032244920730591
834 64 53 64 -3.041505813598633
46 12 32 35 -3.0415847301483154
704 304 55 63 -3.053983449935913
677 415 15 15 -3.108494281768799
566 493 64 65 -3.1139934062957764
655 103 19 20 -3.146552801132202
979 154 43 76 -3.150062084197998
1013 401 17 25 -3.153820514678955
753 638 51 91 -3.1712489128112793
688 632 93 98 -3.1715641021728516
933 636 58 60 -3.185166120529175
676 287 80 141 -3.217468500137329
204 303 23 26 -3.2416698932647705
368 507 231 260 -3.2432925701141357
957 644 59 69 -3.251093864440918
731 595 97 165 -3.2768452167510986
986 123 44 70 -3.2855899333953857
600 168 88 124 -3.2869505882263184
550 123 14 20 -3.287398338317871
676 556 232 235 -3.293140411376953
837 188 100 121 -3.3003125190734863
355 122 181 257 -3.3130130767822266
528 180 11 13 -3.3175854682922363
572 30 28 34 -3.3212156295776367
906 155 153 237 -3.324117660522461
777 65 108 134 -3.324544906616211
615 118 95 115 -3.3423421382904053
511 92 35 34 -3.343583106994629
489 648 60 65 -3.3454504013061523
779 633 50 92 -3.352168560028076
620 357 24 26 -3.3590140342712402
657 37 102 118 -3.3608102798461914
666 155 17 16 -3.3669562339782715
753 224 17 16 -3.369572162628174
924 366 137 210 -3.3725926876068115
451 646 68 65 -3.3738646507263184
518 429 107 153 -3.3760812282562256
626 408 13 17 -3.3793485164642334
698 454 27 38 -3.3866183757781982
1001 538 44 49 -3.3896758556365967
703 377 88 121 -3.39090633392334
702 474 22 30 -3.3909966945648193
676 6 37 50 -3.392115831375122
27 351 19 19 -3.392580032348633
1013 289 16 32 -3.392798900604248
998 162 22 35 -3.3953161239624023
679 367 49 71 -3.3973145484924316
702 419 34 40 -3.3976457118988037
775 35 368 580 -3.3997514247894287
640 311 14 18 -3.4013352394104004
610 253 55 73 -3.4033217430114746
854 504 25 43 -3.4035205841064453
683 89 50 79 -3.4035727977752686
455 588 23 27 -3.403952121734619
946 481 49 78 -3.4041714668273926
979 548 39 48 -3.4081809520721436
801 268 16 24 -3.40952205657959
949 241 77 99 -3.4104483127593994
999 266 35 57 -3.414705753326416
691 220 57 72 -3.414759874343872
116 40 196 194 -3.415774345397949
779 551 88 117 -3.416073799133301
992 366 58 80 -3.4164230823516846
852 561 194 225 -3.4173338413238525
553 110 14 21 -3.4223906993865967
866 398 32 38 -3.424621105194092
436 575 28 33 -3.425107479095459
28 132 106 156 -3.425537586212158
495 521 196 265 -3.4270007610321045
295 82 19 27 -3.4284071922302246
709 344 52 71 -3.4284908771514893
270 51 52 75 -3.429959774017334
550 65 21 30 -3.430612802505493
715 434 18 22 -3.4358983039855957
220 209 41 56 -3.437714099884033
460 569 45 69 -3.4388606548309326
563 632 96 98 -3.442913055419922
962 602 26 28 -3.443127155303955
658 276 53 64 -3.443249225616455
699 144 104 150 -3.443711996078491
684 499 38 48 -3.447052001953125
709 657 45 48 -3.447488784790039
915 615 91 137 -3.4491240978240967
423 198 118 117 -3.4496731758117676
645 368 40 54 -3.450646162033081
663 657 40 62 -3.451075553894043
834 466 18 20 -3.451979398727417
182 302 17 20 -3.452225685119629
987 605 19 22 -3.4530880451202393
105 156 37 43 -3.4536778926849365
745 102 56 67 -3.4570581912994385
878 649 57 58 -3.4577219486236572
703 455 15 15 -3.4584555625915527
299 465 48 72 -3.4588382244110107
181 275 52 58 -3.4599947929382324
1002 192 11 16 -3.460326910018921
631 -5 49 68 -3.460426092147827
688 71 15 25 -3.461226463317871
641 401 16 16 -3.4621381759643555
853 49 179 213 -3.4624762535095215
857 526 11 14 -3.462890148162842
843 528 16 22 -3.464909553527832
982 220 20 26 -3.4649300575256348
692 253 26 32 -3.465834617614746
605 139 17 19 -3.466620445251465
609 65 48 68 -3.4686317443847656
830 522 43 54 -3.4694137573242188
947 463 36 33 -3.4708809852600098
-7 223 104 133 -3.4711484909057617
722 157 38 49 -3.471785068511963
721 272 55 74 -3.471989393234253
379 389 45 54 -3.4721388816833496
464 248 65 83 -3.4730923175811768
503 109 41 64 -3.4736790657043457
804 491 102 134 -3.47413969039917
684 25 45 46 -3.474848508834839
434 649 44 89 -3.474886417388916
