0_Parade_Parade_0_274.jpg
194
187 146 52 70 4.107937812805176
886 174 32 45 -1.0161118507385254
184 455 13 20 -1.3224107027053833
371 390 67 64 -1.8634750843048096
284 200 8 9 -2.0838663578033447
705 270 30 31 -2.334268093109131
481 134 24 29 -2.371781587600708
881 129 15 16 -2.4076902866363525
425 139 7 10 -2.442542791366577
180 131 8 9 -2.4747629165649414
461 97 27 32 -2.55680513381958
917 346 41 50 -2.657182455062866
856 205 16 18 -2.709204912185669
431 288 27 29 -2.7956767082214355
521 192 7 9 -2.8613393306732178
471 126 16 18 -2.8850417137145996
898 193 23 32 -2.9426157474517822
396 151 8 9 -2.964871883392334
931 284 29 30 -3.0138118267059326
626 473 53 67 -3.0229687690734863
896 147 8 9 -3.032989025115967
255 70 15 17 -3.0347771644592285
429 136 12 14 -3.0354270935058594
669 88 7 9 -3.046001434326172
562 98 26 31 -3.0472536087036133
941 19 8 9 -3.055724620819092
936 116 8 9 -3.057542085647583
863 152 14 15 -3.0636377334594727
958 200 16 17 -3.080805778503418
542 130 29 32 -3.091214656829834
398 659 30 36 -3.1053247451782227
537 611 95 124 -3.1347687244415283
566 661 41 44 -3.143568515777588
150 218 56 65 -3.1539759635925293
128 180 8 9 -3.161923885345459
96 499 50 76 -3.16489839553833
481 323 173 219 -3.172966480255127
482 659 27 37 -3.173565149307251
846 193 26 35 -3.177931308746338
552 653 33 42 -3.1852667331695557
693 52 53 55 -3.200803279876709
901 658 30 36 -3.2055726051330566
951 199 32 28 -3.218379020690918
1004 212 8 9 -3.2254366874694824
929 216 15 17 -3.234875202178955
954 176 15 16 -3.235032081604004
383 417 16 14 -3.238741397857666
561 30 97 127 -3.2441861629486084
833 127 13 16 -3.252089262008667
442 660 37 47 -3.2525179386138916
388 161 16 15 -3.256660223007202
874 189 33 43 -3.2573273181915283
1010 150 17 25 -3.265930652618408
896 187 16 22 -3.271639347076416
509 252 14 17 -3.276759147644043
711 80 8 9 -3.2805471420288086
-224 183 885 952 -3.2862563133239746
170 173 52 58 -3.2885608673095703
227 605 121 136 -3.290174961090088
190 109 12 18 -3.2949461936950684
937 263 51 68 -3.29524564743042
990 144 50 75 -3.296639919281006
795 655 27 43 -3.2997331619262695
337 655 28 43 -3.3134846687316895
624 660 41 47 -3.318410873413086
32 464 17 18 -3.3189964294433594
871 378 10 13 -3.320288896560669
931 143 15 17 -3.323871612548828
354 636 102 115 -3.326282024383545
37 456 11 16 -3.3267464637756348
865 192 8 9 -3.3290488719940186
922 358 158 189 -3.3294589519500732
416 664 22 27 -3.329681158065796
492 145 16 17 -3.33026123046875
848 663 19 25 -3.331387996673584
375 43 23 24 -3.335932493209839
573 478 16 15 -3.3381991386413574
460 91 9 10 -3.3462026119232178
26 462 14 18 -3.3462722301483154
935 657 27 40 -3.347292184829712
257 654 28 42 -3.3493618965148926
108 187 8 10 -3.3494913578033447
579 663 21 25 -3.3564164638519287
506 222 12 14 -3.356691837310791
331 324 107 115 -3.3580849170684814
17 502 364 398 -3.3607139587402344
167 134 12 12 -3.361044406890869
639 -11 110 139 -3.364732265472412
773 524 182 324 -3.364839792251587
889 354 17 23 -3.3667216300964355
740 657 27 38 -3.367605686187744
458 649 44 51 -3.369279623031616
701 84 7 9 -3.370849847793579
431 619 110 123 -3.3723604679107666
8 658 30 37 -3.3730459213256836
598 599 86 139 -3.375554323196411
644 116 107 156 -3.3766543865203857
932 648 21 27 -3.3791799545288086
873 305 94 148 -3.3810224533081055
274 659 30 42 -3.381077289581299
379 129 14 18 -3.384014368057251
745 97 8 8 -3.384507417678833
930 98 15 16 -3.3866803646087646
1003 155 29 35 -3.387662887573242
262 515 201 341 -3.3887150287628174
43 337 80 98 -3.3890163898468018
968 657 31 33 -3.3893866539001465
14 495 32 40 -3.391065835952759
715 181 23 28 -3.39121675491333
921 287 47 71 -3.3962059020996094
896 537 15 15 -3.397367477416992
352 659 24 33 -3.398555040359497
914 342 27 29 -3.400113582611084
849 118 14 17 -3.4017183780670166
892 116 7 9 -3.402340888977051
791 379 55 80 -3.403465509414673
836 655 37 47 -3.404658794403076
574 94 55 65 -3.4060747623443604
468 174 24 33 -3.407282829284668
423 509 37 46 -3.4078712463378906
14 452 27 33 -3.408599853515625
369 187 24 24 -3.408780574798584
1007 498 31 44 -3.40988826751709
216 654 39 47 -3.410900831222534
882 660 32 34 -3.4110822677612305
436 90 15 16 -3.411820888519287
352 104 57 69 -3.412684440612793
1012 122 13 20 -3.4170098304748535
893 346 24 39 -3.417232036590576
919 377 32 30 -3.41878080368042
858 167 13 17 -3.4195470809936523
393 633 50 72 -3.4195761680603027
1009 137 35 44 -3.422133445739746
136 140 22 24 -3.42341685295105
873 337 53 65 -3.4245409965515137
562 353 22 27 -3.425570487976074
157 463 37 48 -3.425776243209839
565 328 15 19 -3.428781270980835
964 147 8 9 -3.4315013885498047
831 172 10 16 -3.433086395263672
243 653 27 46 -3.434802532196045
592 120 9 9 -3.435878276824951
366 252 16 22 -3.4371895790100098
304 662 31 28 -3.437389612197876
365 385 9 9 -3.4377472400665283
860 63 33 32 -3.439661741256714
113 255 15 21 -3.4398341178894043
988 657 31 32 -3.441523313522339
421 534 52 78 -3.442962169647217
365 134 12 14 -3.443230628967285
836 162 30 39 -3.446061134338379
209 169 41 61 -3.446734666824341
695 57 24 24 -3.446772813796997
238 137 22 26 -3.446991205215454
860 573 61 77 -3.4470326900482178
509 148 7 9 -3.4474036693573
954 504 48 57 -3.447803020477295
671 656 25 34 -3.4482836723327637
131 223 22 28 -3.4534268379211426
313 194 24 32 -3.453566551208496
941 496 17 26 -3.455559730529785
310 98 50 76 -3.4556033611297607
201 440 15 16 -3.456307888031006
371 56 17 20 -3.458815097808838
965 51 7 8 -3.4589014053344727
833 547 51 70 -3.4592037200927734
601 84 31 47 -3.4600636959075928
789 188 62 73 -3.46132755279541
855 128 14 19 -3.46177339553833
157 252 50 72 -3.4627742767333984
976 282 32 33 -3.4628653526306152
494 227 59 62 -3.4642279148101807
341 381 35 44 -3.4651315212249756
234 97 34 40 -3.4655191898345947
672 179 55 67 -3.46559476852417
-1 478 61 85 -3.467285394668579
547 196 8 9 -3.467561960220337
568 662 20 23 -3.467658042907715
780 151 7 9 -3.469027042388916
768 656 45 50 -3.46943998336792
24 18 25 41 -3.4695332050323486
811 401 19 28 -3.4714648723602295
428 200 11 18 -3.4721076488494873
779 240 46 75 -3.47227144241333
453 84 15 23 -3.4723689556121826
535 651 35 55 -3.473292589187622
363 661 31 32 -3.4734842777252197
175 565 33 42 -3.4735965728759766
343 44 58 75 -3.473867654800415
983 179 24 27 -3.4740543365478516
837 128 7 9 -3.4749372005462646
241 163 28 34 -3.474957227706909
135 120 22 28 -3.4752893447875977
161 110 24 29 -3.475996971130371
