0_Parade_Parade_0_182.jpg
161
675 200 86 113 4.1573381423950195
632 164 94 129 -0.2296297550201416
582 152 61 74 -0.3520355820655823
484 81 26 32 -1.7854692935943604
620 145 54 86 -1.9033769369125366
235 8 8 9 -2.4108784198760986
505 65 53 66 -2.64845609664917
119 711 8 9 -2.6772494316101074
885 880 13 18 -2.8020730018615723
613 169 40 46 -2.803339958190918
828 468 9 10 -2.8184921741485596
960 199 8 9 -2.8326010704040527
895 865 9 10 -2.849945545196533
331 120 12 14 -2.8912582397460938
753 23 7 10 -2.8920843601226807
448 159 56 76 -2.9232447147369385
818 208 8 9 -2.933633804321289
940 300 8 8 -2.9706614017486572
600 185 55 74 -2.9952359199523926
982 60 13 15 -3.0108466148376465
815 740 9 9 -3.028313159942627
664 733 8 9 -3.0434470176696777
846 9 21 27 -3.0546751022338867
824 923 8 11 -3.0940091609954834
191 37 10 13 -3.104185104370117
1001 200 7 8 -3.121483325958252
348 83 8 9 -3.1224989891052246
942 480 16 17 -3.1508331298828125
743 50 10 12 -3.1545071601867676
692 920 8 9 -3.1636266708374023
856 30 8 10 -3.165745735168457
30 804 12 15 -3.1849753856658936
135 567 11 16 -3.1984591484069824
737 826 209 259 -3.2005019187927246
882 918 55 58 -3.2035112380981445
693 916 8 9 -3.209951400756836
94 707 12 19 -3.2301740646362305
997 187 7 8 -3.235816478729248
611 161 23 37 -3.237276077270508
809 123 9 10 -3.2429311275482178
824 215 8 9 -3.245478868484497
211 24 54 65 -3.2462635040283203
425 407 15 17 -3.246694803237915
1009 380 8 9 -3.251553535461426
832 455 8 9 -3.257899284362793
997 200 7 9 -3.264035701751709
0 20 155 177 -3.2718892097473145
818 224 10 14 -3.272710084915161
848 70 14 18 -3.274505376815796
301 306 14 14 -3.278507709503174
971 565 9 8 -3.2798573970794678
345 140 7 8 -3.280174970626831
-41 779 242 237 -3.284351348876953
284 222 8 10 -3.2863259315490723
626 301 26 31 -3.2865631580352783
392 6 16 19 -3.298647403717041
862 922 48 77 -3.3015284538269043
828 924 8 10 -3.3023874759674072
403 47 26 32 -3.3032824993133545
105 436 7 8 -3.308194398880005
773 217 48 58 -3.3098549842834473
459 193 13 14 -3.3172035217285156
886 873 104 155 -3.319056987762451
176 804 225 272 -3.3226799964904785
624 176 14 19 -3.3260910511016846
844 96 8 9 -3.3284647464752197
352 196 9 9 -3.330125570297241
341 178 97 110 -3.3321425914764404
76 874 166 183 -3.3327598571777344
20 825 47 75 -3.337541103363037
827 25 52 63 -3.354801654815674
805 163 8 9 -3.3572375774383545
1005 192 7 9 -3.3598601818084717
709 491 57 81 -3.3641676902770996
266 897 73 90 -3.365077495574951
344 876 8 9 -3.365537166595459
427 870 100 169 -3.3665409088134766
582 533 52 75 -3.3677568435668945
691 895 8 10 -3.3683996200561523
393 206 14 19 -3.375725507736206
572 87 19 23 -3.3766767978668213
461 24 7 8 -3.3788695335388184
591 930 67 57 -3.379462242126465
805 699 8 9 -3.3795833587646484
92 590 16 19 -3.3821423053741455
483 33 30 33 -3.3824408054351807
944 54 39 46 -3.3854455947875977
835 224 35 46 -3.386510133743286
854 246 17 19 -3.387464761734009
984 211 7 8 -3.3883907794952393
18 816 40 40 -3.390238046646118
914 720 11 13 -3.393324851989746
1012 401 17 27 -3.3939924240112305
786 401 17 27 -3.395303249359131
883 863 33 45 -3.3964688777923584
333 152 8 9 -3.3977081775665283
826 862 102 137 -3.400693416595459
27 877 44 51 -3.4011917114257812
992 187 8 9 -3.405616283416748
107 700 8 9 -3.4058785438537598
904 877 13 17 -3.4114513397216797
629 179 8 10 -3.4135255813598633
93 672 51 66 -3.414602756500244
395 465 17 24 -3.4150588512420654
769 159 14 17 -3.415282726287842
767 10 53 74 -3.4161434173583984
784 211 9 10 -3.4171299934387207
280 201 44 58 -3.419102430343628
823 86 41 58 -3.423461437225342
720 902 78 102 -3.4246304035186768
688 882 15 20 -3.4250056743621826
306 7 39 30 -3.4255473613739014
86 797 44 76 -3.4302735328674316
977 254 12 16 -3.4331135749816895
833 60 32 33 -3.434345006942749
383 143 36 34 -3.434359312057495
9 830 16 20 -3.4344849586486816
248 388 26 42 -3.4362146854400635
406 267 28 38 -3.4374589920043945
621 133 17 21 -3.437511920928955
891 650 89 137 -3.439058780670166
638 824 13 15 -3.4418489933013916
38 834 15 21 -3.4428768157958984
297 124 24 33 -3.443410634994507
176 705 97 117 -3.44742751121521
604 196 31 32 -3.447770118713379
376 59 8 9 -3.44795298576355
602 679 102 142 -3.448166847229004
256 721 381 448 -3.4522242546081543
589 19 7 9 -3.4522576332092285
774 638 12 19 -3.453073740005493
699 198 32 30 -3.4535932540893555
559 939 9 9 -3.45406174659729
19 856 11 17 -3.455415725708008
547 93 29 37 -3.455737590789795
368 302 7 8 -3.4559621810913086
474 144 24 25 -3.4571189880371094
339 295 22 27 -3.45731782913208
996 169 7 9 -3.457545280456543
390 334 19 20 -3.4579784870147705
636 4 25 29 -3.4580037593841553
321 841 8 8 -3.460519313812256
900 8 7 8 -3.4625377655029297
789 465 30 41 -3.463104248046875
829 11 32 48 -3.464635133743286
662 454 14 17 -3.4648451805114746
888 208 7 8 -3.465315103530884
239 51 104 165 -3.465907096862793
383 147 112 159 -3.4661779403686523
465 883 86 94 -3.4666366577148438
909 795 48 69 -3.4671144485473633
235 35 29 37 -3.4676365852355957
252 21 7 8 -3.4677445888519287
704 474 32 48 -3.4686057567596436
286 264 25 26 -3.4686081409454346
804 214 22 22 -3.4706850051879883
908 461 15 16 -3.470749855041504
881 848 16 16 -3.4712674617767334
617 197 8 9 -3.4722859859466553
1004 319 31 32 -3.4727015495300293
816 503 71 89 -3.473994493484497
