0_Parade_marchingband_1_394.jpg
269
601 396 45 68 3.9100992679595947
583 372 49 73 -0.688112199306488
366 1048 40 37 -1.092578649520874
539 528 23 28 -1.6033751964569092
951 1071 10 11 -1.7136307954788208
300 892 8 9 -2.09081768989563
385 1033 36 41 -2.1043925285339355
930 816 13 16 -2.261939525604248
119 811 9 10 -2.4544057846069336
821 105 7 9 -2.5164875984191895
889 814 9 10 -2.5226683616638184
975 1044 8 9 -2.6437532901763916
96 807 7 8 -2.6637678146362305
592 1080 8 9 -2.6826553344726562
859 1085 32 49 -2.7128210067749023
879 394 26 36 -2.7899458408355713
25 1375 14 17 -2.835114002227783
280 519 18 28 -2.8359718322753906
17 1221 7 8 -2.851017475128174
500 1267 8 10 -2.896519899368286
666 600 7 8 -2.9144034385681152
641 578 26 30 -2.933990001678467
256 209 6 7 -2.937368392944336
21 796 8 10 -2.9423274993896484
572 530 7 9 -2.950754404067993
676 1048 8 10 -2.9705255031585693
124 828 8 9 -2.971808433532715
951 1019 7 9 -2.9718687534332275
874 1358 13 17 -2.9815568923950195
418 254 33 42 -3.0000152587890625
247 688 14 15 -3.006652355194092
240 912 10 14 -3.006809711456299
473 1065 16 15 -3.0137887001037598
625 577 30 33 -3.0161900520324707
528 1072 30 30 -3.019418716430664
639 480 29 31 -3.030521869659424
599 1502 59 57 -3.041059970855713
321 1161 14 15 -3.0462610721588135
977 1027 8 9 -3.0787205696105957
271 500 8 9 -3.084925651550293
156 432 8 9 -3.097191095352173
436 1159 8 10 -3.099735736846924
236 1036 8 8 -3.107471227645874
1016 607 13 17 -3.125375270843506
179 808 8 9 -3.1276822090148926
15 849 30 33 -3.1446533203125
28 1347 8 9 -3.1450796127319336
32 942 13 16 -3.160768508911133
268 501 9 9 -3.161785364151001
477 1525 26 21 -3.1647231578826904
846 86 243 331 -3.1671528816223145
464 1516 27 33 -3.176168441772461
879 1359 9 10 -3.176234245300293
714 1045 14 17 -3.1799070835113525
386 1373 187 223 -3.192176580429077
271 494 8 10 -3.1949563026428223
806 1118 23 31 -3.1972157955169678
495 795 9 10 -3.202805519104004
581 531 27 29 -3.203549385070801
1000 1063 16 16 -3.2070560455322266
991 1486 44 61 -3.2095415592193604
65 1389 15 19 -3.2116594314575195
426 1462 106 112 -3.21478533744812
280 1015 14 15 -3.215348482131958
327 881 13 16 -3.2179179191589355
577 1514 29 36 -3.219992160797119
1003 1071 8 10 -3.2209033966064453
216 1204 7 8 -3.2223236560821533
594 400 27 31 -3.2253482341766357
429 355 8 9 -3.236619710922241
288 690 15 16 -3.236769914627075
860 841 15 14 -3.23769474029541
601 571 8 9 -3.24049711227417
631 657 12 17 -3.242279529571533
591 1448 93 167 -3.2424731254577637
656 76 8 9 -3.2424840927124023
879 682 15 16 -3.248262405395508
511 1470 102 137 -3.2497568130493164
422 870 12 13 -3.2505295276641846
411 1512 35 34 -3.2508485317230225
624 75 9 9 -3.2528929710388184
830 1488 68 91 -3.2578721046447754
494 1520 26 30 -3.26423978805542
714 1366 181 316 -3.2654004096984863
455 1481 46 76 -3.2654924392700195
864 493 8 8 -3.2673392295837402
1012 1496 19 23 -3.267970323562622
619 375 51 84 -3.2715139389038086
1014 994 13 18 -3.2731571197509766
1012 552 16 30 -3.27380633354187
272 996 9 8 -3.2787978649139404
463 749 28 32 -3.285393238067627
352 779 8 10 -3.2861545085906982
477 756 7 9 -3.2876622676849365
234 319 13 16 -3.2914814949035645
49 1366 13 16 -3.293971538543701
537 1039 15 17 -3.301664352416992
654 1518 32 35 -3.3028666973114014
385 1047 16 17 -3.303071975708008
1010 826 18 21 -3.309358596801758
1010 435 16 31 -3.30942964553833
96 1456 8 8 -3.3102314472198486
279 913 8 8 -3.3131601810455322
837 1513 28 40 -3.3240268230438232
389 1518 26 31 -3.325198173522949
624 1076 8 8 -3.327042579650879
752 439 8 9 -3.327892780303955
1008 1507 18 22 -3.328336477279663
416 1234 452 456 -3.3285858631134033
944 1055 8 8 -3.3305652141571045
1003 595 26 29 -3.3311705589294434
768 475 51 58 -3.3315415382385254
663 48 9 9 -3.333065986633301
531 593 29 30 -3.335212469100952
436 672 8 9 -3.3400368690490723
981 1011 7 9 -3.342010498046875
981 737 19 19 -3.343900680541992
371 1449 102 116 -3.3463549613952637
611 399 26 35 -3.347038745880127
892 499 195 346 -3.349764585494995
881 1423 8 9 -3.350294589996338
532 652 8 9 -3.3505077362060547
1011 1406 18 29 -3.3527464866638184
348 779 8 10 -3.358215570449829
127 1343 194 309 -3.361706018447876
355 799 8 9 -3.3656468391418457
597 1520 19 25 -3.369058132171631
656 47 8 9 -3.3704681396484375
264 420 8 7 -3.372406005859375
1012 611 22 24 -3.373182535171509
148 805 26 28 -3.3739352226257324
352 1029 40 49 -3.3757643699645996
968 1011 9 10 -3.376009941101074
487 1385 232 254 -3.377737522125244
273 1016 13 13 -3.378418207168579
314 311 14 17 -3.3790242671966553
219 857 21 24 -3.379045009613037
99 805 10 12 -3.3793692588806152
393 1050 13 15 -3.3806052207946777
369 993 13 15 -3.3833727836608887
14 1278 20 24 -3.3846542835235596
403 950 12 17 -3.385288715362549
383 823 13 19 -3.3859376907348633
269 1511 39 53 -3.389976978302002
448 528 14 14 -3.3901000022888184
49 1462 85 121 -3.3937015533447266
365 1493 55 81 -3.3965907096862793
161 1056 7 8 -3.398507595062256
31 1515 31 33 -3.39933443069458
409 925 8 8 -3.3996055126190186
432 1504 50 70 -3.4000563621520996
676 777 21 27 -3.4000844955444336
703 523 26 29 -3.402312755584717
152 780 15 16 -3.4025492668151855
1010 1292 18 26 -3.4025940895080566
429 1513 31 39 -3.4026074409484863
874 667 29 32 -3.4032394886016846
872 1257 16 14 -3.4047155380249023
843 1055 42 67 -3.406529188156128
399 1521 30 34 -3.408700942993164
732 1045 106 124 -3.408952236175537
86 1516 23 34 -3.409501075744629
228 431 12 16 -3.409517765045166
529 1047 16 17 -3.4115982055664062
843 1268 8 9 -3.4122843742370605
914 399 25 32 -3.4137203693389893
607 886 69 95 -3.413740634918213
156 684 8 9 -3.4169695377349854
549 1516 31 32 -3.417353868484497
571 458 23 27 -3.417409896850586
532 1517 32 34 -3.4181857109069824
755 457 10 13 -3.4184365272521973
820 677 23 27 -3.4191224575042725
220 1021 45 63 -3.4192559719085693
570 350 19 25 -3.420107364654541
876 671 8 9 -3.4206018447875977
13 1323 17 19 -3.421220064163208
310 824 20 24 -3.4215145111083984
741 1069 15 20 -3.421579360961914
374 1065 19 20 -3.42197322845459
854 1262 15 17 -3.425394058227539
896 1077 41 49 -3.425563335418701
965 1002 25 28 -3.4259817600250244
591 1501 30 50 -3.4268722534179688
377 1392 14 15 -3.427264928817749
273 932 8 9 -3.427957534790039
798 1063 15 18 -3.4281716346740723
584 806 14 18 -3.428724527359009
197 888 17 25 -3.4292099475860596
368 815 7 10 -3.4295122623443604
563 1468 79 97 -3.429631471633911
359 781 11 15 -3.429680347442627
532 741 24 31 -3.4304327964782715
444 903 8 9 -3.431401491165161
844 671 42 47 -3.4324159622192383
477 1487 39 94 -3.4326720237731934
1007 363 31 45 -3.433013439178467
659 1049 9 10 -3.433183193206787
1005 1419 30 33 -3.4345850944519043
992 1041 13 14 -3.434669256210327
818 1515 28 37 -3.435129165649414
919 820 25 35 -3.4352424144744873
499 712 64 73 -3.435749053955078
694 1060 15 17 -3.437986135482788
290 936 16 18 -3.4387624263763428
399 882 46 71 -3.4398233890533447
19 1515 26 36 -3.440398693084717
526 756 21 29 -3.4417307376861572
793 1513 27 37 -3.4417781829833984
737 430 10 12 -3.4420251846313477
738 437 22 26 -3.442408561706543
97 488 21 30 -3.443547248840332
981 1015 7 9 -3.4436023235321045
632 1453 117 123 -3.4446117877960205
176 308 8 8 -3.444828510284424
754 329 11 16 -3.445018768310547
535 523 17 22 -3.446959972381592
864 1184 97 140 -3.4475016593933105
533 1084 33 32 -3.448819398880005
376 1138 28 34 -3.4501237869262695
193 799 13 17 -3.4511618614196777
466 512 14 15 -3.451988697052002
209 884 14 18 -3.4524435997009277
398 836 54 82 -3.4552433490753174
337 1105 23 27 -3.4558041095733643
579 719 21 30 -3.456080436706543
976 169 90 152 -3.4567275047302246
14 1349 31 30 -3.4577479362487793
24 1378 8 11 -3.458345413208008
405 395 16 13 -3.458639621734619
950 1458 96 128 -3.4590744972229004
814 470 48 57 -3.4591856002807617
840 349 8 8 -3.4594993591308594
772 1051 40 51 -3.460479259490967
792 1046 96 145 -3.460836172103882
568 1335 16 24 -3.46195912361145
336 884 8 8 -3.4627554416656494
-3 1263 49 66 -3.4628069400787354
855 1399 15 16 -3.4631409645080566
577 1330 19 25 -3.463387966156006
321 887 7 9 -3.4635820388793945
751 454 9 13 -3.4638407230377197
272 832 59 76 -3.4647717475891113
337 996 96 133 -3.4668526649475098
143 911 13 19 -3.4671032428741455
436 903 21 28 -3.468096971511841
346 1136 19 30 -3.4681286811828613
23 855 15 19 -3.4684529304504395
236 944 7 9 -3.4695827960968018
999 819 38 34 -3.469681739807129
972 770 31 40 -3.4697186946868896
663 1144 90 122 -3.4700982570648193
290 1405 183 232 -3.4702887535095215
2 1244 38 49 -3.4705028533935547
1014 837 11 20 -3.4706454277038574
1001 1012 8 8 -3.47080659866333
773 1512 28 44 -3.4722046852111816
30 1176 21 31 -3.472632646560669
352 1345 51 57 -3.4727261066436768
845 1060 23 36 -3.472745418548584
249 891 10 12 -3.4735207557678223
43 1510 61 60 -3.474726438522339
232 907 17 24 -3.474783420562744
548 516 26 31 -3.474867820739746
710 1514 31 40 -3.475003242492676
992 1065 17 21 -3.4751381874084473
1006 1249 40 47 -3.4755237102508545
274 941 53 64 -3.475572347640991
822 1383 50 68 -3.475578546524048
