0_Parade_marchingband_1_396.jpg
97
618 528 14 16 -2.2985904216766357
986 47 13 16 -2.905412197113037
609 193 25 29 -2.9262003898620605
490 222 15 16 -2.970399856567383
726 192 26 32 -3.0469236373901367
480 34 29 31 -3.0503811836242676
769 161 13 15 -3.0750815868377686
623 552 15 17 -3.091343879699707
648 14 14 18 -3.1250967979431152
349 619 9 12 -3.1443746089935303
480 255 27 27 -3.17187762260437
994 476 27 32 -3.191856622695923
952 152 13 14 -3.194669723510742
572 542 202 226 -3.2019293308258057
672 8 9 9 -3.203488826751709
624 659 65 55 -3.204259157180786
403 110 26 31 -3.205409526824951
319 154 14 15 -3.221276044845581
626 560 9 10 -3.228579044342041
686 505 30 32 -3.2597784996032715
809 166 15 16 -3.2702271938323975
408 333 27 36 -3.2963459491729736
900 144 17 20 -3.301546812057495
416 63 27 30 -3.3035154342651367
967 176 15 18 -3.31168532371521
973 553 67 132 -3.3127596378326416
1012 318 14 20 -3.335695743560791
205 564 210 216 -3.3366942405700684
888 142 33 39 -3.3446176052093506
665 671 63 58 -3.350490093231201
699 565 189 221 -3.3511462211608887
586 646 68 69 -3.3523566722869873
974 118 16 18 -3.3544464111328125
218 14 13 16 -3.3550548553466797
171 649 60 64 -3.3555409908294678
182 590 39 45 -3.3569977283477783
290 647 62 61 -3.3617289066314697
-11 626 83 94 -3.364548921585083
907 653 45 80 -3.3684566020965576
609 507 51 74 -3.3730170726776123
49 91 93 106 -3.373049020767212
930 416 139 195 -3.374654769897461
797 646 59 74 -3.3754429817199707
768 117 93 124 -3.3758721351623535
700 524 24 30 -3.3773999214172363
664 161 12 12 -3.381376028060913
1008 301 35 43 -3.3875579833984375
811 480 176 229 -3.3890023231506348
704 659 53 59 -3.390066623687744
367 166 27 34 -3.3908300399780273
656 639 55 64 -3.3935437202453613
635 539 8 9 -3.395143985748291
640 527 14 17 -3.3961968421936035
159 565 16 14 -3.3991751670837402
576 20 8 9 -3.3992550373077393
749 406 34 27 -3.3997514247894287
652 463 93 112 -3.4009006023406982
665 451 23 26 -3.403881072998047
632 539 8 10 -3.404588460922241
247 470 17 23 -3.4054207801818848
190 102 49 72 -3.4083290100097656
678 -2 47 76 -3.409174919128418
705 150 95 121 -3.4113409519195557
253 260 35 49 -3.4147961139678955
944 187 53 63 -3.4160313606262207
226 216 14 15 -3.4200587272644043
582 195 49 56 -3.4201226234436035
192 439 15 20 -3.424407482147217
537 349 27 35 -3.4279274940490723
960 272 54 58 -3.4290244579315186
583 572 9 9 -3.4301156997680664
904 129 38 55 -3.4317216873168945
525 426 19 24 -3.431735038757324
700 13 14 21 -3.4317920207977295
928 117 27 29 -3.432827949523926
734 658 62 62 -3.438176393508911
271 651 45 88 -3.438445568084717
77 342 108 127 -3.4441075325012207
513 378 21 28 -3.445035219192505
570 19 49 61 -3.4465465545654297
129 526 30 35 -3.4488296508789062
687 493 23 25 -3.4517693519592285
511 188 105 117 -3.451988935470581
695 504 84 114 -3.452255964279175
358 22 46 48 -3.453923463821411
35 280 22 25 -3.4543371200561523
961 222 14 16 -3.4568326473236084
965 574 8 10 -3.4571073055267334
888 260 29 31 -3.4588234424591064
148 116 109 133 -3.4617605209350586
995 387 37 48 -3.466489791870117
741 512 27 42 -3.4665236473083496
984 145 13 17 -3.469817876815796
-61 541 203 226 -3.4711766242980957
892 615 41 52 -3.471829891204834
214 255 19 32 -3.4721689224243164
623 540 27 33 -3.47426700592041
