0_Parade_marchingband_1_241.jpg
79
628 599 7 9 -1.951719045639038
604 644 8 8 -1.9766831398010254
549 644 7 8 -2.335883140563965
524 641 8 9 -2.47052001953125
569 612 8 9 -2.5367915630340576
626 636 8 9 -2.7150816917419434
573 641 7 8 -2.7188920974731445
664 644 8 8 -2.8660669326782227
633 611 7 8 -2.8661413192749023
597 607 7 9 -2.8710193634033203
588 615 8 9 -2.8738656044006348
736 657 7 8 -2.8774423599243164
553 616 7 8 -2.911003589630127
176 515 8 9 -2.9283416271209717
614 639 7 8 -2.9317002296447754
544 624 8 8 -3.0204503536224365
604 656 7 8 -3.0225071907043457
261 268 8 8 -3.0465009212493896
541 615 7 9 -3.0736119747161865
313 571 7 8 -3.110675573348999
665 635 7 8 -3.146392583847046
284 552 7 8 -3.1525275707244873
337 564 7 8 -3.1739423274993896
576 604 7 8 -3.1888039112091064
312 500 7 8 -3.189788341522217
536 626 8 8 -3.1922600269317627
613 648 7 8 -3.2044286727905273
481 539 229 239 -3.2086198329925537
796 259 8 9 -3.215266704559326
351 636 8 9 -3.225341320037842
240 542 193 266 -3.225573778152466
496 629 7 9 -3.268869400024414
413 625 6 8 -3.271117925643921
465 628 7 8 -3.278669595718384
577 651 7 8 -3.2857513427734375
797 252 8 9 -3.293304443359375
355 533 205 268 -3.2979416847229004
299 653 65 60 -3.300442695617676
601 599 7 8 -3.3013837337493896
617 589 7 7 -3.31571364402771
559 640 51 70 -3.3192949295043945
617 571 7 8 -3.3201112747192383
846 -16 370 525 -3.336791753768921
933 163 187 176 -3.3575856685638428
592 271 15 17 -3.363194227218628
561 596 7 8 -3.3668997287750244
557 644 7 9 -3.3712358474731445
11 646 54 69 -3.380079746246338
569 595 7 8 -3.3801608085632324
430 651 65 69 -3.3874340057373047
472 575 13 15 -3.3905248641967773
585 269 8 9 -3.4135854244232178
897 404 8 8 -3.4168591499328613
1011 299 14 20 -3.4186010360717773
264 625 85 105 -3.420474052429199
337 528 6 8 -3.4240353107452393
762 569 7 8 -3.425689458847046
160 224 16 16 -3.427305221557617
149 266 19 24 -3.429020881652832
577 567 13 16 -3.433396339416504
961 607 7 9 -3.4344048500061035
823 645 78 80 -3.4348230361938477
491 595 7 8 -3.434950590133667
343 264 18 28 -3.438810348510742
932 213 13 17 -3.438939332962036
673 640 7 9 -3.438957929611206
158 240 18 16 -3.4447031021118164
525 354 34 47 -3.444952964782715
657 322 24 29 -3.4501209259033203
336 651 49 77 -3.450835943222046
364 577 7 8 -3.4559383392333984
627 225 26 32 -3.460721969604492
597 575 8 9 -3.4620518684387207
599 654 52 68 -3.4648313522338867
553 632 7 8 -3.4654042720794678
578 605 105 120 -3.4668328762054443
136 385 401 509 -3.4679198265075684
377 646 52 80 -3.470700979232788
501 236 105 132 -3.4747235774993896
