0_Parade_Parade_0_210.jpg
123
552 157 80 126 5.725322723388672
675 110 150 201 3.5000059604644775
508 123 87 155 2.4591588973999023
154 89 113 177 1.3083186149597168
20 108 108 153 1.2026538848876953
749 174 117 219 -0.25111228227615356
192 173 93 119 -0.4264681935310364
130 152 178 215 -0.8598569631576538
190 62 181 222 -1.353104829788208
526 209 76 98 -1.9621440172195435
722 231 92 119 -2.4415504932403564
149 219 7 9 -2.62096905708313
904 234 84 89 -2.7336132526397705
475 106 54 79 -2.8427088260650635
793 132 16 19 -2.8473000526428223
684 36 91 117 -3.023134708404541
62 170 107 133 -3.106696844100952
625 144 7 8 -3.1175432205200195
499 196 16 21 -3.1177916526794434
800 399 53 70 -3.1243813037872314
559 111 17 19 -3.132817506790161
833 10 34 39 -3.1443729400634766
257 65 55 64 -3.1633408069610596
556 275 45 65 -3.1751413345336914
218 108 93 121 -3.1788206100463867
143 197 98 117 -3.196298122406006
816 142 8 10 -3.206627130508423
580 640 46 80 -3.211848735809326
237 621 91 91 -3.219353199005127
678 632 55 95 -3.220057725906372
321 627 88 99 -3.22976016998291
648 164 8 10 -3.238793134689331
936 644 70 91 -3.243623733520508
614 551 180 272 -3.252866268157959
844 536 195 249 -3.256523609161377
868 88 54 60 -3.2569797039031982
631 136 14 16 -3.262716770172119
641 158 14 18 -3.271451234817505
798 178 10 12 -3.2747597694396973
870 256 87 97 -3.287865161895752
605 631 60 71 -3.294868230819702
838 148 20 32 -3.297586441040039
1007 12 33 44 -3.300746440887451
1003 117 32 28 -3.304095983505249
846 141 18 25 -3.308164596557617
709 582 229 253 -3.3103885650634766
107 565 191 256 -3.311408042907715
649 136 30 30 -3.317347764968872
875 179 94 118 -3.321711540222168
638 125 56 61 -3.331235408782959
235 548 211 213 -3.3362457752227783
815 161 11 15 -3.343189001083374
458 62 10 12 -3.351179599761963
360 465 95 164 -3.3517088890075684
-74 546 217 247 -3.3609087467193604
510 559 181 223 -3.364515781402588
848 199 8 10 -3.3786087036132812
135 122 11 13 -3.3796467781066895
826 655 64 77 -3.381901741027832
299 560 20 25 -3.384021043777466
145 227 8 9 -3.385528564453125
160 231 7 10 -3.387331485748291
167 636 82 94 -3.3877103328704834
485 639 51 80 -3.402721405029297
770 57 13 17 -3.4042084217071533
545 29 45 45 -3.4048118591308594
828 224 8 9 -3.4063057899475098
603 -63 180 374 -3.4070167541503906
812 12 8 9 -3.407114267349243
184 362 107 112 -3.4118025302886963
949 189 82 167 -3.411954879760742
208 80 16 20 -3.412064790725708
172 253 39 44 -3.4139223098754883
346 14 47 60 -3.4165713787078857
755 197 29 31 -3.419320583343506
609 193 14 20 -3.4194862842559814
993 89 51 74 -3.4195897579193115
711 101 28 38 -3.4209866523742676
414 207 31 30 -3.421675682067871
843 14 15 20 -3.4244139194488525
120 35 38 52 -3.4265191555023193
812 98 106 123 -3.4277191162109375
104 19 95 111 -3.4305062294006348
896 632 77 93 -3.4323861598968506
707 81 90 120 -3.4324545860290527
434 239 777 930 -3.433647632598877
634 250 71 97 -3.4350240230560303
840 131 8 9 -3.436122417449951
318 232 29 33 -3.439434051513672
759 415 15 19 -3.4396896362304688
880 160 7 8 -3.4404497146606445
719 640 48 87 -3.4411978721618652
831 212 10 15 -3.4418113231658936
278 653 38 58 -3.442441463470459
656 134 15 18 -3.4440057277679443
696 116 44 48 -3.448091745376587
787 226 51 73 -3.449857473373413
624 639 85 83 -3.450014591217041
785 138 20 23 -3.450930595397949
658 43 55 71 -3.4518887996673584
702 230 19 20 -3.452090263366699
424 81 79 121 -3.4543755054473877
780 198 24 31 -3.4576797485351562
307 526 44 62 -3.4580516815185547
654 219 36 54 -3.458219051361084
702 78 47 50 -3.4587149620056152
963 83 14 18 -3.4589765071868896
442 73 402 455 -3.4608473777770996
751 78 32 40 -3.461275339126587
311 369 20 20 -3.4614810943603516
977 294 28 33 -3.4659321308135986
188 426 42 60 -3.4663796424865723
124 116 30 41 -3.467451810836792
345 12 88 184 -3.4685802459716797
285 220 10 13 -3.4691250324249268
727 616 10 14 -3.469510793685913
99 159 28 31 -3.4699292182922363
226 229 88 99 -3.472546339035034
105 0 19 22 -3.473151445388794
628 231 53 66 -3.473525285720825
247 248 40 49 -3.4741146564483643
596 167 103 129 -3.474897861480713
615 134 48 55 -3.475050449371338
