0_Parade_marchingband_1_240.jpg
37
899 19 35 45 -1.2543518543243408
736 4 28 40 -2.585533618927002
119 430 97 118 -2.6546571254730225
909 40 22 37 -2.9180078506469727
917 17 32 57 -2.9441146850585938
399 323 15 14 -3.150888681411743
150 485 98 102 -3.153578281402588
598 120 150 194 -3.211066484451294
239 169 42 44 -3.2874438762664795
25 55 131 150 -3.290231227874756
978 316 9 9 -3.3111772537231445
431 14 37 44 -3.343714714050293
545 351 29 30 -3.3654274940490723
5 24 46 49 -3.3680334091186523
510 81 167 202 -3.404797315597534
318 185 98 111 -3.40855073928833
180 161 15 17 -3.40998911857605
723 17 33 38 -3.4241726398468018
195 501 8 8 -3.4324917793273926
577 327 23 28 -3.441129446029663
87 366 90 122 -3.4428257942199707
994 74 52 85 -3.443600654602051
1004 7 30 30 -3.447592258453369
857 3 91 129 -3.4484925270080566
1002 105 29 26 -3.449629306793213
441 641 29 35 -3.450434684753418
881 288 15 17 -3.4575722217559814
455 110 100 135 -3.461911678314209
832 158 175 237 -3.4636497497558594
681 524 7 8 -3.4639382362365723
601 369 54 73 -3.4644253253936768
287 299 18 23 -3.468005418777466
554 192 99 150 -3.4721789360046387
1015 520 15 28 -3.473267078399658
339 437 105 131 -3.4740099906921387
451 16 23 32 -3.4743247032165527
1010 380 21 26 -3.4759788513183594
