0_Parade_marchingband_1_383.jpg
49
894 263 15 17 -2.553821086883545
720 547 7 8 -2.8599681854248047
344 590 205 199 -3.0480077266693115
980 153 7 8 -3.1083033084869385
892 436 8 8 -3.1196577548980713
741 551 7 8 -3.12668776512146
454 16 17 18 -3.1361851692199707
207 212 8 9 -3.150773048400879
458 320 14 15 -3.1848669052124023
978 152 7 8 -3.1926238536834717
716 547 8 9 -3.219778060913086
152 600 8 8 -3.245619058609009
838 644 50 86 -3.2683591842651367
415 649 50 83 -3.2726669311523438
618 636 53 94 -3.2745814323425293
698 653 58 67 -3.2779836654663086
670 646 52 69 -3.278567314147949
201 166 7 9 -3.288640022277832
992 155 7 9 -3.2944765090942383
716 533 211 332 -3.3065602779388428
561 195 28 34 -3.316204309463501
434 202 29 28 -3.343374490737915
869 638 54 64 -3.347187042236328
609 174 14 18 -3.3704638481140137
692 552 7 8 -3.3721513748168945
614 568 218 224 -3.373457431793213
960 218 14 18 -3.3803560733795166
473 321 13 15 -3.3841874599456787
146 596 13 18 -3.39037823677063
587 649 49 82 -3.394007444381714
888 175 27 36 -3.407932758331299
953 33 14 16 -3.40869402885437
319 326 803 854 -3.416536331176758
227 166 45 58 -3.42675518989563
737 198 15 19 -3.427750587463379
862 616 10 13 -3.4299769401550293
666 87 42 50 -3.433187246322632
491 211 29 29 -3.4373669624328613
742 647 60 58 -3.4472289085388184
873 265 14 15 -3.4477591514587402
831 284 7 8 -3.4510951042175293
210 471 13 15 -3.451594591140747
891 42 28 33 -3.451874017715454
520 587 8 9 -3.459198474884033
986 392 25 30 -3.4621448516845703
955 412 24 29 -3.462763547897339
399 643 44 65 -3.464170455932617
744 553 7 7 -3.4726057052612305
801 341 7 8 -3.4732298851013184
