0_Parade_Parade_0_646.jpg
60
704 499 7 9 -1.5089852809906006
163 416 10 9 -2.2045979499816895
355 348 10 10 -2.22416353225708
168 415 8 10 -2.668550968170166
524 424 7 10 -2.904214859008789
292 396 8 10 -3.010953187942505
528 423 14 18 -3.023293972015381
577 369 14 16 -3.1314754486083984
216 280 15 15 -3.1383883953094482
38 650 51 64 -3.2103774547576904
868 631 116 126 -3.2145097255706787
817 393 8 9 -3.2386608123779297
181 429 7 8 -3.241307258605957
669 420 7 8 -3.2421352863311768
985 504 15 16 -3.2469723224639893
514 415 25 29 -3.2770447731018066
497 396 7 8 -3.281848907470703
673 249 14 15 -3.299436569213867
775 427 320 453 -3.3116865158081055
357 601 8 9 -3.3120665550231934
273 655 49 69 -3.3165926933288574
919 561 47 80 -3.326911449432373
683 456 9 11 -3.339792251586914
822 672 55 61 -3.3422598838806152
256 560 15 16 -3.358020782470703
380 392 7 9 -3.3710665702819824
711 433 19 20 -3.37563419342041
416 367 14 16 -3.3761773109436035
803 671 46 79 -3.385613203048706
180 538 197 255 -3.3953657150268555
943 537 15 16 -3.395702362060547
581 371 8 9 -3.3978638648986816
209 646 53 70 -3.398329019546509
618 351 35 49 -3.4091296195983887
866 657 58 67 -3.4201669692993164
55 667 62 64 -3.422262668609619
546 649 128 116 -3.4303395748138428
228 640 90 110 -3.4305622577667236
248 443 8 9 -3.432102680206299
998 496 45 63 -3.433137893676758
679 369 16 15 -3.433537483215332
296 426 101 127 -3.437790870666504
264 544 14 16 -3.4441564083099365
-35 577 173 221 -3.444894552230835
776 312 15 15 -3.4482970237731934
759 557 47 69 -3.4511044025421143
887 525 26 28 -3.4531912803649902
771 376 13 16 -3.453202724456787
264 615 38 49 -3.4533634185791016
760 304 53 74 -3.4534482955932617
765 648 66 96 -3.4560546875
687 597 99 156 -3.461472988128662
993 113 54 75 -3.463179588317871
740 587 138 203 -3.4639155864715576
439 280 14 15 -3.46533465385437
947 415 48 63 -3.4675168991088867
622 306 35 42 -3.473179340362549
5 582 21 28 -3.473304033279419
942 640 54 77 -3.473524332046509
521 447 14 16 -3.474485158920288
