0_Parade_marchingband_1_144.jpg
52
892 233 177 245 -3.166783571243286
464 296 178 222 -3.196373701095581
734 298 195 208 -3.208085536956787
9 398 26 29 -3.2134013175964355
658 396 30 29 -3.2227938175201416
860 367 48 71 -3.230278730392456
18 346 123 126 -3.2332684993743896
734 394 29 36 -3.244507312774658
473 395 30 30 -3.253520965576172
425 399 38 31 -3.253943920135498
805 376 55 60 -3.257843494415283
879 394 27 37 -3.266164779663086
467 373 55 60 -3.27217173576355
578 400 30 31 -3.2744832038879395
219 82 422 515 -3.308358669281006
350 393 34 31 -3.310882329940796
499 374 54 82 -3.3111345767974854
109 395 32 31 -3.3152201175689697
-30 353 97 108 -3.3240809440612793
-91 97 386 510 -3.3315589427948
327 192 56 68 -3.337552547454834
290 289 207 220 -3.339163064956665
946 376 59 64 -3.3413853645324707
454 400 34 30 -3.3484647274017334
494 395 31 32 -3.356417655944824
524 394 25 43 -3.3618569374084473
24 400 29 31 -3.36325740814209
601 401 21 27 -3.3681397438049316
992 402 17 22 -3.375821590423584
686 344 104 132 -3.3799781799316406
417 395 26 45 -3.381788969039917
772 50 34 49 -3.387701988220215
213 284 162 206 -3.38916277885437
626 349 96 110 -3.397324562072754
841 361 100 111 -3.4006965160369873
297 349 96 128 -3.4040770530700684
241 381 45 76 -3.4040865898132324
581 228 26 41 -3.4094884395599365
198 386 47 77 -3.4168496131896973
783 372 49 75 -3.417790651321411
648 395 23 35 -3.42154598236084
391 395 31 28 -3.4309239387512207
284 374 52 78 -3.4410176277160645
432 345 107 112 -3.4495344161987305
692 378 52 70 -3.454948902130127
779 398 28 27 -3.456972122192383
692 80 112 136 -3.4609627723693848
884 152 52 62 -3.4693405628204346
1007 348 31 33 -3.469355344772339
927 334 100 125 -3.470142364501953
753 394 31 31 -3.4707155227661133
875 150 96 121 -3.47194766998291
