0_Parade_Parade_0_240.jpg
22
387 294 9 10 -1.3208427429199219
327 480 16 16 -3.085853338241577
914 312 13 15 -3.0952212810516357
906 313 14 16 -3.1240735054016113
240 393 16 16 -3.1312780380249023
424 292 8 9 -3.1422417163848877
161 424 7 8 -3.2564966678619385
353 301 14 17 -3.272531509399414
1009 527 28 36 -3.387239933013916
447 321 8 9 -3.3988263607025146
287 456 15 15 -3.407604455947876
914 323 7 9 -3.4147586822509766
378 477 43 68 -3.4239354133605957
333 479 21 24 -3.4328036308288574
193 488 14 16 -3.438577651977539
310 443 41 61 -3.443537712097168
268 452 26 34 -3.458972215652466
754 69 44 48 -3.4599971771240234
405 467 24 27 -3.4617252349853516
502 115 17 22 -3.4622106552124023
779 79 23 28 -3.4703116416931152
876 260 55 63 -3.473698616027832
