0_Parade_Parade_0_513.jpg
105
804 378 8 11 -2.3136191368103027
558 253 29 33 -2.364323616027832
529 312 8 9 -2.528503656387329
211 200 14 17 -2.7361419200897217
648 389 8 9 -2.8937859535217285
576 403 8 9 -2.9764156341552734
528 316 8 9 -3.0027804374694824
273 303 433 515 -3.007779836654663
567 373 10 13 -3.075772523880005
897 301 27 32 -3.1160266399383545
681 589 104 108 -3.116380214691162
875 556 93 157 -3.1225180625915527
513 429 15 20 -3.1771161556243896
200 622 28 30 -3.1811952590942383
128 41 8 9 -3.200942277908325
100 502 188 244 -3.206289529800415
-186 56 782 926 -3.206735134124756
912 306 19 22 -3.2194411754608154
713 615 24 43 -3.2542099952697754
302 602 49 59 -3.2565665245056152
261 603 46 54 -3.258934497833252
221 272 7 9 -3.2634503841400146
568 455 8 9 -3.272735595703125
840 149 11 14 -3.2771921157836914
458 66 795 867 -3.2806289196014404
-41 541 204 232 -3.2826085090637207
487 455 9 10 -3.2873382568359375
806 571 99 136 -3.2873780727386475
768 615 27 33 -3.297370433807373
586 620 31 29 -3.2998456954956055
832 620 30 31 -3.30106258392334
776 341 9 9 -3.3015928268432617
608 276 7 8 -3.3101232051849365
620 497 8 8 -3.3127973079681396
209 603 48 62 -3.326599359512329
555 566 101 119 -3.3274834156036377
993 302 41 71 -3.3283908367156982
953 310 28 28 -3.3306827545166016
824 42 15 18 -3.3449885845184326
412 562 103 119 -3.3470540046691895
1010 452 19 33 -3.34920597076416
852 620 32 29 -3.350051164627075
639 559 94 152 -3.3558385372161865
796 603 51 78 -3.3586456775665283
572 448 7 9 -3.3593032360076904
939 57 13 16 -3.3593482971191406
559 424 19 22 -3.3608932495117188
945 319 27 31 -3.363933563232422
151 621 26 31 -3.365070343017578
733 374 421 445 -3.365769624710083
960 404 7 9 -3.36702036857605
185 621 28 31 -3.3705272674560547
963 326 12 14 -3.3707847595214844
159 444 279 343 -3.3719229698181152
993 452 49 62 -3.3745901584625244
855 363 9 10 -3.377943515777588
796 184 191 239 -3.3835315704345703
905 294 8 10 -3.384713649749756
430 94 31 33 -3.385401487350464
501 381 415 440 -3.3869106769561768
11 617 29 32 -3.389496088027954
349 495 195 255 -3.3923964500427246
180 604 47 60 -3.3929202556610107
19 604 60 61 -3.3991904258728027
371 429 8 8 -3.4052953720092773
270 625 25 27 -3.40657114982605
910 288 22 26 -3.409684181213379
338 598 51 65 -3.4097046852111816
478 335 12 17 -3.413175344467163
542 622 33 32 -3.41621732711792
421 125 77 103 -3.417060136795044
809 444 53 70 -3.417107582092285
535 438 17 21 -3.4179670810699463
25 583 99 107 -3.4189372062683105
885 620 30 31 -3.420647621154785
722 463 220 235 -3.4209165573120117
33 373 22 30 -3.4234421253204346
206 203 41 46 -3.4300544261932373
248 266 17 26 -3.4314072132110596
1013 484 17 22 -3.4354193210601807
524 311 14 19 -3.437514305114746
120 622 22 26 -3.4388608932495117
906 467 26 31 -3.439833164215088
27 627 16 25 -3.443397045135498
467 116 14 19 -3.447101593017578
463 423 7 10 -3.450801372528076
738 624 29 31 -3.4510865211486816
548 441 16 14 -3.452381134033203
757 616 24 35 -3.4578089714050293
536 409 24 29 -3.4578795433044434
832 347 52 69 -3.4591522216796875
746 340 24 31 -3.4613125324249268
1010 161 17 25 -3.4613170623779297
818 475 21 32 -3.4624319076538086
897 271 26 27 -3.4644935131073
571 605 38 55 -3.4647059440612793
727 620 24 38 -3.4654178619384766
912 621 30 31 -3.466374397277832
846 115 17 23 -3.4684107303619385
441 617 25 32 -3.470578193664551
506 581 97 109 -3.4712462425231934
166 627 23 24 -3.4733376502990723
223 628 16 26 -3.474796772003174
930 599 46 87 -3.4750890731811523
549 498 204 233 -3.475555181503296
