0_Parade_marchingband_1_257.jpg
210
216 356 28 28 -0.23802733421325684
136 763 8 9 -0.8437473177909851
566 824 7 9 -1.0227147340774536
109 751 8 9 -1.2215827703475952
321 826 16 14 -1.3452919721603394
209 364 28 36 -1.4311211109161377
231 217 8 8 -1.6616928577423096
308 631 9 10 -1.7482573986053467
710 818 8 9 -1.7638165950775146
513 420 7 9 -1.8338462114334106
297 820 8 10 -1.8996858596801758
167 770 9 10 -1.996315360069275
219 338 31 34 -2.0222723484039307
296 824 15 18 -2.0404818058013916
132 763 8 9 -2.144763946533203
112 764 8 10 -2.1502633094787598
316 615 7 9 -2.1560449600219727
609 397 28 30 -2.198668956756592
204 766 9 10 -2.256009578704834
204 774 9 9 -2.264930009841919
180 772 9 10 -2.323823928833008
737 844 7 9 -2.433382034301758
101 787 7 10 -2.4691619873046875
320 824 9 10 -2.5045361518859863
725 721 15 16 -2.5699546337127686
152 768 7 9 -2.5902771949768066
516 420 7 8 -2.60789155960083
787 44 8 9 -2.6875150203704834
272 847 8 9 -2.6951096057891846
144 763 7 10 -2.706543445587158
137 621 7 9 -2.7334413528442383
210 213 7 8 -2.7371673583984375
852 724 7 8 -2.7451882362365723
268 623 8 8 -2.77089524269104
902 524 11 15 -2.807631254196167
399 408 17 19 -2.807866096496582
208 775 9 10 -2.8407931327819824
528 831 7 9 -2.854182720184326
713 800 8 8 -2.875502824783325
616 591 15 19 -2.8797333240509033
912 500 8 9 -2.8969967365264893
656 718 16 17 -2.9037275314331055
169 761 8 8 -2.9246232509613037
753 472 14 16 -2.926898717880249
165 768 8 8 -2.930558204650879
760 61 7 8 -2.970430612564087
370 399 11 12 -2.9765872955322266
105 752 8 9 -2.979149103164673
140 766 8 11 -2.9917869567871094
856 555 8 10 -3.0032036304473877
144 768 8 9 -3.005432605743408
132 788 8 9 -3.014308214187622
97 787 8 10 -3.025409460067749
796 723 7 10 -3.028748035430908
680 720 13 16 -3.045166492462158
524 830 8 10 -3.0552968978881836
577 640 7 8 -3.0622401237487793
696 823 7 9 -3.062593936920166
368 816 8 9 -3.0648393630981445
237 209 7 7 -3.065959930419922
876 769 7 9 -3.0667552947998047
164 852 8 8 -3.074141502380371
868 487 8 9 -3.093997001647949
96 796 7 9 -3.096123218536377
100 763 7 9 -3.1086270809173584
633 574 14 15 -3.1123881340026855
384 732 7 8 -3.1139235496520996
923 865 39 44 -3.1146130561828613
761 743 8 10 -3.1193645000457764
816 723 8 9 -3.1221582889556885
239 213 7 8 -3.1226561069488525
112 862 26 40 -3.136664867401123
293 843 8 9 -3.1386337280273438
351 381 30 29 -3.139693021774292
886 615 7 10 -3.1404733657836914
889 385 15 15 -3.145658254623413
892 815 89 117 -3.1515655517578125
151 772 8 9 -3.154052972793579
344 771 9 10 -3.154087543487549
100 799 7 9 -3.1570212841033936
168 765 8 9 -3.160092830657959
66 799 91 171 -3.1652731895446777
147 864 25 41 -3.1711745262145996
364 402 10 10 -3.1733734607696533
911 788 10 13 -3.1739258766174316
200 775 8 9 -3.174213409423828
886 806 10 10 -3.177386999130249
759 557 13 16 -3.1791465282440186
407 404 12 16 -3.179316282272339
172 623 8 10 -3.1817736625671387
853 792 7 8 -3.1864686012268066
875 679 9 9 -3.193903684616089
735 823 11 14 -3.1991448402404785
312 596 8 8 -3.2000961303710938
868 790 7 9 -3.2077877521514893
757 567 8 9 -3.2137155532836914
120 760 7 9 -3.226223945617676
950 524 128 201 -3.232034206390381
929 870 21 24 -3.2414050102233887
687 5 16 17 -3.2496776580810547
108 672 7 8 -3.2544984817504883
603 559 14 18 -3.2568359375
528 864 8 9 -3.257835865020752
438 286 15 17 -3.2658069133758545
173 612 7 8 -3.267637014389038
632 385 8 9 -3.2750532627105713
170 784 10 16 -3.2771971225738525
-121 651 395 423 -3.2800183296203613
905 580 7 9 -3.282521963119507
732 68 8 9 -3.282622814178467
168 716 7 9 -3.2867531776428223
863 612 8 10 -3.287445545196533
480 88 7 9 -3.288747787475586
112 685 8 10 -3.2964365482330322
608 835 7 9 -3.302251100540161
865 739 10 13 -3.304871082305908
976 871 29 34 -3.3089261054992676
356 819 7 9 -3.3147060871124268
158 865 28 32 -3.315985679626465
827 870 34 33 -3.319416046142578
244 623 8 9 -3.3210601806640625
452 68 7 9 -3.3215153217315674
140 799 9 10 -3.321634292602539
339 659 14 17 -3.322287082672119
685 850 7 9 -3.3245186805725098
127 856 36 57 -3.331468105316162
569 158 14 17 -3.3335020542144775
608 720 13 15 -3.3365142345428467
230 361 23 33 -3.337317943572998
494 529 14 15 -3.3381831645965576
132 871 23 27 -3.344064950942993
257 619 8 9 -3.348043918609619
226 638 491 569 -3.3498282432556152
708 355 29 29 -3.351957082748413
114 872 16 20 -3.3536009788513184
232 208 7 8 -3.35537052154541
137 488 49 69 -3.3582262992858887
876 375 7 9 -3.359581232070923
500 511 8 9 -3.3606977462768555
493 485 8 9 -3.365386486053467
109 771 7 9 -3.3675036430358887
879 791 7 9 -3.369871139526367
488 61 6 8 -3.3703525066375732
675 723 8 10 -3.3714962005615234
116 788 7 8 -3.379143476486206
411 145 13 17 -3.380563735961914
339 628 7 10 -3.3868398666381836
333 620 7 9 -3.3907928466796875
283 775 53 74 -3.390913724899292
165 629 7 8 -3.3947930335998535
382 848 24 26 -3.3958792686462402
375 868 30 34 -3.398705005645752
1004 273 29 33 -3.3994321823120117
767 6 15 19 -3.4015119075775146
696 599 9 8 -3.4031105041503906
847 777 8 8 -3.4065725803375244
1007 197 28 38 -3.407407283782959
349 380 13 17 -3.4083950519561768
239 627 7 9 -3.4084463119506836
63 733 214 210 -3.409130573272705
244 704 14 17 -3.4103260040283203
96 759 8 9 -3.413140058517456
729 839 7 9 -3.4131429195404053
105 692 7 8 -3.4135031700134277
269 215 21 29 -3.4139902591705322
713 118 106 133 -3.415269374847412
893 597 183 261 -3.4165146350860596
185 189 8 8 -3.419647693634033
833 810 97 150 -3.420337200164795
385 833 96 92 -3.4206244945526123
270 371 30 31 -3.423290252685547
613 417 18 14 -3.4252126216888428
897 772 8 8 -3.427884817123413
360 564 50 77 -3.4279651641845703
197 775 8 10 -3.428312301635742
864 539 7 9 -3.4342234134674072
1011 362 17 23 -3.4344558715820312
765 489 26 32 -3.4348812103271484
847 543 8 8 -3.4352800846099854
363 363 20 31 -3.4355671405792236
732 745 7 9 -3.4374728202819824
339 776 193 205 -3.437899112701416
201 764 9 9 -3.4392213821411133
100 753 7 8 -3.4407920837402344
563 609 45 59 -3.441843032836914
928 617 8 9 -3.442011594772339
701 672 21 27 -3.4424540996551514
860 693 50 79 -3.4484477043151855
120 583 15 19 -3.4487314224243164
669 744 7 8 -3.449073076248169
6 805 102 168 -3.452493906021118
129 764 6 9 -3.4527530670166016
513 693 53 78 -3.4542760848999023
99 831 45 83 -3.4565865993499756
553 73 14 16 -3.456597089767456
890 421 29 30 -3.457207679748535
692 723 8 9 -3.4590401649475098
236 627 7 9 -3.4599452018737793
821 601 102 143 -3.4600841999053955
153 876 16 19 -3.4613876342773438
278 380 15 19 -3.4628636837005615
142 390 100 134 -3.4637699127197266
582 870 31 35 -3.4655368328094482
64 768 13 16 -3.4671013355255127
337 621 7 9 -3.4691412448883057
648 598 21 34 -3.4695987701416016
696 587 8 9 -3.4701812267303467
141 761 8 9 -3.471724033355713
659 760 9 8 -3.4722633361816406
116 760 8 9 -3.473783016204834
