0_Parade_marchingband_1_414.jpg
96
579 410 12 15 -2.904054641723633
805 701 54 68 -3.1276633739471436
848 499 25 36 -3.1327524185180664
193 606 202 240 -3.1359384059906006
1016 219 15 24 -3.1766412258148193
715 748 17 29 -3.202392339706421
987 200 12 15 -3.2112481594085693
967 591 18 17 -3.2180662155151367
915 416 26 31 -3.219289779663086
492 748 34 30 -3.228820323944092
-12 544 321 411 -3.2294561862945557
512 701 104 123 -3.230661630630493
406 475 407 508 -3.2394826412200928
1012 254 17 25 -3.2533578872680664
593 746 29 34 -3.258901834487915
557 750 31 31 -3.2610080242156982
706 749 17 25 -3.2653417587280273
476 747 32 33 -3.291288137435913
355 692 120 113 -3.2950973510742188
868 733 62 57 -3.3007314205169678
931 732 65 68 -3.3021607398986816
825 624 215 219 -3.3057100772857666
940 586 17 21 -3.306936264038086
-16 612 173 234 -3.3143367767333984
742 704 121 109 -3.3163084983825684
897 353 15 16 -3.3165132999420166
917 377 7 8 -3.3193445205688477
953 375 7 9 -3.329982280731201
878 391 14 16 -3.3331871032714844
519 751 18 22 -3.3417880535125732
999 182 30 49 -3.3522491455078125
929 415 25 31 -3.354518413543701
698 734 48 53 -3.357306718826294
24 264 7 9 -3.3592498302459717
250 734 61 65 -3.3621826171875
468 152 7 9 -3.365041732788086
428 702 108 135 -3.3658063411712646
818 748 34 32 -3.3749194145202637
154 748 27 38 -3.375308036804199
649 720 50 69 -3.379084825515747
481 554 85 116 -3.3818912506103516
952 529 16 14 -3.3838794231414795
612 677 112 130 -3.386171340942383
96 743 25 44 -3.3908839225769043
575 700 98 152 -3.394209384918213
903 53 12 17 -3.3966078758239746
687 601 231 262 -3.3974034786224365
613 723 53 59 -3.3986334800720215
1 379 38 26 -3.4070305824279785
880 480 15 18 -3.4084272384643555
1011 441 15 31 -3.4130191802978516
905 740 43 48 -3.4130430221557617
891 364 20 28 -3.4134395122528076
798 474 17 24 -3.417632579803467
58 697 111 116 -3.4190173149108887
924 511 49 67 -3.4208433628082275
897 438 101 141 -3.422055721282959
512 429 30 30 -3.4221670627593994
933 583 14 17 -3.422428846359253
481 415 13 17 -3.426510810852051
973 184 29 32 -3.4289703369140625
748 727 54 58 -3.4291234016418457
138 1 109 128 -3.4292702674865723
783 749 31 33 -3.433072805404663
889 579 18 28 -3.4343528747558594
999 654 24 37 -3.434603691101074
830 729 47 75 -3.440776824951172
22 385 11 16 -3.4426167011260986
225 740 46 50 -3.4433610439300537
949 23 11 13 -3.446782112121582
386 660 217 233 -3.448132038116455
734 85 47 55 -3.4536051750183105
845 520 37 50 -3.4541399478912354
492 409 20 28 -3.4569339752197266
794 455 20 35 -3.458446741104126
956 44 7 9 -3.460314989089966
1012 123 17 25 -3.4611401557922363
892 78 24 27 -3.4613733291625977
905 384 19 24 -3.461585521697998
490 172 26 24 -3.4626588821411133
510 489 151 232 -3.4629225730895996
986 248 11 15 -3.464799165725708
891 437 41 56 -3.4654834270477295
326 291 31 45 -3.466693878173828
837 666 94 144 -3.466911792755127
517 747 34 38 -3.467000722885132
116 751 29 33 -3.4683921337127686
729 754 29 35 -3.4684128761291504
834 9 24 31 -3.471452236175537
826 673 20 33 -3.4717020988464355
168 627 21 31 -3.4717462062835693
920 387 32 29 -3.4727249145507812
334 440 189 203 -3.4731545448303223
196 515 21 25 -3.473989486694336
558 728 48 81 -3.475597620010376
477 426 102 117 -3.4760959148406982
