0_Parade_Parade_0_684.jpg
139
433 372 177 194 3.3464155197143555
414 455 160 210 0.9371868371963501
451 441 87 114 0.25337010622024536
889 275 8 8 -1.9937610626220703
673 122 202 287 -2.2579963207244873
493 425 178 247 -2.881446599960327
-4 145 364 505 -2.8846020698547363
621 145 395 437 -3.041421413421631
478 280 170 213 -3.078916549682617
783 459 189 230 -3.09515380859375
161 1346 28 42 -3.1195740699768066
239 1288 94 132 -3.1241872310638428
558 1292 99 156 -3.1847946643829346
610 683 7 9 -3.1894376277923584
298 1284 88 135 -3.1898694038391113
953 300 7 8 -3.193099021911621
116 1289 85 127 -3.209397077560425
558 1121 407 507 -3.2141597270965576
314 1279 179 191 -3.2250266075134277
449 744 27 38 -3.2268588542938232
1010 372 22 25 -3.2286410331726074
286 1349 34 41 -3.230034351348877
396 1335 40 52 -3.2367138862609863
338 1347 35 43 -3.245396137237549
311 1348 42 44 -3.2490105628967285
693 151 7 9 -3.2571921348571777
432 319 16 19 -3.262310028076172
1014 357 16 29 -3.264352560043335
340 916 212 285 -3.275742292404175
665 32 7 9 -3.2824020385742188
174 1345 33 44 -3.2878053188323975
1000 350 51 53 -3.2935690879821777
340 1082 429 470 -3.3078737258911133
522 419 62 73 -3.3106040954589844
204 1345 39 44 -3.3133888244628906
123 1337 33 46 -3.3148179054260254
705 1343 40 46 -3.319039821624756
218 476 203 229 -3.3234543800354004
927 1350 23 29 -3.329914093017578
410 1301 110 130 -3.33211350440979
499 1294 100 154 -3.33364200592041
894 701 89 131 -3.3355770111083984
788 1350 30 38 -3.3358354568481445
624 1337 37 57 -3.3431947231292725
579 743 52 67 -3.3434126377105713
137 920 16 21 -3.3454411029815674
625 191 78 114 -3.36225962638855
888 1288 96 167 -3.365893602371216
153 1351 19 30 -3.3705811500549316
992 370 41 46 -3.371868371963501
823 1354 18 21 -3.3756601810455322
251 1346 41 44 -3.379058837890625
683 1267 102 182 -3.379079580307007
144 907 17 15 -3.379399299621582
953 801 21 23 -3.3814334869384766
192 223 14 15 -3.3837993144989014
0 1347 44 41 -3.3889079093933105
14 767 10 12 -3.3907864093780518
172 1352 21 24 -3.3913073539733887
478 369 87 121 -3.395113468170166
110 1344 27 33 -3.3955166339874268
671 129 24 27 -3.397352457046509
11 710 20 28 -3.403771162033081
310 1352 21 24 -3.4041566848754883
1000 262 33 34 -3.4099273681640625
566 117 53 60 -3.4105992317199707
407 673 11 15 -3.4108657836914062
749 1283 102 164 -3.411123275756836
503 1312 11 16 -3.413459539413452
983 953 17 18 -3.4139389991760254
432 1344 28 41 -3.4146804809570312
377 964 94 126 -3.4151554107666016
692 209 94 132 -3.415433168411255
112 289 104 157 -3.419623613357544
87 1353 33 32 -3.4219536781311035
739 326 24 31 -3.423336982727051
467 1155 19 23 -3.425826072692871
-17 1202 201 290 -3.4258766174316406
313 160 38 56 -3.426020860671997
541 5 48 53 -3.426534652709961
382 1352 34 38 -3.426628351211548
487 1335 42 51 -3.4276351928710938
511 4 53 60 -3.4288463592529297
560 171 8 9 -3.431107759475708
384 216 100 148 -3.4318017959594727
336 694 29 36 -3.432002067565918
912 1346 25 30 -3.4321506023406982
535 86 14 17 -3.4327425956726074
941 1350 30 29 -3.43400502204895
196 862 236 250 -3.435176134109497
470 792 37 39 -3.435429334640503
801 514 8 9 -3.437546491622925
930 816 21 26 -3.438920497894287
10 1266 10 14 -3.4389710426330566
904 386 29 33 -3.4406142234802246
158 1300 89 124 -3.441344738006592
90 152 18 15 -3.4423487186431885
433 1117 113 115 -3.443392038345337
476 991 176 230 -3.444218635559082
418 751 25 34 -3.4446446895599365
606 632 24 30 -3.44533109664917
398 838 64 96 -3.4468469619750977
889 351 14 15 -3.4478414058685303
1013 651 18 26 -3.451078414916992
6 1047 18 25 -3.4514691829681396
1016 284 11 22 -3.452457904815674
87 931 27 28 -3.4526002407073975
646 28 100 104 -3.4528088569641113
1008 858 19 28 -3.452845335006714
596 688 20 23 -3.4545578956604004
605 964 31 38 -3.4554784297943115
429 818 18 28 -3.4556806087493896
10 994 30 42 -3.457339286804199
235 466 22 28 -3.4575095176696777
479 1159 17 18 -3.4577324390411377
306 148 104 140 -3.4586517810821533
929 232 19 17 -3.459434986114502
691 775 90 117 -3.459818124771118
537 1132 27 38 -3.459904909133911
180 813 114 142 -3.461510181427002
877 275 37 46 -3.465693950653076
731 393 35 35 -3.4658408164978027
699 597 44 55 -3.4658725261688232
323 748 18 22 -3.4666244983673096
814 55 192 254 -3.4673309326171875
845 594 11 13 -3.467410087585449
19 238 13 15 -3.467522382736206
865 664 48 67 -3.4692001342773438
182 216 97 115 -3.469501256942749
166 116 12 17 -3.4713211059570312
980 937 11 13 -3.471705675125122
804 1159 7 8 -3.4719841480255127
764 151 19 21 -3.472454071044922
283 1150 29 33 -3.473158597946167
818 1291 90 162 -3.4734292030334473
243 116 18 21 -3.4737374782562256
726 133 53 67 -3.4739410877227783
606 141 23 25 -3.47460675239563
162 1194 29 30 -3.475734233856201
