0_Parade_marchingband_1_85.jpg
23
28 173 8 9 -3.0279042720794678
725 755 125 152 -3.248645544052124
865 744 113 155 -3.254281759262085
199 17 95 131 -3.285533905029297
619 622 396 455 -3.286890745162964
551 750 125 158 -3.2881555557250977
981 433 7 8 -3.2945384979248047
389 749 124 156 -3.307543992996216
795 753 117 156 -3.331139087677002
303 28 98 118 -3.3400630950927734
881 363 8 9 -3.3414459228515625
302 607 415 474 -3.3443546295166016
43 659 206 307 -3.3575828075408936
441 314 97 144 -3.3639636039733887
100 10 98 141 -3.3916850090026855
122 225 106 122 -3.422311782836914
625 284 7 8 -3.4287939071655273
803 376 15 18 -3.4395358562469482
-1 30 93 102 -3.4443066120147705
357 17 96 114 -3.4484951496124268
609 92 23 30 -3.466773509979248
519 35 94 109 -3.4670679569244385
754 343 13 16 -3.473799228668213
