0_Parade_marchingband_1_184.jpg
141
451 134 117 138 5.007234573364258
395 109 99 155 1.9345916509628296
480 207 90 104 1.4807019233703613
160 467 9 10 -0.9958997964859009
656 453 19 18 -2.065124273300171
481 695 108 122 -2.1247177124023438
647 456 18 17 -2.442081928253174
863 597 9 9 -2.7013752460479736
274 1002 40 46 -2.864315986633301
148 492 10 10 -2.9138402938842773
441 132 8 9 -2.917020320892334
920 504 16 16 -2.9273107051849365
368 249 15 15 -3.0325124263763428
797 563 9 10 -3.0334341526031494
501 111 7 10 -3.0796079635620117
437 198 83 101 -3.094611883163452
717 128 13 16 -3.159501075744629
699 471 35 56 -3.1600136756896973
377 1428 206 221 -3.178898334503174
951 567 15 16 -3.1852128505706787
717 134 15 20 -3.2013978958129883
665 1328 423 407 -3.202834367752075
984 467 9 8 -3.2127556800842285
120 455 8 9 -3.213240385055542
449 322 62 52 -3.2291150093078613
747 478 13 15 -3.231163740158081
928 471 16 16 -3.2322187423706055
192 886 15 18 -3.235736131668091
1012 10 17 25 -3.2394216060638428
811 1503 107 117 -3.240363359451294
293 491 7 9 -3.259314775466919
796 1431 200 257 -3.2593891620635986
647 471 17 16 -3.261251449584961
946 479 14 15 -3.2677292823791504
844 547 7 9 -3.2736077308654785
766 407 25 30 -3.2768115997314453
656 568 15 16 -3.278855323791504
994 -16 48 74 -3.279801368713379
666 161 12 15 -3.28383207321167
139 465 9 9 -3.2930123805999756
1011 1101 16 25 -3.3043107986450195
433 59 98 137 -3.307382583618164
755 503 14 17 -3.3221001625061035
440 282 88 122 -3.3242297172546387
896 537 14 17 -3.326900005340576
754 447 13 16 -3.3369312286376953
452 136 8 9 -3.3402678966522217
654 460 23 28 -3.3406260013580322
749 570 49 76 -3.34423565864563
509 105 15 17 -3.346116542816162
333 795 11 12 -3.3520820140838623
793 559 18 16 -3.353872776031494
914 467 46 64 -3.3545470237731934
280 586 8 10 -3.3603174686431885
336 791 17 16 -3.364926338195801
108 468 8 9 -3.3680286407470703
347 840 15 16 -3.37101411819458
656 441 15 16 -3.373988628387451
794 488 14 15 -3.3744044303894043
872 461 51 74 -3.374570369720459
643 433 28 35 -3.3757123947143555
735 414 16 17 -3.376110076904297
440 136 8 9 -3.377312421798706
454 640 36 44 -3.3827126026153564
308 814 37 60 -3.3833467960357666
1013 30 18 26 -3.393143653869629
436 190 47 61 -3.394338607788086
683 355 27 30 -3.396636486053467
348 988 18 29 -3.3975157737731934
792 592 16 18 -3.3983206748962402
513 404 14 18 -3.399043083190918
313 782 31 30 -3.402937889099121
914 479 25 27 -3.404710292816162
195 295 14 16 -3.4059534072875977
936 420 15 17 -3.4060206413269043
849 672 24 29 -3.409987449645996
924 508 9 8 -3.4135029315948486
771 1480 88 161 -3.4159271717071533
450 993 25 31 -3.4192123413085938
699 1524 50 85 -3.420504570007324
545 1022 16 17 -3.42270827293396
548 198 12 20 -3.4236907958984375
697 568 8 8 -3.423830509185791
69 452 47 75 -3.4244637489318848
755 530 53 71 -3.4253640174865723
296 1191 106 157 -3.4278130531311035
746 527 26 31 -3.428091049194336
424 673 20 28 -3.428201913833618
406 1113 24 30 -3.4297173023223877
920 191 7 9 -3.4322073459625244
815 229 38 49 -3.433701753616333
734 599 18 18 -3.434969902038574
438 1337 20 28 -3.4381041526794434
646 388 15 15 -3.4397594928741455
918 554 11 13 -3.4404284954071045
599 1453 206 233 -3.4412240982055664
113 425 44 82 -3.443094491958618
400 1109 41 57 -3.4437081813812256
815 571 38 58 -3.444230318069458
707 522 111 136 -3.444432020187378
394 442 51 55 -3.445000410079956
494 387 40 47 -3.448060989379883
497 99 50 79 -3.450011730194092
461 656 18 24 -3.451361656188965
318 810 19 24 -3.451678991317749
481 342 29 26 -3.452138662338257
776 446 16 17 -3.4524245262145996
246 482 19 26 -3.452768325805664
650 447 15 16 -3.4537789821624756
440 225 23 31 -3.454162836074829
835 433 31 40 -3.454671859741211
261 465 53 69 -3.457036018371582
645 691 16 26 -3.459348678588867
442 157 23 29 -3.459871768951416
228 171 7 10 -3.4612174034118652
393 1178 45 41 -3.4614450931549072
996 1046 31 47 -3.4617197513580322
775 600 91 119 -3.462790012359619
414 339 25 27 -3.463402509689331
731 531 15 18 -3.4647843837738037
921 385 13 14 -3.464887857437134
321 770 44 53 -3.4649083614349365
901 545 59 71 -3.4652185440063477
928 551 14 15 -3.465989351272583
508 1336 101 143 -3.4670348167419434
923 393 19 24 -3.4678685665130615
383 35 63 87 -3.468062162399292
397 943 41 51 -3.46905255317688
213 832 26 32 -3.469320774078369
207 267 22 28 -3.4700605869293213
341 360 24 29 -3.470642328262329
247 147 20 24 -3.471285104751587
263 948 37 42 -3.471601963043213
463 141 54 69 -3.4719810485839844
469 107 43 58 -3.472724676132202
455 132 23 27 -3.4733922481536865
704 581 33 45 -3.4737210273742676
329 373 32 39 -3.4743361473083496
616 15 58 54 -3.474489212036133
768 601 27 28 -3.4755218029022217
356 503 73 92 -3.4756693840026855
