0_Parade_Parade_0_351.jpg
110
220 184 7 8 -2.8864686489105225
979 746 30 34 -2.936948776245117
619 748 32 29 -2.9722776412963867
165 160 7 8 -2.9792606830596924
161 444 7 8 -3.087160110473633
86 750 29 31 -3.1127946376800537
781 729 100 95 -3.129911422729492
433 752 37 42 -3.143763303756714
297 423 15 16 -3.150480270385742
509 753 23 24 -3.1680779457092285
40 449 14 14 -3.1731228828430176
830 745 24 45 -3.2131314277648926
772 726 58 58 -3.2202048301696777
753 751 21 32 -3.2236838340759277
964 743 32 27 -3.224797248840332
604 729 48 72 -3.2260918617248535
414 749 31 30 -3.2328953742980957
989 671 22 27 -3.234739303588867
464 729 47 78 -3.243849277496338
548 752 29 33 -3.250926971435547
444 643 187 233 -3.254826784133911
220 210 17 15 -3.2580814361572266
145 155 7 9 -3.2587783336639404
471 752 20 26 -3.2614476680755615
850 725 60 69 -3.2647147178649902
997 685 17 16 -3.2708022594451904
815 290 35 48 -3.273496389389038
875 747 25 35 -3.276212692260742
952 731 61 61 -3.27634334564209
503 527 14 15 -3.2806618213653564
50 709 99 113 -3.281839370727539
370 691 99 130 -3.289766311645508
578 699 108 125 -3.2921736240386963
99 744 29 32 -3.2923054695129395
989 748 38 45 -3.293210029602051
502 742 34 53 -3.2978720664978027
448 751 18 26 -3.3050031661987305
763 189 215 221 -3.3050684928894043
847 313 10 13 -3.305931329727173
64 126 13 15 -3.3073532581329346
520 544 8 9 -3.3093905448913574
998 757 19 23 -3.3123574256896973
354 746 56 63 -3.3124489784240723
951 749 32 28 -3.3162283897399902
258 113 356 448 -3.317021608352661
1006 561 29 45 -3.3179004192352295
971 755 16 22 -3.321136474609375
621 305 50 56 -3.3256115913391113
698 586 258 247 -3.334771156311035
284 748 27 32 -3.3420143127441406
522 749 35 29 -3.3465967178344727
226 732 60 63 -3.34747052192688
728 751 30 32 -3.3528568744659424
433 699 97 147 -3.361147880554199
657 747 31 36 -3.3683629035949707
882 731 56 64 -3.369903564453125
213 208 17 20 -3.370786666870117
791 752 27 30 -3.3720884323120117
386 750 31 28 -3.3723883628845215
534 510 17 18 -3.3731181621551514
744 729 53 77 -3.3790290355682373
432 254 733 900 -3.3798139095306396
808 719 55 64 -3.3918850421905518
835 344 55 70 -3.393035888671875
351 422 15 18 -3.3937671184539795
634 739 30 40 -3.3938870429992676
482 702 88 98 -3.395225763320923
395 536 14 15 -3.39589786529541
12 746 30 33 -3.396681785583496
726 686 96 155 -3.3985486030578613
93 687 122 167 -3.3999009132385254
821 751 24 23 -3.399982452392578
582 630 213 235 -3.4102041721343994
965 430 23 30 -3.410750389099121
200 288 13 14 -3.418623685836792
989 655 17 28 -3.421196460723877
443 343 14 14 -3.424679756164551
852 310 54 53 -3.425785541534424
181 747 31 35 -3.432887554168701
131 20 8 8 -3.4342987537384033
804 746 34 35 -3.43593430519104
813 363 30 37 -3.4360432624816895
382 -2 92 109 -3.436997652053833
398 741 37 50 -3.438566207885742
185 168 14 19 -3.4394335746765137
164 749 24 32 -3.4450936317443848
297 745 32 33 -3.445557117462158
847 647 170 214 -3.446967840194702
1001 671 19 22 -3.447547197341919
776 310 92 142 -3.4485721588134766
552 262 196 231 -3.4491069316864014
917 752 30 30 -3.4501285552978516
839 756 18 19 -3.4508023262023926
612 414 63 87 -3.4510412216186523
988 702 15 15 -3.451923131942749
97 317 102 128 -3.4561972618103027
751 379 17 25 -3.456329107284546
861 745 26 33 -3.456653118133545
539 506 24 27 -3.4568166732788086
141 601 215 239 -3.4577999114990234
906 353 46 76 -3.460662364959717
705 327 8 8 -3.461912155151367
508 380 89 98 -3.462175130844116
832 221 93 136 -3.4622950553894043
141 151 13 16 -3.4627227783203125
824 184 14 15 -3.464150905609131
706 724 50 74 -3.4682273864746094
74 276 29 29 -3.4690966606140137
495 755 24 26 -3.4711129665374756
540 141 14 18 -3.4751317501068115
