0_Parade_marchingband_1_301.jpg
69
557 648 8 9 -2.917508602142334
140 701 79 125 -3.0300350189208984
174 749 27 37 -3.0692129135131836
-22 703 81 130 -3.083199977874756
22 730 53 72 -3.089862585067749
15 748 26 38 -3.119131565093994
333 705 90 108 -3.1312055587768555
30 748 27 36 -3.1543123722076416
-53 632 167 262 -3.162362813949585
160 748 28 38 -3.1658167839050293
366 745 24 34 -3.1680500507354736
436 727 64 60 -3.1765921115875244
122 751 37 29 -3.1977319717407227
521 746 12 13 -3.1986708641052246
647 749 28 28 -3.20564866065979
386 725 74 69 -3.2158403396606445
345 744 41 53 -3.22361159324646
255 748 30 28 -3.242098331451416
185 599 7 9 -3.2482376098632812
444 750 25 31 -3.25541615486145
553 672 8 9 -3.259660482406616
418 750 18 25 -3.2779462337493896
335 747 28 42 -3.2893805503845215
2 538 27 29 -3.292421817779541
283 751 28 29 -3.2983405590057373
279 630 190 212 -3.299917221069336
511 748 27 27 -3.3216519355773926
376 751 33 32 -3.321682929992676
571 736 53 56 -3.330134630203247
638 731 57 61 -3.330930709838867
17 690 92 142 -3.332218885421753
176 730 52 71 -3.333787202835083
228 462 459 473 -3.3429999351501465
385 616 175 236 -3.3451647758483887
107 750 31 34 -3.356746196746826
202 752 30 34 -3.3586645126342773
52 729 58 69 -3.3636269569396973
572 748 26 29 -3.3668243885040283
621 747 27 31 -3.3740835189819336
497 744 25 45 -3.3788251876831055
723 577 215 290 -3.386444568634033
462 749 32 36 -3.3897690773010254
678 749 26 31 -3.391129493713379
23 614 64 85 -3.3960886001586914
488 728 60 57 -3.3979454040527344
536 646 8 10 -3.4133968353271484
545 734 41 47 -3.4172520637512207
545 640 7 9 -3.4183435440063477
88 453 98 147 -3.418959856033325
539 606 25 31 -3.420741081237793
370 714 51 56 -3.4220449924468994
210 734 56 65 -3.422947406768799
94 544 18 23 -3.4260106086730957
282 698 74 97 -3.4267899990081787
432 751 24 37 -3.432966470718384
239 725 54 68 -3.433755397796631
356 752 23 25 -3.4353346824645996
245 750 23 32 -3.437115430831909
439 617 16 22 -3.4396049976348877
615 624 13 17 -3.440889596939087
386 610 26 33 -3.44480299949646
534 749 12 24 -3.450437307357788
866 443 108 136 -3.4526913166046143
26 753 18 22 -3.4558072090148926
577 712 7 9 -3.459838628768921
90 746 28 35 -3.4623610973358154
188 747 25 34 -3.464459180831909
138 754 17 18 -3.467407464981079
-1 752 27 33 -3.4689550399780273
