0_Parade_Parade_0_422.jpg
95
826 497 110 165 -1.7364929914474487
833 222 27 32 -1.8365625143051147
673 257 30 34 -2.419358015060425
992 96 8 9 -2.5311994552612305
352 703 8 9 -2.759167194366455
586 263 7 8 -2.7677621841430664
95 469 9 9 -2.7826948165893555
545 238 13 16 -2.849191427230835
95 515 11 11 -2.8546090126037598
911 29 25 33 -2.930177688598633
325 585 7 9 -2.958498001098633
984 172 9 10 -3.0309314727783203
215 23 15 16 -3.0600461959838867
639 182 16 16 -3.06315279006958
733 369 7 9 -3.0969319343566895
756 123 8 9 -3.1093590259552
748 128 7 9 -3.1102030277252197
314 751 28 39 -3.11029052734375
968 359 7 9 -3.1513633728027344
131 156 8 8 -3.1627755165100098
277 703 85 116 -3.1839962005615234
224 436 450 522 -3.1900582313537598
736 248 8 8 -3.2218306064605713
999 120 8 10 -3.247797966003418
148 742 29 33 -3.2494397163391113
567 602 12 15 -3.251020908355713
819 618 207 275 -3.2592666149139404
608 251 7 9 -3.2639167308807373
596 748 50 71 -3.266116142272949
598 607 10 15 -3.271035671234131
988 123 8 11 -3.283388376235962
328 751 28 32 -3.283890724182129
578 724 50 58 -3.2885985374450684
993 231 7 10 -3.294173240661621
612 168 54 55 -3.299652576446533
535 45 15 18 -3.312239408493042
757 33 8 9 -3.3151042461395264
286 31 15 16 -3.3233871459960938
273 46 15 17 -3.324519157409668
96 511 8 10 -3.332371473312378
15 753 26 30 -3.335331439971924
69 585 303 381 -3.3360767364501953
640 10 15 17 -3.3381247520446777
-26 615 197 221 -3.3402812480926514
514 623 184 226 -3.3499374389648438
258 294 64 71 -3.360955238342285
33 500 16 18 -3.3610565662384033
560 252 7 9 -3.3623898029327393
926 723 47 63 -3.367366075515747
508 288 8 9 -3.3737220764160156
731 730 50 60 -3.3751044273376465
93 460 13 23 -3.3810534477233887
115 696 83 127 -3.38535475730896
552 239 13 15 -3.3921425342559814
638 190 15 17 -3.3942413330078125
771 728 55 60 -3.4028162956237793
576 655 7 9 -3.4081778526306152
813 205 53 61 -3.416656970977783
944 737 59 58 -3.419255495071411
40 499 8 10 -3.4227654933929443
353 746 40 44 -3.4229660034179688
208 476 7 9 -3.4252748489379883
238 371 32 28 -3.427962064743042
214 726 76 88 -3.428454875946045
760 46 25 25 -3.4321365356445312
287 343 15 17 -3.4329967498779297
633 177 31 28 -3.4340157508850098
764 504 37 30 -3.436887502670288
-9 710 89 109 -3.437849521636963
474 568 29 36 -3.4379096031188965
143 755 20 23 -3.4401025772094727
248 563 8 9 -3.444869041442871
606 241 97 158 -3.4452390670776367
520 408 8 9 -3.4457690715789795
856 302 13 18 -3.445826292037964
263 725 56 69 -3.446887254714966
393 698 103 123 -3.4482665061950684
893 718 56 59 -3.448615550994873
237 208 91 181 -3.450538158416748
535 697 92 136 -3.4546549320220947
845 484 37 51 -3.4550423622131348
392 617 8 9 -3.455960512161255
967 283 16 23 -3.458017349243164
658 496 280 402 -3.459604024887085
482 729 51 70 -3.460540294647217
95 545 8 8 -3.4624180793762207
450 502 15 20 -3.4639391899108887
294 734 40 50 -3.4652864933013916
802 218 102 134 -3.4671614170074463
345 46 114 155 -3.4675323963165283
622 213 26 25 -3.472229242324829
36 503 8 10 -3.474586009979248
971 129 18 23 -3.4750499725341797
152 285 180 256 -3.475252628326416
13 512 16 16 -3.4758200645446777
