0_Parade_Parade_0_655.jpg
141
330 208 14 16 -1.5563350915908813
304 369 8 9 -2.401110887527466
440 263 7 10 -2.4279422760009766
380 292 8 9 -2.6508243083953857
594 170 19 23 -2.8151004314422607
312 200 15 16 -2.9185361862182617
299 264 9 10 -2.9717040061950684
735 585 15 16 -3.044981002807617
377 307 7 8 -3.0498862266540527
214 166 16 18 -3.0663247108459473
744 67 9 10 -3.0888257026672363
22 435 11 12 -3.106736421585083
1003 138 31 42 -3.150097131729126
362 183 14 18 -3.1579761505126953
276 323 8 10 -3.173017740249634
271 166 14 20 -3.1777050495147705
335 224 8 10 -3.1911122798919678
807 308 8 10 -3.2025976181030273
997 416 7 8 -3.224351406097412
341 588 7 8 -3.2330496311187744
642 439 13 15 -3.245270013809204
834 439 13 16 -3.245771646499634
274 341 14 18 -3.254380226135254
660 300 8 8 -3.261720657348633
545 261 14 17 -3.2719264030456543
255 240 17 17 -3.2727808952331543
1005 114 26 43 -3.2757208347320557
235 154 53 73 -3.294262170791626
993 89 49 83 -3.3014209270477295
714 770 30 33 -3.303006410598755
95 519 8 9 -3.3040261268615723
384 292 8 10 -3.317652463912964
329 218 17 20 -3.317934036254883
29 439 8 9 -3.3236351013183594
209 523 68 72 -3.328338146209717
405 284 11 13 -3.335947036743164
964 311 69 98 -3.352814197540283
249 -17 173 254 -3.3531007766723633
105 412 7 9 -3.3538029193878174
275 168 9 10 -3.3547778129577637
403 470 409 536 -3.355294704437256
116 236 34 40 -3.3593032360076904
539 252 59 82 -3.364259719848633
369 215 15 15 -3.3679416179656982
130 546 43 53 -3.3700690269470215
279 177 10 15 -3.371548652648926
313 258 14 15 -3.37404465675354
976 107 98 100 -3.3784897327423096
470 234 108 154 -3.3795433044433594
729 356 7 9 -3.380793571472168
654 323 110 154 -3.387868642807007
574 407 47 61 -3.3885109424591064
250 237 29 38 -3.392052412033081
290 284 44 77 -3.39260196685791
382 56 44 66 -3.393669605255127
583 89 56 63 -3.396372079849243
939 722 88 121 -3.3983163833618164
262 171 38 43 -3.3992321491241455
814 180 28 30 -3.402768611907959
254 399 18 22 -3.4032998085021973
299 172 93 123 -3.4052062034606934
451 727 110 109 -3.4114248752593994
709 257 13 14 -3.412801504135132
321 115 29 34 -3.4135138988494873
435 312 50 66 -3.4140236377716064
172 405 41 61 -3.4150843620300293
504 771 29 40 -3.415144681930542
881 375 38 44 -3.415496349334717
493 236 7 9 -3.4211740493774414
580 295 18 20 -3.422322988510132
311 198 35 44 -3.423524856567383
237 292 97 135 -3.423891067504883
89 231 20 23 -3.424241542816162
270 214 19 34 -3.4250290393829346
239 160 24 30 -3.4271085262298584
2 186 22 28 -3.4276952743530273
470 81 48 68 -3.429680585861206
236 156 14 17 -3.4302473068237305
894 240 199 256 -3.4305191040039062
381 293 13 15 -3.4319562911987305
108 157 24 33 -3.435760498046875
376 776 28 39 -3.436275005340576
323 192 19 31 -3.4364378452301025
2 357 28 30 -3.4365575313568115
739 486 14 19 -3.4378790855407715
693 764 42 46 -3.439028739929199
660 729 114 95 -3.4409420490264893
750 277 18 24 -3.441244125366211
120 140 23 28 -3.44128155708313
372 295 7 9 -3.4417083263397217
585 435 28 26 -3.4421253204345703
571 285 20 25 -3.443234920501709
519 397 11 16 -3.444326400756836
1003 391 8 9 -3.444596767425537
483 171 28 39 -3.445230484008789
319 418 17 20 -3.445608615875244
942 404 37 49 -3.446455717086792
12 297 118 121 -3.4471077919006348
183 774 28 35 -3.4476609230041504
412 253 89 146 -3.4485626220703125
727 773 30 40 -3.450072765350342
120 128 94 138 -3.450662851333618
455 26 117 155 -3.4529592990875244
672 348 8 10 -3.4532179832458496
437 329 28 33 -3.454030990600586
517 302 16 18 -3.454190254211426
735 394 57 62 -3.4542078971862793
377 601 15 16 -3.454303741455078
524 330 55 63 -3.4555141925811768
664 521 53 69 -3.4555535316467285
397 725 99 146 -3.4559783935546875
110 136 19 24 -3.458036184310913
332 773 31 39 -3.458305835723877
360 420 92 122 -3.4583377838134766
12 428 8 8 -3.458418130874634
9 359 47 65 -3.4587879180908203
281 250 17 29 -3.4590086936950684
107 217 32 34 -3.4613394737243652
314 179 21 27 -3.4622554779052734
253 165 30 35 -3.462549924850464
597 602 7 9 -3.462597608566284
82 215 42 66 -3.463192939758301
242 392 23 29 -3.4637818336486816
553 295 14 17 -3.4642817974090576
318 127 55 71 -3.464617967605591
288 377 34 41 -3.4653589725494385
104 242 17 20 -3.4655327796936035
246 235 18 22 -3.46702241897583
30 333 21 25 -3.467076063156128
185 163 48 58 -3.4677579402923584
887 43 69 96 -3.468146324157715
301 596 22 27 -3.468353509902954
38 388 11 18 -3.4707584381103516
906 229 24 30 -3.4711902141571045
769 31 30 36 -3.4713315963745117
515 357 35 46 -3.471714973449707
137 359 45 62 -3.4741523265838623
1007 5 26 39 -3.4745874404907227
160 113 38 42 -3.4746530055999756
253 303 55 68 -3.4751791954040527
813 327 62 97 -3.475231647491455
