0_Parade_marchingband_1_290.jpg
104
397 260 51 73 3.4453678131103516
546 292 54 67 0.46048301458358765
720 255 50 59 -0.7440900206565857
171 163 61 60 -0.8450790047645569
416 262 63 97 -1.9700086116790771
528 376 113 130 -2.9074411392211914
381 293 66 76 -2.9168975353240967
172 703 90 124 -2.986082077026367
207 748 26 34 -3.1246180534362793
906 122 134 208 -3.132011651992798
102 690 122 116 -3.147829055786133
944 698 110 129 -3.1572775840759277
950 732 63 57 -3.1679656505584717
980 745 23 42 -3.1701228618621826
108 754 28 31 -3.185067653656006
738 752 43 42 -3.19701886177063
933 748 25 34 -3.1975839138031006
820 672 91 187 -3.2089099884033203
14 750 26 33 -3.2181692123413086
661 476 403 531 -3.2404136657714844
-141 400 455 532 -3.2427682876586914
602 743 28 43 -3.247692584991455
174 192 41 52 -3.2560360431671143
191 751 26 29 -3.259791135787964
519 744 26 46 -3.259949207305908
786 721 58 65 -3.2606217861175537
600 700 114 116 -3.2635374069213867
768 750 27 37 -3.2650856971740723
694 305 25 30 -3.2693052291870117
626 742 42 52 -3.274702548980713
904 708 76 135 -3.2756776809692383
141 650 180 225 -3.278392791748047
477 703 96 113 -3.281651496887207
670 733 63 65 -3.284759521484375
796 741 28 34 -3.2864925861358643
387 735 52 62 -3.2875709533691406
602 633 198 269 -3.2877609729766846
652 754 23 29 -3.2946701049804688
568 430 48 58 -3.2963051795959473
825 745 30 37 -3.298865795135498
943 64 136 161 -3.300694465637207
740 706 110 121 -3.305098533630371
512 12 8 9 -3.3052003383636475
942 753 52 66 -3.308337926864624
769 728 46 82 -3.3217434883117676
887 599 190 263 -3.322841167449951
947 750 29 36 -3.323061466217041
169 738 54 64 -3.3262550830841064
758 745 21 37 -3.327854633331299
201 718 49 69 -3.3288116455078125
270 43 122 135 -3.3291501998901367
444 749 30 29 -3.331648349761963
898 745 30 30 -3.336613655090332
318 748 29 35 -3.3385543823242188
844 748 30 30 -3.344557523727417
259 730 54 62 -3.34853458404541
157 747 32 28 -3.350039005279541
331 654 174 254 -3.3532371520996094
506 745 27 35 -3.3546431064605713
768 -119 430 555 -3.355104923248291
782 749 26 37 -3.3620989322662354
354 734 51 64 -3.3631114959716797
684 749 29 31 -3.3722002506256104
201 143 14 17 -3.3732593059539795
793 596 184 321 -3.3783867359161377
665 193 193 223 -3.379091262817383
663 747 32 31 -3.3832285404205322
289 750 29 32 -3.3852827548980713
412 284 32 35 -3.388181209564209
726 750 28 32 -3.3891966342926025
289 539 36 51 -3.3914477825164795
221 752 17 23 -3.393343687057495
549 731 53 69 -3.394726514816284
862 324 110 137 -3.3951799869537354
881 214 244 315 -3.3984854221343994
557 717 88 115 -3.3992414474487305
967 752 25 28 -3.4032599925994873
853 738 55 58 -3.4034547805786133
388 370 20 31 -3.4067509174346924
40 682 90 163 -3.409327983856201
584 747 33 26 -3.4108099937438965
396 441 37 44 -3.4167768955230713
335 741 31 34 -3.4236013889312744
216 337 28 33 -3.427403450012207
-1 736 61 62 -3.427582263946533
258 381 29 45 -3.4313199520111084
307 513 15 20 -3.433194875717163
480 754 27 35 -3.4363012313842773
167 558 21 26 -3.4390578269958496
868 699 78 102 -3.4414684772491455
539 535 20 32 -3.443639039993286
227 726 43 83 -3.4449570178985596
473 596 168 219 -3.4480602741241455
1010 16 16 29 -3.4499337673187256
913 738 38 45 -3.451664924621582
869 749 26 32 -3.4561707973480225
812 749 21 28 -3.457303047180176
405 348 27 33 -3.4601128101348877
231 755 17 22 -3.460996627807617
538 526 15 20 -3.4648947715759277
119 744 11 15 -3.466097593307495
259 287 19 22 -3.467532157897949
111 252 193 247 -3.4704248905181885
273 748 28 33 -3.4754137992858887
