0_Parade_Parade_0_594.jpg
141
183 -16 76 101 -2.088136672973633
178 53 13 19 -2.442772150039673
970 599 13 17 -2.4991936683654785
976 598 14 17 -2.8608429431915283
217 18 64 104 -2.9863016605377197
892 776 8 9 -3.040719747543335
233 108 7 9 -3.0532844066619873
564 657 34 36 -3.070573568344116
1009 98 17 28 -3.0832479000091553
994 625 15 18 -3.1367385387420654
727 427 375 498 -3.159574270248413
835 592 12 15 -3.161872625350952
113 153 122 137 -3.1718549728393555
801 549 15 18 -3.20416259765625
785 183 104 152 -3.2177793979644775
757 628 8 9 -3.2204222679138184
208 92 9 9 -3.2390997409820557
915 554 18 24 -3.239896297454834
350 277 101 152 -3.2425355911254883
274 698 11 14 -3.252147674560547
864 253 16 18 -3.2539124488830566
184 52 8 10 -3.2598214149475098
985 543 14 17 -3.2601683139801025
219 128 13 17 -3.2603299617767334
838 18 18 21 -3.265251398086548
999 78 31 52 -3.2699501514434814
1014 94 23 39 -3.3030271530151367
599 86 20 27 -3.304811477661133
268 147 7 10 -3.3082404136657715
166 252 56 68 -3.309720754623413
314 332 15 20 -3.319884777069092
648 338 15 16 -3.3232383728027344
940 628 14 17 -3.3237454891204834
946 445 10 15 -3.3240301609039307
1013 116 14 23 -3.34323787689209
25 701 93 167 -3.3438515663146973
247 313 15 16 -3.344717025756836
881 722 96 118 -3.3584554195404053
1004 705 36 47 -3.3692500591278076
341 144 181 252 -3.3717193603515625
150 772 11 13 -3.3795790672302246
829 548 21 27 -3.387296438217163
-9 245 95 121 -3.389024257659912
877 213 44 68 -3.3898673057556152
203 85 15 15 -3.3901867866516113
896 602 29 42 -3.3917670249938965
957 166 47 71 -3.392125129699707
316 515 393 471 -3.392341136932373
177 74 21 28 -3.3961181640625
255 243 174 235 -3.3970770835876465
184 89 11 15 -3.3984949588775635
237 286 18 20 -3.401366949081421
614 656 32 33 -3.402312994003296
766 605 19 22 -3.4063563346862793
817 -6 68 98 -3.4074320793151855
824 501 59 80 -3.412097454071045
761 628 11 14 -3.4128897190093994
653 568 105 154 -3.4151411056518555
749 658 12 18 -3.4152719974517822
685 299 57 81 -3.417051076889038
752 638 27 41 -3.41825270652771
71 673 94 94 -3.4194629192352295
256 721 28 31 -3.4217612743377686
924 348 42 54 -3.421905994415283
27 443 19 26 -3.4219307899475098
143 101 10 13 -3.4226553440093994
937 596 54 66 -3.423348903656006
28 427 16 21 -3.4276115894317627
722 317 15 17 -3.428368091583252
211 637 48 61 -3.4284098148345947
929 271 18 31 -3.4284279346466064
402 473 117 118 -3.4291720390319824
863 619 50 69 -3.429478168487549
981 480 21 31 -3.429776668548584
765 628 24 31 -3.4300594329833984
824 159 28 39 -3.4313011169433594
787 243 55 72 -3.4318695068359375
975 638 24 27 -3.4325015544891357
905 620 101 127 -3.432769298553467
948 37 23 27 -3.433260202407837
286 414 111 139 -3.4337520599365234
641 344 29 29 -3.434037208557129
844 173 72 79 -3.4355077743530273
171 341 21 22 -3.4357247352600098
812 178 18 28 -3.4372568130493164
643 634 27 30 -3.4381191730499268
824 519 32 42 -3.4383721351623535
30 459 13 17 -3.4390885829925537
496 660 7 9 -3.440230131149292
1010 323 21 31 -3.442394733428955
525 489 13 16 -3.4428799152374268
1010 500 21 34 -3.443422317504883
939 488 26 30 -3.444118022918701
774 564 18 20 -3.4446325302124023
608 377 26 37 -3.444981336593628
310 317 29 39 -3.447206497192383
1011 716 18 28 -3.447361946105957
26 655 16 23 -3.4483160972595215
396 233 83 116 -3.450302839279175
961 441 54 63 -3.4504029750823975
287 24 15 16 -3.4511542320251465
981 427 29 41 -3.451202869415283
251 186 18 26 -3.452528476715088
4 167 54 66 -3.453416585922241
812 169 51 64 -3.4542243480682373
266 144 56 64 -3.4542975425720215
-19 458 112 141 -3.4554126262664795
861 38 11 16 -3.455493927001953
867 102 82 115 -3.4557175636291504
395 616 27 38 -3.455906629562378
513 56 7 9 -3.456143856048584
820 734 27 34 -3.457314968109131
754 337 36 35 -3.4578018188476562
194 692 37 47 -3.4580941200256348
923 497 36 40 -3.458117723464966
161 43 29 28 -3.458282947540283
12 328 31 40 -3.458710193634033
551 205 53 67 -3.459242343902588
775 503 46 42 -3.459329605102539
804 696 156 186 -3.4596824645996094
597 636 54 65 -3.4597601890563965
158 329 18 29 -3.460758924484253
451 704 98 145 -3.4615070819854736
199 31 19 26 -3.4622652530670166
499 281 143 199 -3.463080406188965
600 402 98 130 -3.464862823486328
753 538 52 62 -3.4656381607055664
793 597 104 103 -3.466388702392578
852 236 18 20 -3.46671724319458
486 536 34 48 -3.4669666290283203
908 550 32 46 -3.467068672180176
984 604 16 16 -3.469158411026001
835 33 35 33 -3.4693195819854736
845 151 163 233 -3.4707305431365967
827 749 24 33 -3.4725756645202637
364 31 7 9 -3.472959280014038
167 700 37 48 -3.4732179641723633
896 602 17 21 -3.473369598388672
738 604 49 67 -3.4739677906036377
945 620 17 22 -3.474576711654663
210 670 23 27 -3.4760730266571045
