0_Parade_Parade_0_536.jpg
114
490 597 45 44 -1.4857292175292969
276 587 37 56 -2.5193042755126953
297 588 8 9 -2.6698153018951416
545 820 7 9 -2.6883363723754883
357 22 73 77 -2.703543186187744
812 831 8 10 -2.7491583824157715
161 605 28 36 -2.7515244483947754
597 599 38 43 -2.7613956928253174
62 609 32 30 -2.7976372241973877
872 672 8 9 -2.833918333053589
505 616 29 37 -2.9422647953033447
396 592 38 59 -2.9486610889434814
273 250 48 71 -3.0226595401763916
704 590 31 30 -3.0291781425476074
808 827 9 10 -3.0504868030548096
838 846 12 20 -3.0589122772216797
295 592 33 42 -3.0659704208374023
696 935 111 137 -3.0879111289978027
552 718 403 467 -3.1090574264526367
219 994 54 73 -3.113234281539917
906 614 34 30 -3.135178565979004
508 821 9 8 -3.1593689918518066
864 940 94 163 -3.1600327491760254
478 612 48 65 -3.190150499343872
513 1003 29 40 -3.193291187286377
254 232 105 117 -3.1988680362701416
513 827 12 15 -3.2017388343811035
240 972 58 62 -3.2141284942626953
481 159 33 32 -3.219013214111328
749 919 125 181 -3.222489595413208
511 831 8 9 -3.22274112701416
458 452 7 8 -3.2254748344421387
380 -4 71 78 -3.226105213165283
816 664 8 11 -3.2374234199523926
291 824 13 16 -3.2533349990844727
158 876 187 233 -3.258816719055176
661 817 7 8 -3.2713706493377686
204 194 14 18 -3.279953956604004
900 929 102 118 -3.2966861724853516
627 203 53 78 -3.300222158432007
415 824 9 9 -3.3038430213928223
792 1004 30 34 -3.3064746856689453
77 213 98 141 -3.3066909313201904
321 1002 24 39 -3.3151626586914062
759 786 370 419 -3.3296399116516113
822 1002 27 34 -3.33426570892334
527 997 25 34 -3.3346259593963623
222 960 103 124 -3.345404863357544
1008 4 28 37 -3.3563897609710693
351 982 49 83 -3.3568923473358154
802 590 25 32 -3.3583860397338867
888 528 199 278 -3.3584914207458496
1000 380 54 85 -3.3656556606292725
302 837 24 35 -3.365952730178833
381 558 10 12 -3.3717410564422607
1005 922 33 30 -3.3731539249420166
943 992 48 48 -3.3742012977600098
422 565 12 14 -3.3754825592041016
250 1001 25 32 -3.377922534942627
840 985 47 80 -3.379875898361206
1001 112 39 48 -3.3804445266723633
481 594 29 36 -3.3805291652679443
57 584 36 44 -3.3806278705596924
213 771 90 158 -3.384031295776367
562 311 22 21 -3.385641098022461
992 46 58 51 -3.386763572692871
-55 771 311 420 -3.3932881355285645
896 973 51 81 -3.3977153301239014
248 840 15 16 -3.398408889770508
134 1001 25 39 -3.399357318878174
266 1003 21 29 -3.3998794555664062
31 103 54 71 -3.407883882522583
-89 380 872 1014 -3.4079151153564453
457 163 70 54 -3.4081175327301025
856 668 7 9 -3.4081287384033203
715 1000 22 35 -3.4083242416381836
26 562 14 17 -3.414168357849121
151 1001 26 39 -3.4143033027648926
423 896 14 18 -3.4157772064208984
655 830 8 10 -3.417513608932495
435 17 41 49 -3.418180227279663
491 184 18 24 -3.422863721847534
73 930 137 139 -3.4246366024017334
267 884 187 200 -3.4250054359436035
431 382 804 990 -3.431907892227173
812 1009 24 24 -3.433814525604248
483 106 109 109 -3.4374353885650635
646 925 93 157 -3.4379467964172363
189 197 21 22 -3.438141345977783
875 254 101 125 -3.4414174556732178
77 595 30 36 -3.441688299179077
979 295 85 114 -3.4453415870666504
603 546 20 27 -3.445796489715576
949 1003 22 32 -3.446162223815918
836 -2 97 132 -3.446377754211426
445 63 73 102 -3.4485971927642822
608 165 45 74 -3.4527041912078857
821 495 384 500 -3.45271372795105
456 -4 50 70 -3.454698085784912
808 588 8 9 -3.4552464485168457
345 832 7 9 -3.4566540718078613
493 126 32 28 -3.457273483276367
1007 952 31 28 -3.4580090045928955
932 646 110 138 -3.4608876705169678
693 582 27 33 -3.4636778831481934
980 65 13 17 -3.463765859603882
509 173 23 28 -3.466460704803467
298 824 19 26 -3.4672741889953613
439 531 9 9 -3.4708757400512695
201 628 50 76 -3.4715399742126465
6 939 93 161 -3.472215175628662
916 13 145 179 -3.473665237426758
306 1000 28 32 -3.4750726222991943
702 999 25 42 -3.475159168243408
