0_Parade_marchingband_1_318.jpg
42
506 271 15 18 -2.8620355129241943
895 338 29 40 -3.0078697204589844
929 336 27 42 -3.021996259689331
880 291 96 135 -3.0486440658569336
20 340 29 38 -3.097085952758789
713 271 13 16 -3.097416639328003
103 337 27 41 -3.12199068069458
990 338 26 39 -3.123077154159546
-14 291 101 126 -3.1774444580078125
970 338 28 34 -3.1863181591033936
914 338 25 34 -3.1903209686279297
942 335 27 37 -3.2164065837860107
5 333 29 45 -3.2767724990844727
79 296 87 118 -3.2783639430999756
182 336 29 44 -3.2821788787841797
888 343 22 27 -3.2844300270080566
299 270 13 15 -3.3308303356170654
914 318 49 76 -3.341867208480835
160 335 30 35 -3.343388319015503
871 338 29 33 -3.3562028408050537
116 339 30 35 -3.3580257892608643
290 200 13 15 -3.360414505004883
974 313 87 122 -3.365633487701416
87 339 29 36 -3.3659615516662598
967 3 92 120 -3.373948335647583
1006 14 31 47 -3.4116201400756836
37 335 25 37 -3.419328212738037
355 315 8 10 -3.4224228858947754
202 343 16 21 -3.427595853805542
264 127 105 129 -3.4278886318206787
407 336 30 35 -3.4335124492645264
949 318 52 68 -3.435436248779297
452 67 92 113 -3.4387190341949463
198 349 10 14 -3.448869228363037
211 96 19 26 -3.4499926567077637
498 229 49 74 -3.456914186477661
633 270 14 17 -3.4586143493652344
11 321 50 73 -3.460211992263794
253 312 8 8 -3.4637980461120605
853 336 32 37 -3.465219497680664
958 339 27 40 -3.469162940979004
367 162 98 126 -3.475590229034424
