0_Parade_marchingband_1_707.jpg
56
957 123 132 166 -3.0253729820251465
173 370 94 114 -3.1285390853881836
926 231 8 9 -3.1313998699188232
929 663 30 31 -3.1862540245056152
628 59 55 69 -3.204256772994995
920 225 16 14 -3.2233376502990723
961 -18 104 163 -3.2337846755981445
641 70 8 10 -3.316742181777954
919 224 31 30 -3.3210182189941406
579 359 13 16 -3.3241894245147705
470 353 10 14 -3.327765464782715
497 295 14 18 -3.3318991661071777
978 312 64 102 -3.3444576263427734
896 614 111 120 -3.3463172912597656
230 138 11 15 -3.3642187118530273
440 471 43 45 -3.397073268890381
511 296 14 19 -3.399561643600464
943 364 19 27 -3.406092643737793
204 211 7 9 -3.4084033966064453
656 227 7 9 -3.410322666168213
833 -88 325 486 -3.4109373092651367
128 479 298 387 -3.4198760986328125
133 217 117 112 -3.4206395149230957
548 291 32 43 -3.420952081680298
777 400 15 16 -3.4230382442474365
208 260 12 15 -3.4279122352600098
901 215 36 42 -3.4301815032958984
941 390 20 27 -3.4402222633361816
637 80 35 25 -3.4404637813568115
7 483 39 52 -3.441488265991211
608 295 94 127 -3.444448947906494
1014 249 11 20 -3.4459710121154785
674 509 28 28 -3.4489219188690186
977 152 63 93 -3.449925422668457
843 308 24 28 -3.45036244392395
974 206 70 98 -3.4523448944091797
845 233 31 40 -3.453000068664551
586 6 99 139 -3.454514503479004
236 178 18 25 -3.4551100730895996
658 600 13 17 -3.4552478790283203
715 546 239 304 -3.45707631111145
240 318 27 37 -3.4582371711730957
818 322 36 26 -3.45832896232605
372 534 51 69 -3.458707094192505
572 410 16 15 -3.459111213684082
129 352 29 29 -3.464287042617798
654 179 57 66 -3.464772939682007
599 303 12 18 -3.465090274810791
600 140 53 73 -3.4668338298797607
223 166 20 28 -3.4698944091796875
919 244 184 270 -3.4700264930725098
482 238 101 127 -3.4713821411132812
19 264 45 54 -3.471384286880493
475 211 31 41 -3.4741361141204834
712 301 50 82 -3.474238872528076
656 175 7 9 -3.475156545639038
