0_Parade_Parade_0_882.jpg
82
562 103 94 116 4.115494728088379
522 123 83 105 3.0499017238616943
361 154 85 124 1.4251261949539185
762 162 113 137 0.9186984300613403
100 198 108 108 -0.011915147304534912
294 144 114 128 -0.10844570398330688
485 75 153 194 -2.1696770191192627
571 170 81 105 -2.7834560871124268
-43 529 395 509 -2.988447666168213
864 147 8 9 -3.0219361782073975
589 98 127 179 -3.0409674644470215
118 660 208 267 -3.1444263458251953
130 751 103 158 -3.1555099487304688
1014 389 13 19 -3.158115863800049
588 112 38 45 -3.2225546836853027
9 721 129 182 -3.239854335784912
1008 621 30 35 -3.2465133666992188
868 123 8 9 -3.2704930305480957
478 719 187 223 -3.2709743976593018
297 775 54 93 -3.2735989093780518
147 159 85 111 -3.283116340637207
799 105 145 206 -3.2840003967285156
474 797 65 59 -3.289057970046997
808 515 8 10 -3.294421434402466
251 778 52 94 -3.297987937927246
182 773 80 81 -3.3013882637023926
119 766 61 100 -3.3014235496520996
1001 711 55 68 -3.304962635040283
-243 306 823 1047 -3.3083152770996094
443 346 100 129 -3.3085381984710693
539 799 61 56 -3.309691905975342
616 93 10 13 -3.3158979415893555
257 722 235 261 -3.3182692527770996
410 641 57 87 -3.3196306228637695
863 136 9 10 -3.3258557319641113
855 126 19 28 -3.3450565338134766
273 673 13 17 -3.3487236499786377
764 612 59 60 -3.359605312347412
848 116 8 8 -3.360600471496582
387 640 51 75 -3.3641343116760254
845 129 50 64 -3.3696131706237793
605 759 103 163 -3.369691848754883
630 118 11 13 -3.3702898025512695
1010 724 27 36 -3.373091697692871
789 710 158 199 -3.382162570953369
907 187 25 33 -3.3837497234344482
704 365 8 9 -3.3857691287994385
364 776 48 87 -3.392012119293213
632 794 51 76 -3.393904447555542
381 552 54 68 -3.394047260284424
854 227 73 89 -3.4119770526885986
403 678 39 63 -3.4128260612487793
845 138 24 36 -3.4142513275146484
722 778 54 88 -3.414564609527588
898 239 12 18 -3.4190962314605713
879 300 9 9 -3.421849012374878
643 237 19 23 -3.4244391918182373
666 693 201 249 -3.4272966384887695
228 799 49 72 -3.433520555496216
61 785 67 86 -3.4340243339538574
1013 353 16 24 -3.4349052906036377
721 235 105 150 -3.4356725215911865
788 336 18 24 -3.442592144012451
415 640 15 16 -3.4462547302246094
813 191 54 80 -3.446610927581787
533 85 49 69 -3.4466447830200195
438 684 13 14 -3.4469106197357178
584 783 45 72 -3.4475903511047363
1013 375 15 25 -3.4525108337402344
782 442 44 53 -3.4540457725524902
250 333 35 45 -3.45932936668396
682 284 59 70 -3.4622673988342285
467 273 106 127 -3.462892770767212
648 462 93 132 -3.4643518924713135
630 303 33 39 -3.465643882751465
474 306 25 29 -3.467217445373535
474 247 25 25 -3.4685957431793213
782 316 34 51 -3.470284938812256
4 266 27 46 -3.4711954593658447
610 505 35 51 -3.475182294845581
414 517 19 25 -3.4752042293548584
1002 480 31 31 -3.475590705871582
