0_Parade_Parade_0_925.jpg
106
375 318 9 10 -2.127013683319092
964 560 28 35 -2.201519727706909
978 535 15 18 -2.4789693355560303
477 612 7 9 -2.753108501434326
988 551 8 10 -2.8001418113708496
999 612 9 10 -2.8212618827819824
987 539 9 11 -2.891845941543579
524 644 7 8 -2.9710729122161865
509 400 7 8 -3.000332832336426
277 694 25 50 -3.037229061126709
146 108 12 15 -3.141294479370117
259 697 34 36 -3.1495537757873535
222 656 114 110 -3.1630032062530518
102 696 24 47 -3.1769566535949707
943 695 26 43 -3.1950836181640625
580 78 22 29 -3.208055019378662
1005 335 7 9 -3.2258682250976562
979 326 14 16 -3.2316815853118896
981 539 21 29 -3.232088565826416
366 695 34 40 -3.233236074447632
228 698 28 44 -3.2335362434387207
976 345 14 19 -3.2403206825256348
22 703 28 37 -3.243027448654175
434 699 26 39 -3.246349811553955
583 72 18 18 -3.2510921955108643
140 698 30 31 -3.257535934448242
86 657 98 116 -3.2614097595214844
902 663 102 122 -3.2710437774658203
446 696 29 33 -3.273042678833008
984 343 13 18 -3.2830934524536133
7 697 30 34 -3.2879478931427
380 310 16 21 -3.2916603088378906
126 708 21 26 -3.2993924617767334
1003 393 12 17 -3.300541400909424
462 695 28 42 -3.303722858428955
494 707 35 36 -3.30867600440979
37 698 22 33 -3.310019016265869
63 669 44 78 -3.3116226196289062
153 707 29 33 -3.3117847442626953
989 488 7 9 -3.3128740787506104
743 678 46 88 -3.326639175415039
755 699 30 35 -3.3282642364501953
267 702 17 22 -3.3387961387634277
975 359 15 18 -3.3466339111328125
180 694 44 45 -3.3481335639953613
271 336 12 15 -3.3607897758483887
166 517 17 24 -3.3612680435180664
89 697 24 43 -3.363053321838379
422 567 185 266 -3.3636302947998047
113 478 24 31 -3.377807140350342
451 623 95 135 -3.3813695907592773
952 704 16 19 -3.3876218795776367
933 684 55 69 -3.3902804851531982
991 60 56 62 -3.395061492919922
776 255 8 9 -3.399773597717285
769 471 46 65 -3.401052474975586
258 584 15 17 -3.401397705078125
385 458 14 16 -3.4033496379852295
506 693 38 43 -3.40494441986084
992 639 8 11 -3.4097790718078613
15 688 76 53 -3.4119479656219482
118 684 45 52 -3.413447380065918
542 540 106 149 -3.414433240890503
466 287 88 99 -3.4152679443359375
530 248 103 150 -3.4161453247070312
985 512 14 17 -3.4210941791534424
399 633 98 132 -3.42254900932312
291 702 28 34 -3.429563045501709
477 697 23 34 -3.4295663833618164
583 701 33 34 -3.429823875427246
352 706 28 33 -3.434079647064209
732 171 176 230 -3.435577392578125
920 496 77 99 -3.4359290599823
175 527 8 9 -3.436490297317505
957 703 19 32 -3.437472343444824
705 686 62 61 -3.4384350776672363
745 573 8 8 -3.4390101432800293
1000 427 44 72 -3.4402832984924316
385 502 25 38 -3.441683053970337
1000 673 15 15 -3.444821834564209
98 322 18 28 -3.444967031478882
683 79 60 71 -3.445158004760742
758 671 55 59 -3.4453070163726807
114 555 20 30 -3.4463906288146973
645 698 30 36 -3.449629783630371
700 288 7 9 -3.450139045715332
331 674 23 30 -3.450347661972046
470 475 11 14 -3.4520316123962402
17 632 92 153 -3.4523067474365234
881 693 29 35 -3.4559385776519775
988 164 18 21 -3.4581642150878906
728 327 13 18 -3.45872163772583
947 544 18 28 -3.458848714828491
875 542 36 49 -3.4590721130371094
789 367 44 50 -3.4593353271484375
531 372 50 78 -3.460597038269043
341 681 15 16 -3.4618678092956543
1009 336 7 9 -3.4621267318725586
640 580 198 222 -3.462904214859009
764 266 24 25 -3.466505765914917
904 611 50 65 -3.4670469760894775
922 573 19 31 -3.469064235687256
596 600 16 15 -3.4692189693450928
87 446 50 63 -3.471998453140259
1004 188 7 8 -3.472144842147827
564 382 28 30 -3.4737534523010254
