0_Parade_Parade_0_464.jpg
99
241 502 47 51 -0.049970269203186035
532 427 52 63 -0.6836662292480469
217 490 52 76 -2.138106346130371
556 418 57 94 -2.2181782722473145
582 494 98 152 -2.259006977081299
673 80 28 33 -2.7823195457458496
691 124 7 9 -2.973581075668335
217 277 15 18 -2.98770809173584
501 746 28 31 -3.1123106479644775
-88 461 399 520 -3.117550849914551
621 748 34 35 -3.119779586791992
496 64 94 125 -3.123553991317749
575 701 104 117 -3.1597089767456055
459 740 39 50 -3.185966968536377
453 700 117 135 -3.186997890472412
118 695 127 128 -3.194863796234131
412 651 110 155 -3.22235107421875
196 751 35 33 -3.230564594268799
470 753 23 24 -3.2307639122009277
-294 311 890 894 -3.232212543487549
321 299 51 65 -3.2459402084350586
554 44 36 33 -3.25862717628479
167 732 55 63 -3.268230676651001
304 398 90 102 -3.2689812183380127
382 749 26 39 -3.2743782997131348
827 730 56 61 -3.2761921882629395
625 368 7 8 -3.2826178073883057
597 542 51 69 -3.2945151329040527
53 581 177 273 -3.2949717044830322
601 736 40 57 -3.319990873336792
515 540 13 15 -3.327073574066162
767 750 28 30 -3.3288307189941406
473 524 91 122 -3.3295576572418213
307 750 30 31 -3.3298511505126953
252 566 174 360 -3.3314318656921387
376 146 749 944 -3.3314504623413086
26 672 105 165 -3.3329825401306152
29 730 47 78 -3.3342621326446533
535 748 38 32 -3.339211940765381
445 745 27 43 -3.3397018909454346
721 294 16 16 -3.3420751094818115
400 223 8 10 -3.3452911376953125
500 686 17 22 -3.3547756671905518
3 744 28 41 -3.3564066886901855
828 131 25 35 -3.359191417694092
203 753 15 20 -3.3595499992370605
390 484 44 54 -3.359891176223755
211 294 46 53 -3.36503529548645
-24 712 97 113 -3.3701696395874023
717 691 100 125 -3.3715670108795166
395 694 64 119 -3.3737425804138184
284 483 41 54 -3.3738553524017334
208 759 19 19 -3.3818576335906982
91 742 26 41 -3.3860058784484863
331 641 98 181 -3.390289068222046
57 722 50 62 -3.3911020755767822
685 117 37 32 -3.393129587173462
530 712 63 75 -3.3987879753112793
720 750 28 28 -3.401012897491455
352 194 17 24 -3.40687894821167
400 260 38 54 -3.408442497253418
450 367 92 127 -3.4180564880371094
487 108 20 21 -3.420414447784424
709 586 216 254 -3.4247684478759766
359 275 21 27 -3.426058769226074
842 119 26 34 -3.427461624145508
521 116 54 64 -3.428138256072998
565 324 177 253 -3.4289395809173584
619 751 16 20 -3.4338502883911133
335 311 84 111 -3.4345085620880127
340 367 13 17 -3.442437171936035
667 746 33 32 -3.4430580139160156
444 657 18 23 -3.4431657791137695
534 201 29 26 -3.4445438385009766
732 742 29 29 -3.445403575897217
511 752 33 35 -3.4457297325134277
896 617 175 230 -3.4487252235412598
689 135 23 30 -3.453803062438965
627 752 16 20 -3.4540133476257324
638 353 27 32 -3.4541118144989014
751 751 22 27 -3.4548110961914062
341 534 196 312 -3.455334186553955
211 729 32 52 -3.4560179710388184
496 471 228 327 -3.4563279151916504
684 136 8 9 -3.456331253051758
457 240 18 23 -3.456569194793701
335 736 63 59 -3.458416700363159
393 738 41 51 -3.4587297439575195
470 94 26 28 -3.4589486122131348
142 641 189 231 -3.4596445560455322
355 398 164 233 -3.4599502086639404
181 293 15 21 -3.460200071334839
394 217 14 17 -3.4619359970092773
465 516 28 30 -3.463757038116455
345 232 7 8 -3.4649033546447754
580 691 41 51 -3.472766399383545
576 354 47 73 -3.472933292388916
634 323 50 79 -3.4730663299560547
637 497 56 80 -3.474025249481201
