0_Parade_Parade_0_864.jpg
117
456 252 193 216 4.785435676574707
255 418 48 61 -2.6201038360595703
369 162 191 276 -2.677189350128174
483 105 198 281 -3.066627264022827
159 642 77 103 -3.095315933227539
859 239 13 17 -3.1017508506774902
798 589 13 17 -3.159848213195801
256 278 14 17 -3.194694995880127
865 225 13 16 -3.1987481117248535
358 6 12 13 -3.2195611000061035
266 514 230 262 -3.2559733390808105
134 309 53 65 -3.256925106048584
154 180 207 263 -3.2692229747772217
806 323 163 209 -3.2745792865753174
247 263 52 54 -3.2889750003814697
348 7 9 9 -3.298470973968506
966 139 78 146 -3.3056302070617676
813 503 118 127 -3.307833671569824
369 447 14 20 -3.310285806655884
963 645 54 83 -3.3176186084747314
276 214 176 248 -3.3186862468719482
933 270 14 16 -3.32614803314209
188 646 39 62 -3.3270411491394043
612 620 29 38 -3.3296780586242676
572 615 82 107 -3.335218906402588
284 385 91 138 -3.340691089630127
922 38 37 41 -3.3432652950286865
127 7 10 10 -3.3514404296875
238 307 92 112 -3.3524346351623535
939 248 9 9 -3.354971170425415
947 177 26 32 -3.3587310314178467
240 3 9 10 -3.3666293621063232
781 278 47 75 -3.368698835372925
553 419 8 9 -3.3713252544403076
304 15 16 17 -3.372501850128174
1001 245 32 60 -3.373295783996582
884 354 25 28 -3.3740785121917725
845 550 53 80 -3.3743600845336914
124 499 194 367 -3.376085042953491
871 346 50 68 -3.379276752471924
800 299 8 10 -3.380584239959717
748 485 42 46 -3.3847484588623047
300 637 52 80 -3.3854637145996094
909 510 16 20 -3.3875715732574463
16 168 113 123 -3.3886241912841797
102 374 32 44 -3.390439510345459
910 613 16 24 -3.3908069133758545
326 645 48 82 -3.3926339149475098
962 278 13 18 -3.393249988555908
914 388 15 21 -3.3947677612304688
1010 141 17 28 -3.3998756408691406
52 225 14 18 -3.405639171600342
177 370 15 23 -3.4063682556152344
910 336 32 45 -3.408134937286377
521 656 48 61 -3.4092040061950684
773 650 47 61 -3.409280776977539
364 459 17 22 -3.4132304191589355
800 340 18 16 -3.4175901412963867
5 224 90 145 -3.4223806858062744
-203 197 734 973 -3.424877882003784
303 95 94 124 -3.425920248031616
513 152 53 65 -3.42785906791687
712 278 34 52 -3.429476737976074
278 609 12 16 -3.431462287902832
742 508 195 297 -3.4322614669799805
492 320 8 9 -3.433361291885376
847 373 15 18 -3.4334869384765625
10 139 189 320 -3.434330940246582
850 322 54 61 -3.435298442840576
63 577 163 205 -3.438383102416992
625 391 108 143 -3.438707113265991
315 162 34 29 -3.4395928382873535
982 247 21 26 -3.4396026134490967
942 45 14 21 -3.442289113998413
605 455 15 19 -3.442587375640869
975 202 26 37 -3.443121910095215
688 233 81 121 -3.4434027671813965
45 473 115 133 -3.4438459873199463
8 197 35 40 -3.445941686630249
332 373 61 60 -3.447258234024048
750 167 196 211 -3.4476523399353027
942 344 53 73 -3.44808292388916
314 451 53 71 -3.4483489990234375
231 250 101 95 -3.4493138790130615
375 363 52 74 -3.450165271759033
931 581 16 29 -3.4504234790802
925 278 24 41 -3.452007293701172
945 74 180 217 -3.4528191089630127
700 225 50 60 -3.4560670852661133
675 444 103 124 -3.456562042236328
459 512 182 302 -3.4583630561828613
323 391 37 43 -3.459012985229492
419 639 47 78 -3.459024667739868
888 14 47 73 -3.45953631401062
564 -3 98 124 -3.459536552429199
850 223 58 82 -3.4607019424438477
244 336 37 43 -3.4612789154052734
590 238 48 78 -3.465047597885132
492 311 53 54 -3.465420722961426
872 500 43 43 -3.4656636714935303
748 338 92 115 -3.46748685836792
270 283 33 51 -3.467550277709961
241 174 15 15 -3.4675586223602295
71 368 56 70 -3.4678149223327637
711 444 51 67 -3.4678192138671875
385 321 206 238 -3.4686009883880615
710 3 21 30 -3.469181776046753
729 250 101 157 -3.4700119495391846
789 511 14 18 -3.473177433013916
885 572 18 21 -3.473729372024536
658 269 50 73 -3.4737958908081055
891 74 44 44 -3.4741110801696777
789 288 78 100 -3.474405288696289
204 385 44 44 -3.474818229675293
612 250 91 130 -3.475074052810669
928 41 19 22 -3.4757776260375977
94 417 31 37 -3.47593092918396
