0_Parade_marchingband_1_276.jpg
35
907 206 13 17 -3.082296848297119
176 467 8 9 -3.082388162612915
432 453 8 8 -3.129840135574341
859 571 96 129 -3.246073007583618
951 542 91 139 -3.2821340560913086
902 628 24 35 -3.2944111824035645
971 622 27 32 -3.3195595741271973
821 627 32 33 -3.3329384326934814
975 431 66 97 -3.3388969898223877
421 627 28 40 -3.3490445613861084
1011 424 17 24 -3.3518850803375244
389 626 30 31 -3.3710873126983643
646 626 28 35 -3.373013496398926
994 387 52 77 -3.376248598098755
327 111 9 9 -3.3818235397338867
482 626 30 35 -3.40012788772583
437 628 26 40 -3.405043601989746
101 -18 211 281 -3.4202544689178467
674 100 103 127 -3.422606945037842
979 196 18 26 -3.4240059852600098
885 623 28 35 -3.4276158809661865
1010 406 21 24 -3.428119659423828
679 121 52 69 -3.4319775104522705
619 603 88 105 -3.4432644844055176
927 628 29 41 -3.454052448272705
1010 144 20 24 -3.4565181732177734
431 140 20 24 -3.4571127891540527
425 630 16 21 -3.460341453552246
515 484 28 42 -3.462102174758911
829 124 7 8 -3.4642276763916016
96 393 32 31 -3.4676642417907715
996 385 17 25 -3.4685211181640625
682 141 22 20 -3.471876382827759
992 175 52 69 -3.473250150680542
249 225 7 8 -3.473567247390747
