0_Parade_marchingband_1_407.jpg
22
818 564 114 117 -3.243759870529175
382 366 424 509 -3.2888901233673096
875 613 30 29 -3.3836865425109863
248 612 31 31 -3.40580153465271
857 606 25 46 -3.417292594909668
369 217 14 14 -3.420161008834839
173 137 7 9 -3.4235782623291016
512 525 154 188 -3.4308738708496094
293 458 19 25 -3.440089225769043
772 391 117 142 -3.4419703483581543
182 380 19 23 -3.4476206302642822
543 91 99 129 -3.4567956924438477
934 375 112 122 -3.4576008319854736
367 214 29 36 -3.460951805114746
753 613 35 30 -3.460984468460083
882 327 13 15 -3.461794137954712
388 90 26 31 -3.4661502838134766
563 263 104 135 -3.467337131500244
685 616 33 27 -3.4691896438598633
868 305 96 162 -3.4705798625946045
410 385 93 123 -3.4711546897888184
187 385 23 26 -3.4752821922302246
