0_Parade_marchingband_1_617.jpg
59
569 568 68 67 -2.906196355819702
616 310 13 16 -2.908217430114746
32 31 8 8 -3.065284490585327
231 167 8 9 -3.132085084915161
755 700 201 227 -3.1374106407165527
469 218 852 1021 -3.146848201751709
40 20 8 9 -3.185729503631592
996 729 47 65 -3.1985793113708496
236 185 11 14 -3.211009979248047
216 356 7 8 -3.268821954727173
257 37 17 18 -3.2797787189483643
352 396 30 27 -3.2903552055358887
238 95 54 77 -3.307216167449951
162 100 7 8 -3.3301784992218018
232 97 13 15 -3.3334734439849854
784 37 15 15 -3.3400135040283203
185 403 93 123 -3.345341444015503
991 363 8 9 -3.3571925163269043
666 464 425 538 -3.364067316055298
503 488 55 75 -3.365004777908325
847 16 13 16 -3.3672373294830322
917 31 55 60 -3.372323989868164
528 175 14 17 -3.378300905227661
385 640 8 8 -3.388213634490967
292 186 8 8 -3.394001007080078
970 64 24 30 -3.3963098526000977
537 571 17 26 -3.4007039070129395
858 415 12 13 -3.403855085372925
263 129 15 17 -3.4157204627990723
668 563 12 16 -3.429008722305298
497 678 19 28 -3.4292824268341064
998 202 48 63 -3.434323787689209
1012 745 21 34 -3.438115119934082
394 335 24 23 -3.438300609588623
544 731 48 58 -3.4384684562683105
147 389 19 23 -3.440098762512207
221 166 18 20 -3.440121650695801
648 533 35 50 -3.443253993988037
406 541 32 41 -3.443376064300537
994 653 48 66 -3.4453811645507812
572 733 23 31 -3.448127031326294
591 468 105 135 -3.4488444328308105
126 99 49 70 -3.449276924133301
244 256 21 24 -3.449280261993408
498 520 33 47 -3.4519829750061035
301 625 7 8 -3.458359479904175
946 19 52 70 -3.4585301876068115
494 720 57 59 -3.460031032562256
64 665 203 272 -3.4616448879241943
154 339 95 133 -3.4646360874176025
576 294 15 14 -3.4648430347442627
685 727 14 17 -3.4661052227020264
644 446 26 31 -3.4662482738494873
746 508 26 29 -3.4669721126556396
425 356 47 58 -3.471204996109009
354 451 17 20 -3.4715576171875
882 467 47 56 -3.472315788269043
386 13 48 57 -3.474194288253784
466 388 26 30 -3.476067543029785
