0_Parade_marchingband_1_152.jpg
116
264 359 8 10 -1.7880175113677979
832 269 29 36 -2.5193986892700195
168 183 8 9 -2.7042248249053955
143 151 8 8 -2.881080150604248
42 176 14 17 -2.8857269287109375
468 8 7 8 -2.9861698150634766
432 340 7 9 -3.0066781044006348
545 295 14 18 -3.0197834968566895
168 164 8 8 -3.0282838344573975
996 281 13 17 -3.0335488319396973
992 755 25 25 -3.094733238220215
32 143 14 16 -3.0957236289978027
617 192 14 15 -3.1258394718170166
119 6 10 9 -3.1498358249664307
889 745 27 33 -3.1766772270202637
513 346 26 33 -3.1788556575775146
41 106 7 8 -3.1941328048706055
918 432 7 9 -3.1954493522644043
949 687 102 140 -3.2036333084106445
983 739 39 57 -3.221061944961548
144 170 8 9 -3.233442783355713
535 695 111 124 -3.2372496128082275
544 79 14 17 -3.2506532669067383
128 27 8 9 -3.2555110454559326
164 123 8 9 -3.259467124938965
989 692 8 9 -3.262028455734253
891 35 8 8 -3.264094352722168
611 400 28 29 -3.2645375728607178
176 127 7 9 -3.2664194107055664
145 161 16 20 -3.267587661743164
847 282 30 33 -3.271735668182373
417 353 8 7 -3.2756667137145996
47 730 52 72 -3.2900307178497314
934 738 43 47 -3.290766954421997
839 706 100 108 -3.29091739654541
811 13 13 16 -3.2950174808502197
486 89 12 16 -3.2985763549804688
336 352 16 16 -3.299313545227051
432 304 8 9 -3.307176351547241
840 24 8 9 -3.3089282512664795
96 11 8 8 -3.313328266143799
103 744 18 29 -3.315516471862793
974 747 28 40 -3.31585431098938
484 92 8 9 -3.3164656162261963
678 727 52 64 -3.3169496059417725
865 736 42 51 -3.324756622314453
847 748 30 28 -3.3273138999938965
610 621 184 241 -3.3341012001037598
452 747 29 29 -3.334460496902466
191 723 57 59 -3.336611747741699
620 495 7 10 -3.337186336517334
787 746 26 41 -3.341799259185791
884 686 95 157 -3.3520255088806152
287 748 24 35 -3.356006145477295
171 746 28 32 -3.356726884841919
793 291 7 8 -3.3621740341186523
222 627 10 14 -3.372633457183838
515 752 33 35 -3.37461519241333
597 677 118 119 -3.37463116645813
803 14 12 17 -3.3773529529571533
935 375 10 12 -3.390594244003296
241 369 7 8 -3.3951644897460938
95 757 18 23 -3.395693778991699
109 128 7 9 -3.396923065185547
919 415 155 221 -3.398526430130005
892 12 7 9 -3.402067184448242
840 268 14 18 -3.4030582904815674
871 16 8 9 -3.41055965423584
817 372 7 9 -3.4106404781341553
645 729 45 68 -3.41087007522583
954 308 52 63 -3.410917282104492
131 159 26 31 -3.4129204750061035
428 315 8 9 -3.4131321907043457
272 747 29 41 -3.415903329849243
237 632 8 9 -3.4167163372039795
700 510 417 446 -3.416933059692383
150 220 14 15 -3.4216504096984863
940 749 19 27 -3.423098087310791
141 120 7 8 -3.4236512184143066
705 288 16 17 -3.425150156021118
734 570 51 67 -3.425173759460449
200 169 15 16 -3.4264907836914062
852 501 35 48 -3.426968812942505
645 198 110 137 -3.427231550216675
754 712 90 120 -3.4279253482818604
701 514 187 216 -3.4316492080688477
738 622 60 60 -3.4320008754730225
165 201 16 21 -3.4327285289764404
888 19 8 8 -3.4328629970550537
272 356 8 9 -3.433441162109375
440 48 8 8 -3.4336862564086914
763 743 26 41 -3.435502529144287
703 274 15 19 -3.438352584838867
952 751 23 24 -3.4408788681030273
762 23 25 29 -3.442260265350342
24 722 48 76 -3.444690465927124
877 339 24 31 -3.44800066947937
254 688 110 132 -3.449934959411621
124 750 27 33 -3.4500861167907715
3 650 100 165 -3.451266050338745
394 334 30 34 -3.4531924724578857
529 739 34 47 -3.454395294189453
637 320 34 47 -3.455711603164673
119 301 109 123 -3.4585416316986084
97 167 8 8 -3.4618754386901855
862 375 19 21 -3.4645442962646484
133 124 7 9 -3.4653592109680176
116 72 8 9 -3.465837240219116
155 352 99 120 -3.4664859771728516
1010 241 26 33 -3.4669651985168457
994 317 14 14 -3.4682695865631104
691 614 25 24 -3.470163106918335
884 20 7 9 -3.470950126647949
881 372 27 32 -3.4723868370056152
296 291 87 133 -3.475074291229248
574 387 19 29 -3.4755237102508545
