0_Parade_marchingband_1_823.jpg
76
875 746 27 40 -3.0031819343566895
976 217 14 14 -3.077030658721924
778 748 24 42 -3.090998888015747
888 747 27 31 -3.0919768810272217
849 701 92 114 -3.1148502826690674
14 738 26 43 -3.150953769683838
856 105 8 9 -3.167685031890869
711 754 22 23 -3.170611619949341
909 745 26 42 -3.180062770843506
738 704 106 111 -3.1889443397521973
16 283 7 9 -3.190338134765625
698 739 40 50 -3.202141046524048
635 722 45 89 -3.2059130668640137
920 416 8 9 -3.207913875579834
849 754 33 31 -3.211466073989868
437 721 51 81 -3.2170820236206055
817 746 28 34 -3.219090223312378
647 359 10 10 -3.2267043590545654
667 701 95 121 -3.2268178462982178
88 740 43 54 -3.2419521808624268
547 460 418 503 -3.2495181560516357
660 745 29 34 -3.258953809738159
373 745 23 37 -3.2620506286621094
212 744 28 33 -3.2668850421905518
1011 16 16 31 -3.283228874206543
809 630 205 218 -3.2891623973846436
854 110 32 37 -3.2894296646118164
985 750 27 34 -3.2934281826019287
-28 713 99 114 -3.3157942295074463
613 733 46 82 -3.3160011768341064
209 644 193 242 -3.317004680633545
380 642 188 245 -3.318800449371338
101 749 21 26 -3.319753646850586
88 752 22 27 -3.3252580165863037
475 749 28 30 -3.329087018966675
720 752 29 36 -3.3339028358459473
1012 118 17 20 -3.342299222946167
581 622 206 241 -3.344912052154541
852 95 8 9 -3.34574294090271
7 718 39 45 -3.34602689743042
311 728 54 58 -3.3514626026153564
465 737 48 75 -3.352168083190918
286 307 26 30 -3.3564987182617188
325 702 108 118 -3.358025312423706
938 700 90 127 -3.3593647480010986
577 728 48 80 -3.3676605224609375
1000 403 7 9 -3.370373487472534
285 721 50 76 -3.370617389678955
921 752 17 24 -3.3789281845092773
632 745 25 42 -3.3803653717041016
764 751 26 38 -3.380805015563965
924 745 24 41 -3.387761116027832
868 754 23 24 -3.3922219276428223
689 296 14 17 -3.3952929973602295
409 669 93 148 -3.403571367263794
835 728 49 74 -3.404463768005371
904 751 18 26 -3.407893657684326
37 689 89 142 -3.408963680267334
440 389 14 16 -3.4113214015960693
795 715 45 75 -3.4124298095703125
1009 36 22 29 -3.4130537509918213
1009 103 33 42 -3.4130663871765137
776 436 8 8 -3.423719882965088
383 752 28 28 -3.4309096336364746
336 753 26 26 -3.432335376739502
964 750 27 32 -3.448143482208252
358 749 28 40 -3.4483375549316406
1009 436 8 10 -3.4578733444213867
900 717 49 83 -3.4581334590911865
304 176 25 29 -3.4650588035583496
721 320 21 25 -3.4660770893096924
316 22 193 247 -3.4663329124450684
774 754 18 21 -3.4694995880126953
984 177 13 15 -3.4719462394714355
275 59 115 122 -3.4735360145568848
971 530 91 99 -3.475994110107422
