0_Parade_marchingband_1_406.jpg
148
897 16 80 86 -1.6147503852844238
408 111 16 18 -2.7291345596313477
412 98 9 10 -2.9208614826202393
654 655 41 47 -3.0327913761138916
975 323 17 16 -3.043607473373413
183 660 40 50 -3.088820695877075
939 24 70 100 -3.092681646347046
762 662 28 32 -3.1045405864715576
969 359 13 17 -3.1096394062042236
309 610 97 125 -3.114000082015991
941 660 29 42 -3.115992546081543
334 659 38 46 -3.149217128753662
148 613 97 120 -3.157674789428711
801 661 28 35 -3.1578996181488037
555 655 40 49 -3.1663670539855957
134 659 26 42 -3.1672074794769287
671 659 30 28 -3.1699416637420654
258 662 33 31 -3.171142578125
1003 452 8 10 -3.180635452270508
623 624 96 114 -3.189462900161743
867 663 33 28 -3.204411506652832
5 665 33 35 -3.2097253799438477
866 621 103 111 -3.2120532989501953
904 660 25 42 -3.2170839309692383
722 608 89 127 -3.2204530239105225
901 334 92 100 -3.221890687942505
77 607 87 131 -3.2369420528411865
240 634 48 78 -3.243652582168579
354 662 24 32 -3.2459986209869385
1011 585 18 29 -3.2489688396453857
111 657 40 49 -3.2495861053466797
372 21 95 141 -3.261045455932617
205 654 30 46 -3.2652297019958496
572 662 21 26 -3.266360282897949
1002 577 38 45 -3.2697291374206543
1010 296 17 32 -3.2751457691192627
-34 476 330 387 -3.2821264266967773
944 665 16 23 -3.282309055328369
145 650 32 47 -3.2839832305908203
214 596 94 137 -3.285292387008667
817 616 92 119 -3.2852978706359863
927 662 26 31 -3.291948080062866
645 660 28 36 -3.292299270629883
325 142 62 70 -3.295339822769165
853 660 29 37 -3.3037662506103516
313 661 36 46 -3.314706802368164
-44 611 104 131 -3.3182950019836426
950 318 53 72 -3.320849657058716
916 655 25 35 -3.321357488632202
242 661 29 32 -3.3273940086364746
471 11 98 141 -3.3315610885620117
818 661 27 33 -3.338521957397461
469 599 95 143 -3.338711977005005
947 288 23 31 -3.3515071868896484
381 91 52 56 -3.355073928833008
1000 310 15 21 -3.3613460063934326
111 166 39 50 -3.363717794418335
416 287 80 85 -3.36682391166687
200 539 238 301 -3.3705523014068604
157 209 18 22 -3.3725128173828125
972 317 36 40 -3.373115062713623
874 650 45 49 -3.3775296211242676
197 664 22 25 -3.3865227699279785
66 153 91 137 -3.390293836593628
426 238 18 21 -3.392763376235962
127 194 55 76 -3.395509719848633
449 310 16 18 -3.3993091583251953
294 661 27 32 -3.3994479179382324
428 564 51 67 -3.4001967906951904
342 666 18 26 -3.4008913040161133
349 186 40 42 -3.405294179916382
971 649 40 53 -3.405550003051758
837 663 30 35 -3.409437656402588
161 662 27 33 -3.41089129447937
-294 138 715 929 -3.413111686706543
577 436 89 158 -3.4153659343719482
976 352 21 34 -3.4154715538024902
440 118 184 214 -3.416537284851074
891 118 31 32 -3.416694402694702
369 660 27 36 -3.416800022125244
512 661 28 34 -3.4189677238464355
414 183 96 164 -3.420426607131958
661 122 54 57 -3.4207754135131836
543 660 28 33 -3.420999050140381
956 68 23 23 -3.421565055847168
551 608 107 139 -3.4233031272888184
407 477 36 45 -3.426119804382324
1013 249 16 25 -3.4266602993011475
17 656 48 57 -3.429586172103882
481 658 39 43 -3.4313015937805176
701 646 20 23 -3.4314424991607666
682 421 25 32 -3.433051109313965
835 296 53 65 -3.433985710144043
108 221 18 22 -3.4355623722076416
395 489 11 14 -3.4364538192749023
143 360 50 63 -3.4364750385284424
701 100 44 62 -3.4372634887695312
116 181 19 28 -3.439016103744507
776 412 52 79 -3.439028263092041
450 221 16 21 -3.4404070377349854
148 184 37 46 -3.441709280014038
978 304 22 27 -3.442127227783203
946 6 39 47 -3.4421803951263428
134 484 19 26 -3.4435718059539795
659 362 26 31 -3.4458165168762207
865 239 55 71 -3.446566104888916
162 370 31 29 -3.4468753337860107
663 661 21 25 -3.448164224624634
718 661 40 47 -3.4485812187194824
78 401 50 66 -3.448882579803467
830 391 35 44 -3.449800968170166
745 33 43 58 -3.449934720993042
654 524 81 92 -3.450585126876831
457 231 17 20 -3.4507622718811035
176 369 49 53 -3.451516628265381
669 228 50 71 -3.4520978927612305
128 495 33 34 -3.4541015625
577 530 51 67 -3.4541850090026855
163 372 13 18 -3.454592704772949
521 254 28 36 -3.4546048641204834
445 205 48 73 -3.4569292068481445
332 442 201 257 -3.4574246406555176
96 231 18 23 -3.4578499794006348
722 423 19 23 -3.458357334136963
793 666 16 26 -3.4597291946411133
687 392 99 120 -3.460887908935547
161 473 51 77 -3.461838960647583
987 421 25 28 -3.462099313735962
922 337 34 51 -3.46287202835083
529 662 28 32 -3.463228702545166
772 657 43 42 -3.4642670154571533
733 332 99 142 -3.4651992321014404
97 457 48 69 -3.4667577743530273
911 103 90 90 -3.467137336730957
970 491 79 130 -3.4678521156311035
709 -4 31 39 -3.468996286392212
595 284 24 33 -3.4690194129943848
645 74 101 138 -3.4694111347198486
470 5 68 61 -3.4698305130004883
412 239 18 23 -3.4700512886047363
157 405 30 34 -3.4701499938964844
268 373 49 80 -3.470698595046997
941 245 26 41 -3.4723939895629883
489 197 53 79 -3.472651243209839
1009 613 27 41 -3.473113536834717
1011 160 18 33 -3.473706007003784
837 420 53 67 -3.473940849304199
25 668 22 28 -3.4752626419067383
