0_Parade_Parade_0_141.jpg
130
10 214 48 60 2.49815034866333
199 16 15 17 -2.6898531913757324
800 307 8 9 -2.892759323120117
649 172 62 78 -2.9249651432037354
701 232 7 8 -2.9415063858032227
768 245 7 8 -2.9419119358062744
744 217 16 18 -3.006056070327759
299 93 30 29 -3.0380635261535645
167 699 94 128 -3.1191413402557373
31 538 289 355 -3.12480092048645
785 310 16 20 -3.126936912536621
200 748 34 44 -3.148151397705078
936 126 16 20 -3.160654067993164
527 256 31 32 -3.191649913787842
969 273 86 87 -3.207690715789795
356 607 167 265 -3.2222535610198975
554 661 177 212 -3.2261006832122803
222 237 92 122 -3.2372303009033203
435 608 206 251 -3.2390198707580566
391 752 24 25 -3.2451388835906982
369 236 7 8 -3.2478137016296387
15 726 59 58 -3.2507383823394775
65 694 97 138 -3.2584524154663086
457 253 8 9 -3.2685723304748535
966 415 103 162 -3.2761878967285156
788 686 8 10 -3.278080463409424
718 311 46 74 -3.2808847427368164
738 232 11 17 -3.2840576171875
302 732 48 85 -3.2937216758728027
996 231 45 76 -3.2963762283325195
525 273 33 31 -3.2977821826934814
865 64 15 16 -3.303959608078003
372 749 28 36 -3.305896520614624
584 260 8 10 -3.306913375854492
1003 244 32 30 -3.309022903442383
351 701 85 127 -3.31378173828125
231 138 14 15 -3.316221237182617
234 144 14 16 -3.316425085067749
205 754 19 22 -3.316589593887329
513 730 48 79 -3.318129539489746
351 751 25 34 -3.318655014038086
413 724 45 89 -3.325065851211548
1011 426 17 27 -3.328223943710327
227 743 32 43 -3.3330671787261963
931 149 21 24 -3.335020065307617
528 273 14 18 -3.3352270126342773
52 726 45 87 -3.337827682495117
764 259 24 25 -3.3483777046203613
85 747 29 30 -3.3534860610961914
-8 225 40 49 -3.354478120803833
573 564 7 8 -3.3553831577301025
615 401 431 600 -3.359112024307251
561 425 15 14 -3.359435558319092
727 218 24 26 -3.3595051765441895
576 373 44 54 -3.3598451614379883
593 269 12 17 -3.3610291481018066
250 224 53 81 -3.3619625568389893
115 628 157 163 -3.363553524017334
180 741 33 46 -3.3711061477661133
932 121 15 20 -3.377213716506958
787 686 18 22 -3.381474494934082
416 300 8 9 -3.3861799240112305
472 710 74 99 -3.3871302604675293
711 587 175 248 -3.3894214630126953
894 171 77 96 -3.3917076587677
484 127 11 14 -3.3923544883728027
416 295 14 16 -3.3924577236175537
-53 631 209 233 -3.3969223499298096
332 714 48 85 -3.3986504077911377
167 436 11 14 -3.4000771045684814
642 730 56 63 -3.400942802429199
799 747 27 33 -3.4018959999084473
714 214 78 101 -3.402446746826172
215 561 69 75 -3.4081552028656006
423 177 11 14 -3.4093143939971924
986 187 15 21 -3.4097070693969727
15 166 35 30 -3.411381721496582
914 89 12 15 -3.412238597869873
875 733 51 65 -3.4135634899139404
788 495 9 10 -3.4191086292266846
975 448 58 82 -3.419236421585083
573 411 7 9 -3.422077178955078
568 412 9 9 -3.4225826263427734
539 255 14 18 -3.4232490062713623
766 510 28 34 -3.424315929412842
800 684 7 9 -3.424363136291504
720 275 95 141 -3.425414800643921
320 524 17 23 -3.4258759021759033
887 370 19 27 -3.426194429397583
386 743 41 51 -3.4270739555358887
284 748 27 37 -3.428443193435669
159 214 16 22 -3.431713342666626
782 730 52 73 -3.435246706008911
733 252 26 31 -3.4383485317230225
103 553 12 16 -3.4392449855804443
9 290 48 60 -3.440192222595215
319 84 8 9 -3.441920042037964
65 623 15 19 -3.448209047317505
698 174 173 228 -3.449068784713745
961 743 28 37 -3.449282646179199
20 146 113 137 -3.451122283935547
92 187 56 66 -3.451385974884033
743 239 16 17 -3.4517602920532227
751 731 47 80 -3.456448793411255
751 283 19 26 -3.457489252090454
96 732 30 50 -3.4579296112060547
203 375 94 125 -3.4581894874572754
969 61 93 96 -3.459425926208496
659 35 25 26 -3.459634780883789
695 237 19 27 -3.4604411125183105
555 241 45 55 -3.461074113845825
505 225 7 8 -3.461143970489502
890 685 108 167 -3.4627718925476074
835 742 41 45 -3.4633169174194336
640 166 34 43 -3.4638280868530273
561 413 15 14 -3.465068817138672
771 259 8 9 -3.465363025665283
256 615 168 213 -3.4659640789031982
943 714 62 90 -3.466546058654785
549 431 16 22 -3.4686737060546875
469 253 7 8 -3.468824625015259
251 706 73 103 -3.470816135406494
373 442 46 68 -3.471045970916748
901 269 45 57 -3.4720654487609863
523 447 15 18 -3.4732742309570312
847 152 100 146 -3.473679542541504
290 82 22 29 -3.4746365547180176
434 145 26 33 -3.475111484527588
3 676 104 131 -3.475473642349243
626 268 23 27 -3.475935459136963
