0_Parade_marchingband_1_363.jpg
68
168 6 8 10 -3.102309226989746
786 750 29 38 -3.10591459274292
312 703 103 109 -3.108052968978882
390 748 34 32 -3.1397509574890137
875 691 91 160 -3.1427602767944336
757 748 28 34 -3.153956890106201
679 208 16 16 -3.1611483097076416
195 695 106 125 -3.1709508895874023
629 708 104 115 -3.174938678741455
377 751 26 33 -3.177135944366455
719 543 380 428 -3.1791064739227295
980 744 26 42 -3.184246301651001
242 467 458 477 -3.205193519592285
670 750 30 37 -3.20585560798645
19 6 7 9 -3.2327115535736084
489 616 174 210 -3.2334883213043213
681 736 41 48 -3.253453493118286
648 746 28 43 -3.2547852993011475
961 122 15 15 -3.258392810821533
1008 147 29 45 -3.2611193656921387
908 671 100 120 -3.273787021636963
993 743 27 43 -3.2834646701812744
350 748 30 30 -3.291421890258789
951 701 90 116 -3.2965545654296875
864 322 27 31 -3.299802780151367
952 743 26 34 -3.320216178894043
365 687 102 127 -3.320680618286133
246 747 23 44 -3.3212080001831055
397 730 48 81 -3.328540802001953
612 751 31 29 -3.3301150798797607
693 749 17 27 -3.338308811187744
403 752 16 20 -3.3454201221466064
773 749 28 32 -3.3459677696228027
331 738 38 51 -3.3486011028289795
800 748 27 33 -3.3583288192749023
456 748 30 33 -3.364785671234131
700 750 31 28 -3.364819288253784
536 748 31 30 -3.366122245788574
714 602 182 276 -3.3691883087158203
934 731 56 54 -3.3713340759277344
946 758 24 24 -3.371908187866211
81 686 116 122 -3.383279323577881
823 749 37 32 -3.383918285369873
289 740 37 50 -3.3850765228271484
396 307 753 913 -3.4052810668945312
907 737 38 50 -3.4073939323425293
792 730 59 61 -3.4074161052703857
766 135 408 525 -3.408693790435791
869 748 30 33 -3.4088544845581055
978 385 126 189 -3.4203238487243652
932 442 120 111 -3.426995277404785
-66 534 407 412 -3.4325196743011475
284 653 173 224 -3.440112829208374
629 49 106 125 -3.446256637573242
927 751 16 28 -3.4483604431152344
819 543 29 29 -3.451202392578125
355 727 58 58 -3.4558191299438477
827 752 15 22 -3.4565303325653076
628 360 21 30 -3.4578871726989746
395 247 42 63 -3.4590044021606445
758 729 62 59 -3.4615559577941895
629 748 28 37 -3.4633736610412598
967 753 19 27 -3.4641151428222656
413 113 31 32 -3.466264247894287
556 276 33 30 -3.4713685512542725
392 753 16 21 -3.472146987915039
908 501 121 129 -3.4729743003845215
418 694 100 114 -3.474372386932373
