0_Parade_Parade_0_119.jpg
92
28 287 46 56 -1.6829981803894043
810 384 16 18 -2.067770004272461
364 4 7 11 -2.905792474746704
847 406 13 18 -2.9153876304626465
631 357 31 39 -2.9220058917999268
88 698 108 121 -2.9710171222686768
954 584 14 17 -2.9800305366516113
154 746 27 42 -2.9995322227478027
125 745 26 43 -3.0197455883026123
153 339 30 30 -3.1340768337249756
658 698 100 116 -3.1457717418670654
301 748 27 36 -3.153409957885742
149 720 53 76 -3.168794631958008
100 746 26 40 -3.1876165866851807
409 703 118 129 -3.199237108230591
786 122 29 25 -3.219083786010742
209 309 8 9 -3.221931219100952
1014 327 12 18 -3.2263340950012207
341 699 105 131 -3.242161750793457
167 745 27 36 -3.2467424869537354
952 344 45 42 -3.2521958351135254
855 392 14 17 -3.2543067932128906
492 336 8 8 -3.2662885189056396
776 177 14 16 -3.2826528549194336
140 752 28 32 -3.2832746505737305
384 336 14 16 -3.283916473388672
184 742 29 34 -3.2842676639556885
86 745 27 45 -3.284268856048584
700 752 30 32 -3.2874956130981445
573 741 35 44 -3.300658702850342
859 417 21 28 -3.3081071376800537
601 609 212 246 -3.309476613998413
436 344 17 24 -3.3133585453033447
-6 665 163 202 -3.319535732269287
255 327 16 16 -3.3241989612579346
272 745 27 35 -3.328158378601074
287 743 27 39 -3.338526725769043
-11 527 340 428 -3.340423107147217
786 628 208 255 -3.341452121734619
759 689 108 128 -3.3489303588867188
521 291 706 907 -3.3496897220611572
895 748 31 32 -3.3517322540283203
113 716 54 70 -3.3617405891418457
452 350 25 30 -3.362077474594116
416 331 62 73 -3.375096082687378
596 724 55 74 -3.378450393676758
337 143 7 9 -3.3804619312286377
803 151 14 18 -3.385127067565918
613 746 29 35 -3.3880739212036133
202 340 36 39 -3.391700267791748
174 729 57 61 -3.391765594482422
323 444 346 488 -3.3925695419311523
961 255 15 14 -3.394753932952881
852 736 51 76 -3.3954849243164062
928 745 29 38 -3.3981032371520996
484 733 46 63 -3.4010398387908936
160 399 13 18 -3.4052717685699463
690 747 26 29 -3.4086718559265137
200 751 25 32 -3.409423828125
34 97 14 19 -3.4124794006347656
316 641 13 18 -3.4138293266296387
960 753 23 26 -3.4160776138305664
319 631 192 248 -3.419574499130249
805 105 56 61 -3.4254887104034424
316 113 43 47 -3.4273126125335693
901 617 12 15 -3.4289004802703857
382 749 26 39 -3.4320147037506104
649 728 57 64 -3.435704231262207
397 738 53 63 -3.4371466636657715
414 748 26 36 -3.4440178871154785
350 747 35 40 -3.4453682899475098
988 376 7 8 -3.449526786804199
47 11 52 60 -3.452284812927246
420 329 26 28 -3.453726053237915
703 566 31 42 -3.45475697517395
983 566 22 28 -3.4557416439056396
569 690 111 126 -3.456339120864868
269 305 92 124 -3.457531213760376
432 348 29 35 -3.4584970474243164
366 729 54 72 -3.459373950958252
1000 381 11 13 -3.46073579788208
109 275 18 22 -3.462871551513672
253 327 8 9 -3.4639554023742676
650 359 16 15 -3.4643185138702393
310 135 43 55 -3.4653425216674805
350 83 39 44 -3.4660279750823975
437 481 7 8 -3.468745470046997
717 583 10 14 -3.469386339187622
621 521 17 22 -3.473649501800537
684 543 62 59 -3.4737608432769775
668 672 37 46 -3.475529670715332
248 748 28 32 -3.475985288619995
