0_Parade_Parade_0_567.jpg
85
109 645 19 21 -0.9587498903274536
620 588 16 19 -1.7624919414520264
617 555 8 11 -2.393531322479248
970 324 8 9 -2.4261417388916016
977 518 14 17 -2.658102512359619
100 634 23 29 -2.872875452041626
944 299 7 9 -2.935100793838501
768 543 184 237 -2.950309991836548
176 532 8 9 -3.02232027053833
838 650 55 62 -3.023651123046875
25 628 8 9 -3.036278009414673
112 631 22 28 -3.039402961730957
376 561 14 18 -3.0595593452453613
833 247 14 16 -3.0790159702301025
677 584 7 9 -3.1361379623413086
788 635 51 60 -3.138808012008667
601 559 7 9 -3.1590933799743652
752 492 9 9 -3.1727705001831055
958 644 56 75 -3.181309461593628
321 488 14 15 -3.2026069164276123
613 557 11 16 -3.2146103382110596
867 646 47 87 -3.2185585498809814
1001 251 7 8 -3.22554874420166
234 608 13 15 -3.2327616214752197
600 576 8 9 -3.2510108947753906
944 558 7 9 -3.2588627338409424
830 579 102 124 -3.260108470916748
765 658 60 75 -3.2862021923065186
911 563 15 19 -3.286806583404541
780 620 8 9 -3.3082425594329834
258 529 12 16 -3.31186580657959
789 152 8 8 -3.315728187561035
776 644 32 57 -3.320589780807495
928 511 15 16 -3.325730323791504
445 552 224 220 -3.3263168334960938
287 160 8 8 -3.330831527709961
53 647 48 85 -3.3359107971191406
581 596 14 17 -3.3360207080841064
674 643 53 66 -3.3380417823791504
641 440 13 15 -3.346172571182251
752 240 14 16 -3.3467068672180176
947 308 7 9 -3.3470799922943115
699 577 19 25 -3.3606975078582764
571 599 15 20 -3.3667938709259033
454 638 19 25 -3.3781089782714844
931 356 26 31 -3.3839454650878906
948 606 25 32 -3.3929824829101562
976 504 8 9 -3.3945112228393555
908 580 7 9 -3.4018354415893555
1011 654 20 30 -3.4061660766601562
521 654 76 63 -3.4083147048950195
878 537 18 27 -3.4116146564483643
818 640 47 85 -3.41548752784729
986 544 13 16 -3.416372060775757
952 607 14 16 -3.418766736984253
640 249 14 16 -3.422560691833496
824 160 8 9 -3.423649787902832
609 643 49 83 -3.4252829551696777
613 556 7 10 -3.4256508350372314
6 32 356 501 -3.4262304306030273
849 239 14 16 -3.429297685623169
848 496 8 8 -3.429347038269043
216 659 70 61 -3.4303817749023438
997 537 30 52 -3.4398016929626465
168 561 15 18 -3.4447381496429443
139 639 18 21 -3.445037603378296
984 431 14 16 -3.4489858150482178
779 616 19 23 -3.4506425857543945
944 542 14 19 -3.450735092163086
928 98 8 9 -3.450817823410034
298 417 14 16 -3.4510269165039062
22 658 62 57 -3.451420545578003
913 307 22 29 -3.4535069465637207
391 557 15 16 -3.455817222595215
19 599 10 14 -3.4575371742248535
549 460 7 9 -3.462745189666748
198 537 21 22 -3.464475631713867
150 639 83 89 -3.46537446975708
826 446 14 16 -3.4659066200256348
236 536 24 22 -3.4662232398986816
737 645 49 63 -3.467593193054199
597 547 185 237 -3.468842029571533
328 457 14 16 -3.469648838043213
770 563 16 23 -3.472996234893799
537 478 31 29 -3.474039077758789
