0_Parade_Parade_0_650.jpg
128
747 199 101 112 4.846867561340332
241 194 90 107 4.5904035568237305
461 157 96 115 3.8994760513305664
203 140 102 130 -0.05307251214981079
479 94 117 145 -0.08510798215866089
275 142 89 127 -0.8373414874076843
172 189 8 9 -2.139575481414795
204 214 94 133 -2.4537785053253174
714 145 93 147 -2.482923984527588
780 150 113 142 -2.5162365436553955
148 163 10 10 -2.542484760284424
105 352 51 64 -2.620103359222412
261 168 7 9 -2.6817924976348877
420 82 112 144 -2.7174301147460938
193 167 16 20 -2.7961905002593994
423 184 15 16 -2.823721408843994
84 310 90 126 -2.9420413970947266
139 160 9 9 -3.019928216934204
385 208 14 15 -3.055124044418335
983 216 14 15 -3.0709612369537354
936 241 15 14 -3.0723114013671875
441 188 7 10 -3.1031270027160645
506 186 82 118 -3.1078813076019287
1003 334 41 50 -3.1169047355651855
293 744 24 45 -3.1174211502075195
599 103 105 150 -3.155118227005005
184 183 8 9 -3.195868968963623
910 702 99 123 -3.2202699184417725
931 743 28 46 -3.2212257385253906
678 725 47 76 -3.2323930263519287
401 745 33 35 -3.2327537536621094
39 713 68 60 -3.246690273284912
608 741 25 46 -3.251450777053833
67 734 65 62 -3.2529187202453613
858 732 51 59 -3.2578608989715576
183 742 44 53 -3.258819580078125
318 711 110 110 -3.259024143218994
458 749 31 32 -3.2677533626556396
828 745 26 34 -3.268221378326416
445 736 30 53 -3.271193504333496
686 751 23 23 -3.27408504486084
203 165 14 16 -3.2809834480285645
417 157 15 16 -3.281278610229492
703 120 232 235 -3.2838521003723145
897 739 26 40 -3.2866146564483643
406 543 9 10 -3.2885119915008545
370 742 26 44 -3.2904582023620605
441 752 17 25 -3.3002798557281494
564 695 99 129 -3.3069465160369873
618 746 26 33 -3.309925079345703
115 747 31 32 -3.310511350631714
401 710 101 120 -3.3126494884490967
358 746 27 41 -3.322086811065674
500 727 50 64 -3.322164297103882
699 755 18 20 -3.3232898712158203
446 674 115 157 -3.323777198791504
256 703 91 116 -3.329838752746582
303 743 39 49 -3.340644598007202
763 698 115 117 -3.341327428817749
990 749 27 32 -3.3416621685028076
639 694 99 130 -3.345550298690796
636 175 55 72 -3.3463547229766846
176 330 53 66 -3.3483030796051025
785 753 29 31 -3.3500428199768066
676 13 22 27 -3.351534366607666
578 747 25 34 -3.353236675262451
607 647 174 246 -3.3606956005096436
670 348 33 35 -3.364655017852783
721 748 30 31 -3.3675875663757324
477 755 27 32 -3.3678386211395264
413 299 98 138 -3.3700480461120605
65 585 201 376 -3.3725993633270264
653 310 103 135 -3.3749327659606934
278 745 28 43 -3.3825831413269043
406 534 16 18 -3.385842800140381
733 736 32 42 -3.393592119216919
896 264 7 8 -3.3999264240264893
643 739 25 40 -3.400047779083252
1005 293 29 29 -3.402406692504883
16 596 42 49 -3.4093308448791504
792 731 49 74 -3.4098074436187744
423 744 27 46 -3.4156649112701416
405 -6 224 239 -3.4167587757110596
189 147 36 46 -3.4172258377075195
703 747 28 41 -3.4180421829223633
469 736 57 60 -3.4196369647979736
659 514 359 468 -3.419851064682007
205 742 24 33 -3.4224767684936523
144 155 17 14 -3.4231929779052734
126 65 187 242 -3.4258205890655518
992 678 17 25 -3.4262545108795166
816 655 140 171 -3.426342725753784
188 153 21 27 -3.428356170654297
878 753 16 26 -3.429988384246826
538 19 43 63 -3.4318013191223145
385 722 55 79 -3.432063341140747
334 479 27 40 -3.434417963027954
452 19 47 54 -3.435253381729126
147 717 83 110 -3.4365968704223633
819 729 56 62 -3.4366514682769775
948 755 22 28 -3.4388575553894043
881 304 55 79 -3.44065260887146
998 264 49 75 -3.4408481121063232
3 738 28 46 -3.441392183303833
509 755 22 24 -3.442997932434082
425 174 24 22 -3.446547031402588
240 623 192 219 -3.4480061531066895
198 753 17 29 -3.4499435424804688
619 396 39 53 -3.450336217880249
115 566 49 57 -3.451845169067383
128 160 8 9 -3.4534192085266113
653 721 46 58 -3.453674554824829
549 750 47 47 -3.4547293186187744
155 354 30 39 -3.457075595855713
248 494 352 523 -3.4571642875671387
363 291 44 58 -3.460578441619873
811 285 53 62 -3.4607174396514893
801 36 200 230 -3.4610326290130615
983 415 19 28 -3.461885452270508
940 668 18 25 -3.467113494873047
160 94 100 122 -3.468092918395996
961 200 54 72 -3.468447208404541
104 559 102 101 -3.472184419631958
915 303 160 244 -3.4727444648742676
973 660 34 54 -3.4733195304870605
336 451 98 131 -3.474517822265625
244 126 50 68 -3.4748425483703613
282 410 34 41 -3.4756691455841064
