0_Parade_Parade_0_419.jpg
82
734 109 16 17 -1.195696473121643
868 151 8 9 -1.9207499027252197
352 233 44 55 -2.3544864654541016
842 156 13 16 -2.625744342803955
15 123 7 8 -2.942385673522949
576 121 8 9 -2.944119930267334
838 159 10 11 -2.9557723999023438
521 100 8 8 -2.993985176086426
404 195 26 29 -3.014673948287964
718 95 14 18 -3.0263845920562744
1003 197 10 14 -3.055222272872925
383 131 23 30 -3.0608935356140137
1003 132 8 8 -3.068002939224243
448 541 185 256 -3.071363925933838
463 256 18 16 -3.0812222957611084
569 63 15 15 -3.1169495582580566
769 160 15 16 -3.1183738708496094
104 119 7 9 -3.156351327896118
562 311 9 10 -3.1678786277770996
404 242 25 31 -3.1691982746124268
908 107 218 296 -3.240447998046875
976 233 63 108 -3.24651837348938
567 48 15 15 -3.247321367263794
537 49 14 15 -3.2481422424316406
840 322 16 16 -3.2659218311309814
952 164 8 10 -3.269153118133545
603 277 46 72 -3.2764129638671875
861 156 7 8 -3.292240619659424
493 637 48 78 -3.302840232849121
519 644 48 64 -3.3085532188415527
744 368 7 8 -3.314270257949829
708 89 59 60 -3.3179454803466797
938 652 56 60 -3.3250961303710938
576 48 15 15 -3.3318731784820557
449 226 28 30 -3.3368747234344482
889 129 15 17 -3.3399155139923096
839 166 11 13 -3.3412396907806396
1010 196 17 28 -3.341339588165283
417 207 8 10 -3.3453502655029297
616 300 54 72 -3.3566455841064453
936 142 10 14 -3.3697893619537354
567 193 15 16 -3.3716628551483154
-101 250 788 867 -3.3782529830932617
217 56 7 9 -3.3811826705932617
432 445 85 113 -3.3849380016326904
195 371 186 217 -3.3901491165161133
246 479 244 314 -3.3916983604431152
81 513 204 225 -3.397296667098999
522 316 28 37 -3.403916835784912
975 203 54 66 -3.4067091941833496
680 334 105 126 -3.4132275581359863
607 503 300 389 -3.4135334491729736
736 13 16 18 -3.4149155616760254
593 242 191 246 -3.4173800945281982
445 198 45 60 -3.419675350189209
370 314 13 17 -3.4204165935516357
20 177 15 20 -3.421048641204834
949 143 22 28 -3.423083543777466
729 548 176 183 -3.4249227046966553
708 208 25 31 -3.4273102283477783
929 126 14 15 -3.4288134574890137
269 620 77 93 -3.429929256439209
978 612 25 27 -3.4301018714904785
13 392 22 25 -3.4311647415161133
766 145 16 16 -3.432114601135254
799 128 12 15 -3.436173439025879
953 223 7 8 -3.4384522438049316
544 62 13 15 -3.439030170440674
1015 167 10 21 -3.4409210681915283
639 320 9 9 -3.441296339035034
454 309 17 25 -3.44700026512146
802 562 196 240 -3.4492533206939697
880 164 9 9 -3.450183629989624
407 637 50 58 -3.451241970062256
938 219 24 26 -3.4559502601623535
354 393 83 94 -3.4563658237457275
670 31 120 141 -3.457979679107666
864 151 8 9 -3.4665470123291016
975 652 47 76 -3.4674017429351807
498 273 23 30 -3.469698190689087
549 195 26 35 -3.470787286758423
692 342 50 70 -3.471543788909912
