0_Parade_Parade_0_1034.jpg
148
458 233 156 233 4.306518077850342
414 344 166 194 3.187899351119995
473 256 14 17 -0.9349002838134766
964 312 9 10 -1.0086288452148438
11 286 48 60 -2.50697922706604
959 307 8 10 -2.6102170944213867
967 279 15 17 -2.625969648361206
963 306 9 11 -2.6722497940063477
884 337 21 31 -2.6770920753479004
216 53 7 8 -2.756139039993286
121 68 7 8 -2.811023473739624
461 254 7 8 -2.815401554107666
657 383 7 9 -2.894773244857788
434 684 100 121 -2.9996867179870605
477 737 34 42 -3.0042877197265625
880 300 8 8 -3.0084660053253174
853 304 7 8 -3.0390207767486572
940 751 29 33 -3.045823812484741
465 744 26 41 -3.0522451400756836
409 389 13 15 -3.0713980197906494
810 672 105 134 -3.100966215133667
577 729 47 82 -3.104647397994995
948 281 8 8 -3.107332229614258
519 140 189 283 -3.128535270690918
481 750 19 23 -3.1368517875671387
501 748 29 42 -3.152881145477295
124 75 9 8 -3.1773955821990967
948 289 7 8 -3.1892142295837402
452 742 26 43 -3.1901731491088867
898 700 89 112 -3.1981399059295654
395 311 8 11 -3.1986794471740723
669 279 7 9 -3.2037887573242188
581 257 27 32 -3.209954261779785
958 749 28 31 -3.221632480621338
40 319 16 20 -3.2370874881744385
951 308 9 10 -3.2402195930480957
636 725 55 64 -3.2414193153381348
1003 230 42 46 -3.2462849617004395
1005 300 9 9 -3.258232593536377
591 9 12 14 -3.2591378688812256
504 664 188 200 -3.2598047256469727
764 622 216 217 -3.2624905109405518
745 744 33 40 -3.2645082473754883
600 727 50 67 -3.2668256759643555
22 747 28 34 -3.2713704109191895
528 272 7 8 -3.2718722820281982
943 731 58 67 -3.271961212158203
392 270 15 17 -3.272521495819092
26 725 49 66 -3.2736830711364746
743 757 21 23 -3.275439739227295
930 184 130 215 -3.2863566875457764
657 305 8 9 -3.294194459915161
517 731 51 73 -3.2950522899627686
1003 290 11 13 -3.2996277809143066
924 748 31 32 -3.310882329940796
1010 204 12 20 -3.3114089965820312
280 557 393 435 -3.316460609436035
342 749 28 36 -3.316533327102661
991 291 18 27 -3.3221256732940674
439 743 24 43 -3.3226470947265625
767 569 117 136 -3.3247854709625244
842 743 42 47 -3.326775074005127
501 344 180 231 -3.3302855491638184
413 342 8 10 -3.335146903991699
879 413 8 9 -3.342191696166992
494 714 47 84 -3.3481216430664062
7 744 29 32 -3.3525898456573486
36 291 16 20 -3.3532214164733887
890 748 30 38 -3.3561463356018066
988 749 26 34 -3.3592236042022705
305 697 95 135 -3.359520435333252
27 681 24 26 -3.3616700172424316
652 744 25 41 -3.3637845516204834
373 743 28 42 -3.3659873008728027
999 512 47 75 -3.368832588195801
229 27 8 10 -3.3706207275390625
656 107 18 23 -3.372406482696533
113 404 7 9 -3.3783273696899414
962 300 13 14 -3.3828697204589844
214 747 30 31 -3.3834891319274902
559 77 11 13 -3.389479875564575
532 254 105 132 -3.39143967628479
54 719 62 62 -3.3925185203552246
50 302 14 16 -3.393568754196167
944 295 11 12 -3.3941876888275146
921 381 133 206 -3.3993425369262695
256 180 101 161 -3.4006054401397705
876 99 67 91 -3.404757499694824
385 375 8 10 -3.4059925079345703
643 113 17 22 -3.4127469062805176
591 286 8 10 -3.4149296283721924
915 402 18 25 -3.417681932449341
498 231 23 30 -3.420729875564575
644 330 15 19 -3.421586513519287
772 488 40 54 -3.4244778156280518
392 309 14 19 -3.4271609783172607
370 606 197 217 -3.428579807281494
641 236 46 59 -3.4292430877685547
168 745 27 33 -3.4328665733337402
609 65 12 15 -3.435512065887451
851 658 16 19 -3.4355132579803467
808 637 28 36 -3.4360122680664062
855 751 18 26 -3.4362614154815674
747 509 28 32 -3.438448667526245
830 168 302 372 -3.4389736652374268
679 608 12 15 -3.4396910667419434
909 103 16 23 -3.4407801628112793
959 309 11 15 -3.4411652088165283
595 433 25 30 -3.442164421081543
555 282 35 52 -3.4426889419555664
634 746 28 42 -3.44376540184021
386 739 24 32 -3.445805549621582
971 307 9 10 -3.4477291107177734
838 581 53 72 -3.4479832649230957
1007 105 29 37 -3.448261260986328
478 691 93 165 -3.4493601322174072
772 686 93 162 -3.4503650665283203
808 616 55 67 -3.4510180950164795
966 163 32 40 -3.4527535438537598
-29 211 190 228 -3.454256772994995
912 307 7 9 -3.4545600414276123
654 587 237 382 -3.4548850059509277
769 121 165 165 -3.455151081085205
784 719 46 78 -3.4561188220977783
73 697 91 144 -3.4566216468811035
710 195 51 56 -3.457496166229248
442 711 51 71 -3.4578847885131836
355 754 30 34 -3.4579715728759766
530 745 31 32 -3.4588706493377686
490 548 42 46 -3.459406852722168
197 327 96 142 -3.4598193168640137
692 747 24 41 -3.4619007110595703
842 638 35 36 -3.462409019470215
723 270 219 261 -3.462574005126953
876 300 8 8 -3.463289737701416
860 203 24 30 -3.4641523361206055
411 387 8 10 -3.4670376777648926
762 498 20 25 -3.467283010482788
982 -1 78 89 -3.467650890350342
652 259 25 25 -3.4701790809631348
962 115 26 26 -3.4703543186187744
917 213 18 26 -3.4704318046569824
1015 322 15 27 -3.470582962036133
27 315 24 28 -3.4705846309661865
1009 415 19 29 -3.471208095550537
646 286 48 74 -3.4716858863830566
1005 328 8 9 -3.472055196762085
998 2 37 54 -3.472656726837158
