0_Parade_Parade_0_144.jpg
58
120 436 8 8 -3.022108793258667
433 618 85 129 -3.059262990951538
1000 645 8 8 -3.138822078704834
475 657 31 30 -3.168736457824707
533 587 87 138 -3.192628860473633
437 659 25 42 -3.214442253112793
914 658 28 34 -3.2346978187561035
114 584 83 144 -3.2707037925720215
559 654 32 31 -3.290651798248291
714 534 198 334 -3.297069549560547
443 665 15 19 -3.297621250152588
-146 154 844 870 -3.3115313053131104
160 660 34 33 -3.312290906906128
941 287 144 233 -3.31373929977417
752 653 42 52 -3.316887140274048
209 198 14 15 -3.3181228637695312
297 192 14 15 -3.3239893913269043
1009 19 22 25 -3.325528144836426
387 610 87 130 -3.3348147869110107
503 498 16 17 -3.3419198989868164
319 612 8 8 -3.3472819328308105
694 659 26 39 -3.3494205474853516
450 655 27 42 -3.350214958190918
462 112 28 30 -3.359665632247925
576 667 23 32 -3.3618216514587402
317 651 38 46 -3.3706936836242676
886 653 39 43 -3.3760757446289062
219 365 24 37 -3.378570079803467
429 664 22 30 -3.3873987197875977
136 659 27 31 -3.3882203102111816
762 662 23 27 -3.3885602951049805
263 198 15 15 -3.38968825340271
346 -10 110 171 -3.391678810119629
6 656 25 30 -3.3921360969543457
17 434 331 380 -3.399651050567627
383 665 26 33 -3.4123799800872803
636 657 27 39 -3.4131550788879395
289 270 15 16 -3.413755416870117
934 661 29 30 -3.415698528289795
878 508 43 52 -3.4275808334350586
675 662 29 26 -3.4325830936431885
715 659 22 42 -3.4363131523132324
1011 -2 28 37 -3.4412124156951904
691 174 14 20 -3.4479727745056152
638 618 97 119 -3.4496121406555176
977 424 15 16 -3.4502460956573486
712 622 98 129 -3.453854560852051
902 650 19 22 -3.4546337127685547
871 129 17 15 -3.459139585494995
595 239 50 80 -3.459407091140747
263 365 19 21 -3.461488723754883
457 649 52 60 -3.4646637439727783
679 163 13 19 -3.466245412826538
487 494 29 34 -3.4672155380249023
699 151 17 25 -3.471797466278076
827 440 100 149 -3.472926378250122
83 660 27 33 -3.473906993865967
589 351 27 27 -3.4756674766540527
