0_Parade_marchingband_1_763.jpg
47
357 263 52 55 0.14869332313537598
432 929 16 16 -2.7035675048828125
359 291 32 45 -2.941572904586792
329 245 54 75 -3.0013043880462646
401 1144 8 8 -3.0163803100585938
561 815 14 16 -3.0607781410217285
60 1018 222 286 -3.1908645629882812
-269 725 780 780 -3.2005484104156494
571 885 372 468 -3.210904598236084
360 341 72 97 -3.21614933013916
557 16 7 9 -3.2403340339660645
841 771 8 9 -3.2712674140930176
967 263 101 159 -3.2868504524230957
455 937 9 10 -3.2889440059661865
400 1108 8 8 -3.290884256362915
415 1116 9 9 -3.310913562774658
1003 334 36 40 -3.3113627433776855
1010 906 28 40 -3.318521499633789
889 503 16 17 -3.3500919342041016
448 919 15 17 -3.3531453609466553
1013 216 16 27 -3.3617405891418457
1011 352 24 44 -3.3715224266052246
380 1102 140 194 -3.3850269317626953
265 956 21 31 -3.391152858734131
-70 1066 286 360 -3.3931939601898193
1005 206 34 42 -3.3936269283294678
31 553 16 14 -3.4052486419677734
259 947 397 505 -3.421764850616455
374 281 46 63 -3.42722225189209
189 1025 194 325 -3.4299159049987793
322 274 98 112 -3.4306528568267822
82 1127 100 149 -3.4370570182800293
506 762 14 16 -3.4450695514678955
299 746 15 16 -3.4451329708099365
423 514 98 135 -3.4466447830200195
1010 639 27 48 -3.447848320007324
614 847 19 25 -3.4495255947113037
303 358 36 43 -3.454932928085327
737 887 7 9 -3.4549641609191895
802 672 39 45 -3.4568653106689453
817 131 34 27 -3.4633679389953613
608 544 7 8 -3.467075824737549
529 681 56 74 -3.468557596206665
481 799 27 24 -3.468926191329956
570 818 12 13 -3.469642400741577
450 104 25 34 -3.47302508354187
515 727 27 40 -3.4756479263305664
