0_Parade_Parade_0_546.jpg
126
536 271 99 148 6.080773830413818
403 237 110 174 5.287281513214111
459 267 86 123 0.19304537773132324
371 362 92 123 -0.7836469411849976
545 192 107 161 -1.4458154439926147
207 410 80 138 -1.9987401962280273
690 286 26 30 -2.2039871215820312
565 328 115 131 -2.5061216354370117
583 254 96 130 -2.5222349166870117
425 286 71 78 -2.7070536613464355
604 578 99 133 -2.890336751937866
94 1482 104 111 -2.901719331741333
899 386 8 10 -2.96199631690979
895 380 23 35 -2.9847307205200195
144 1516 23 38 -3.051832675933838
126 1514 24 34 -3.1018805503845215
327 918 15 15 -3.1274397373199463
795 1232 441 446 -3.132337808609009
119 1491 46 69 -3.170325517654419
55 1378 180 274 -3.172557830810547
288 1471 14 16 -3.1951122283935547
-46 1308 377 436 -3.2027621269226074
155 1519 29 31 -3.209075689315796
457 1521 32 32 -3.2289769649505615
562 936 35 39 -3.2299654483795166
332 727 99 143 -3.238802671432495
55 1506 57 57 -3.243927478790283
970 1517 29 32 -3.244025945663452
456 232 8 9 -3.2636516094207764
341 1090 7 10 -3.2682902812957764
948 299 140 187 -3.2685484886169434
902 1463 103 148 -3.2726850509643555
137 1517 20 21 -3.283262252807617
666 291 57 60 -3.29046630859375
50 1456 100 126 -3.3126344680786133
169 1502 42 57 -3.316791534423828
461 899 767 1013 -3.317202091217041
833 1502 52 70 -3.3195815086364746
1011 1203 18 27 -3.320629835128784
961 916 11 14 -3.329172372817993
745 1007 7 8 -3.3316469192504883
998 1457 38 46 -3.3409206867218018
957 1488 50 82 -3.344703197479248
116 1519 21 27 -3.348179578781128
487 203 12 15 -3.350285053253174
770 1383 182 234 -3.3510899543762207
416 669 7 8 -3.3525776863098145
885 395 26 33 -3.3540127277374268
136 1527 14 18 -3.3568761348724365
537 274 43 61 -3.3577871322631836
349 980 13 16 -3.3584964275360107
336 1094 15 20 -3.364023208618164
836 382 263 357 -3.370805501937866
827 817 25 30 -3.3719944953918457
409 923 20 23 -3.3736276626586914
475 1518 20 27 -3.3752803802490234
877 1513 31 27 -3.3758630752563477
858 26 257 354 -3.37642502784729
737 1519 27 34 -3.376706123352051
916 981 13 14 -3.3782877922058105
115 1433 8 9 -3.378431797027588
990 1522 28 31 -3.385817289352417
411 161 105 147 -3.3890440464019775
296 939 94 109 -3.3917222023010254
710 1515 38 45 -3.396366596221924
429 1457 93 125 -3.39797306060791
132 1380 8 9 -3.3998818397521973
380 1493 72 62 -3.4010889530181885
321 958 15 16 -3.401109218597412
516 1510 35 45 -3.4014458656311035
484 1509 36 47 -3.403895616531372
610 247 31 40 -3.4054012298583984
88 1523 25 22 -3.4055380821228027
347 377 41 52 -3.416137218475342
548 1151 53 74 -3.417914628982544
321 325 177 220 -3.4182939529418945
628 304 124 132 -3.418929100036621
502 918 66 67 -3.4264917373657227
633 781 40 44 -3.427955150604248
515 387 43 66 -3.4303581714630127
310 1051 54 79 -3.4312357902526855
558 638 13 18 -3.433288335800171
567 239 57 70 -3.433554172515869
250 497 99 130 -3.437657356262207
208 197 181 257 -3.438072443008423
640 232 28 43 -3.438213586807251
702 1513 29 30 -3.4398396015167236
247 918 44 41 -3.439887046813965
331 937 11 13 -3.4400370121002197
730 621 17 26 -3.441743850708008
851 1097 110 116 -3.444317579269409
505 889 110 123 -3.446016311645508
803 920 14 18 -3.4467344284057617
101 373 112 148 -3.447270631790161
902 1513 25 42 -3.4482133388519287
589 169 31 42 -3.448368787765503
343 1057 15 17 -3.449481964111328
198 1522 25 29 -3.4496543407440186
220 1302 31 30 -3.4520528316497803
904 379 8 10 -3.453690528869629
170 1522 22 24 -3.4537971019744873
371 106 19 22 -3.457821846008301
694 374 51 54 -3.4581358432769775
342 124 28 41 -3.458451271057129
402 229 40 43 -3.45857572555542
151 1525 18 14 -3.4589052200317383
1002 395 34 41 -3.461158514022827
690 1516 28 34 -3.462120294570923
629 323 41 68 -3.4626965522766113
205 1490 49 66 -3.462874174118042
535 932 26 33 -3.4634628295898438
830 1032 39 58 -3.4634969234466553
309 68 29 30 -3.4648215770721436
492 194 99 129 -3.4660544395446777
372 932 8 9 -3.4663891792297363
761 103 80 95 -3.4667716026306152
604 1280 380 528 -3.4676613807678223
421 368 102 145 -3.4703564643859863
563 363 36 43 -3.4724109172821045
253 1012 55 76 -3.473327159881592
255 1006 106 133 -3.473331928253174
526 493 191 253 -3.473365306854248
423 1504 17 21 -3.4734108448028564
670 1273 113 146 -3.4736061096191406
96 876 8 9 -3.474822998046875
368 474 17 19 -3.4759907722473145
