0_Parade_Parade_0_789.jpg
55
640 119 16 18 -3.118821144104004
801 111 15 18 -3.1414074897766113
12 260 7 8 -3.2564992904663086
195 265 104 133 -3.267059087753296
379 143 14 16 -3.2816989421844482
485 528 223 260 -3.2872064113616943
638 127 24 30 -3.308133125305176
426 126 53 75 -3.316009521484375
689 176 14 16 -3.333664655685425
753 138 40 57 -3.3373894691467285
263 393 13 15 -3.3377022743225098
456 95 15 15 -3.345175266265869
42 288 53 68 -3.3555960655212402
354 523 12 16 -3.3564229011535645
724 502 18 26 -3.364508867263794
641 97 30 32 -3.3649332523345947
788 141 23 27 -3.370473623275757
714 624 86 105 -3.3746700286865234
-26 258 112 143 -3.378045082092285
776 639 50 87 -3.385053873062134
701 551 194 231 -3.3855948448181152
6 332 84 107 -3.391680955886841
216 55 52 80 -3.3924672603607178
928 212 8 9 -3.3928301334381104
632 112 14 18 -3.398845672607422
201 642 50 79 -3.4216294288635254
580 102 90 106 -3.4279158115386963
773 146 21 26 -3.428016185760498
695 339 40 57 -3.42931866645813
626 118 20 21 -3.430844306945801
593 250 97 116 -3.4361953735351562
858 181 19 23 -3.440391778945923
220 378 56 94 -3.4425582885742188
785 163 7 9 -3.445343017578125
774 105 35 49 -3.4489009380340576
408 308 104 159 -3.4496073722839355
761 86 74 82 -3.450690746307373
834 630 88 101 -3.4516096115112305
610 82 55 73 -3.4517176151275635
132 331 26 30 -3.4535772800445557
168 203 54 67 -3.4544482231140137
18 288 27 38 -3.456782341003418
715 325 55 56 -3.462763786315918
779 128 19 30 -3.466398239135742
916 209 8 9 -3.466585636138916
672 19 19 27 -3.4676268100738525
734 144 98 149 -3.467634916305542
93 374 33 46 -3.470258951187134
761 187 15 22 -3.4703805446624756
795 134 45 55 -3.4704644680023193
577 546 101 119 -3.4721992015838623
254 223 31 29 -3.4734768867492676
98 361 56 77 -3.4749207496643066
315 13 165 219 -3.4752702713012695
150 219 20 26 -3.47527813911438
