0_Parade_Parade_0_139.jpg
65
395 400 8 10 -2.3834991455078125
696 128 9 9 -2.654649257659912
289 147 7 9 -2.896514415740967
912 228 7 8 -2.9472126960754395
354 366 13 16 -2.9992640018463135
360 374 8 9 -3.012666702270508
353 367 8 10 -3.051136016845703
363 343 13 16 -3.103785514831543
404 416 8 9 -3.129882335662842
17 315 8 9 -3.1745312213897705
504 353 7 8 -3.203972578048706
737 345 14 15 -3.229015827178955
392 305 7 8 -3.2304787635803223
352 359 8 9 -3.240372657775879
431 318 11 13 -3.254641056060791
365 344 8 9 -3.255211591720581
32 407 16 17 -3.257662534713745
336 430 8 10 -3.2689597606658936
112 457 8 8 -3.299137830734253
373 223 7 8 -3.299661874771118
273 424 15 17 -3.3015823364257812
636 249 8 8 -3.3093178272247314
665 303 14 17 -3.32765531539917
305 351 15 16 -3.3346590995788574
682 304 14 16 -3.3349862098693848
888 332 8 8 -3.3350329399108887
-23 521 161 197 -3.3552699089050293
443 4 49 70 -3.3583974838256836
116 441 7 8 -3.3635149002075195
156 176 7 8 -3.3831489086151123
147 444 179 333 -3.3863320350646973
966 528 16 23 -3.3870770931243896
915 59 154 236 -3.387564182281494
541 30 42 67 -3.3892571926116943
337 376 7 9 -3.3994157314300537
649 344 14 14 -3.401837110519409
953 493 60 80 -3.4195566177368164
502 375 30 28 -3.424236536026001
333 384 30 48 -3.4246952533721924
209 367 14 17 -3.428328037261963
669 423 295 353 -3.433922052383423
268 413 37 47 -3.434628486633301
408 408 8 9 -3.435091018676758
973 537 15 24 -3.438127279281616
343 383 8 9 -3.439357280731201
-94 161 813 906 -3.442662239074707
920 224 8 8 -3.4435715675354004
1016 127 10 21 -3.4456629753112793
441 377 11 15 -3.4512124061584473
22 566 79 114 -3.451749086380005
913 132 29 30 -3.452655076980591
755 145 16 15 -3.4529664516448975
947 523 32 39 -3.454195737838745
124 549 55 83 -3.4546291828155518
234 400 103 108 -3.4563028812408447
358 349 29 40 -3.456364154815674
234 382 27 36 -3.461082935333252
980 3 36 48 -3.4650096893310547
203 570 25 32 -3.4653804302215576
209 390 28 32 -3.465686559677124
111 589 20 25 -3.4657039642333984
317 412 506 478 -3.4661896228790283
164 370 40 42 -3.4693238735198975
961 585 16 17 -3.4716572761535645
686 93 47 73 -3.4730281829833984
