0_Parade_Parade_0_492.jpg
88
689 212 8 9 -2.3018546104431152
468 241 7 8 -2.9996371269226074
409 349 8 8 -3.080576181411743
372 671 31 32 -3.1026194095611572
771 641 101 105 -3.118386745452881
813 659 27 48 -3.1258997917175293
357 665 35 27 -3.1336629390716553
160 664 26 35 -3.239004135131836
331 665 27 47 -3.243284225463867
801 668 26 42 -3.2464599609375
102 662 23 41 -3.250122547149658
304 608 86 130 -3.2661502361297607
546 669 29 31 -3.2669484615325928
13 199 8 8 -3.2809948921203613
777 672 26 35 -3.284034490585327
743 641 57 56 -3.285484552383423
783 656 35 45 -3.2860729694366455
825 666 29 35 -3.286684036254883
608 670 35 33 -3.2953269481658936
1005 73 29 39 -3.2999250888824463
857 667 17 27 -3.3053441047668457
101 257 8 8 -3.3066229820251465
577 613 110 116 -3.3097147941589355
647 667 27 30 -3.3269948959350586
872 665 27 40 -3.330672025680542
673 665 30 32 -3.3459312915802
561 508 8 8 -3.3460288047790527
645 272 8 9 -3.3475074768066406
923 665 33 33 -3.3491673469543457
359 648 57 54 -3.357203483581543
752 220 8 8 -3.3612730503082275
449 664 25 28 -3.366215705871582
969 411 89 97 -3.367523193359375
875 66 11 14 -3.37839674949646
754 234 29 31 -3.3785789012908936
605 228 55 73 -3.379082202911377
864 669 20 34 -3.3879308700561523
1011 83 13 19 -3.3943490982055664
945 62 15 17 -3.396129608154297
657 670 33 32 -3.3965110778808594
725 649 47 64 -3.396609306335449
454 631 46 71 -3.3995437622070312
48 614 108 113 -3.399664878845215
-5 639 62 66 -3.4013724327087402
554 456 15 16 -3.4065444469451904
529 309 88 130 -3.4126291275024414
121 669 22 40 -3.4136574268341064
956 667 31 30 -3.4173731803894043
840 666 38 50 -3.421220302581787
715 34 70 89 -3.422349691390991
255 549 199 241 -3.4223670959472656
546 366 18 22 -3.423586845397949
900 663 27 46 -3.426408052444458
175 674 19 30 -3.4305672645568848
789 676 18 22 -3.430938959121704
189 668 29 32 -3.4318783283233643
593 122 100 102 -3.432600975036621
690 207 13 17 -3.436711072921753
907 337 25 29 -3.4381542205810547
503 613 100 128 -3.439929962158203
204 664 25 42 -3.440741539001465
818 672 16 19 -3.4408912658691406
515 154 25 36 -3.4419784545898438
774 584 7 8 -3.4450483322143555
257 660 43 58 -3.4474411010742188
85 670 25 32 -3.4492173194885254
767 283 15 19 -3.4496092796325684
766 364 33 31 -3.450906753540039
761 28 45 80 -3.4528114795684814
124 627 104 132 -3.4538958072662354
945 40 55 73 -3.4544546604156494
716 183 14 18 -3.4553463459014893
466 663 27 27 -3.4564714431762695
859 78 19 27 -3.456713914871216
938 126 16 14 -3.4579973220825195
505 626 36 48 -3.458418130874634
141 647 41 77 -3.458562135696411
488 281 44 60 -3.459702491760254
501 361 107 164 -3.4635825157165527
673 465 105 157 -3.463608741760254
130 162 54 75 -3.4646151065826416
932 102 33 30 -3.4657840728759766
880 673 14 24 -3.4664478302001953
948 630 25 36 -3.468343496322632
245 340 32 29 -3.468980312347412
243 662 28 44 -3.469067096710205
803 33 51 72 -3.4714698791503906
736 241 21 24 -3.4750583171844482
