0_Parade_Parade_0_263.jpg
93
240 577 8 10 -2.1167538166046143
696 360 8 9 -2.8267502784729004
244 579 7 11 -2.8794589042663574
504 352 7 9 -2.987393617630005
296 582 13 16 -2.989938497543335
294 545 15 16 -3.015552520751953
21 331 7 8 -3.0225913524627686
232 577 15 19 -3.0273070335388184
343 424 16 16 -3.0334787368774414
929 672 24 24 -3.0988986492156982
532 670 29 41 -3.10984468460083
142 609 89 118 -3.1374127864837646
578 669 28 41 -3.1506807804107666
919 651 39 52 -3.1654741764068604
941 282 12 16 -3.1785359382629395
245 671 27 38 -3.192824602127075
844 554 196 205 -3.1932966709136963
377 416 16 16 -3.1959068775177
-36 602 198 208 -3.2004008293151855
703 669 29 41 -3.2033910751342773
591 665 30 37 -3.2060911655426025
45 651 51 52 -3.217442035675049
231 620 8 8 -3.2254061698913574
683 669 31 38 -3.2322773933410645
440 500 7 9 -3.239431381225586
508 642 54 66 -3.2540905475616455
486 670 32 38 -3.2564938068389893
753 484 8 9 -3.262314558029175
437 556 202 238 -3.2646892070770264
712 628 86 103 -3.272926092147827
995 669 28 41 -3.2738261222839355
889 629 87 112 -3.2744765281677246
145 447 7 8 -3.2753217220306396
327 425 8 9 -3.277103900909424
211 667 30 37 -3.2798941135406494
269 580 7 9 -3.2879769802093506
662 551 189 215 -3.3042967319488525
435 665 31 41 -3.3062376976013184
523 439 52 73 -3.309068202972412
548 669 30 36 -3.312258005142212
770 637 51 70 -3.313236951828003
250 645 49 71 -3.3144631385803223
11 647 53 55 -3.322564125061035
317 561 185 219 -3.326392650604248
165 667 24 39 -3.3266353607177734
397 639 55 80 -3.3271262645721436
501 423 17 21 -3.3339061737060547
633 667 31 40 -3.3402907848358154
228 582 8 10 -3.346968650817871
558 628 91 114 -3.348426342010498
453 668 30 38 -3.3523340225219727
453 625 94 124 -3.3545682430267334
340 671 28 37 -3.358583927154541
173 456 7 8 -3.36087965965271
735 666 31 39 -3.362581729888916
942 639 52 78 -3.36436128616333
877 636 51 72 -3.3667051792144775
254 574 15 17 -3.369826316833496
483 66 744 969 -3.3767054080963135
335 573 7 8 -3.3928935527801514
507 266 25 28 -3.395353078842163
417 505 15 16 -3.398383378982544
366 352 19 25 -3.3994266986846924
751 656 36 61 -3.404691696166992
492 417 16 18 -3.4047505855560303
198 647 52 70 -3.4122960567474365
375 465 15 18 -3.4134013652801514
940 667 27 33 -3.4148013591766357
420 667 28 37 -3.4160284996032715
359 386 59 68 -3.416910409927368
909 364 7 8 -3.4187073707580566
784 142 68 85 -3.420759916305542
787 669 31 34 -3.4245660305023193
226 666 32 38 -3.4255318641662598
168 412 7 8 -3.4314024448394775
365 648 53 72 -3.4323904514312744
545 673 14 20 -3.4328536987304688
469 669 30 39 -3.4362807273864746
210 404 51 70 -3.4424543380737305
368 330 27 30 -3.4460535049438477
223 418 28 38 -3.446547508239746
207 47 14 16 -3.455254554748535
728 480 7 8 -3.455702066421509
1003 226 35 51 -3.458643913269043
306 328 112 134 -3.459773302078247
222 566 18 27 -3.4612505435943604
692 641 54 76 -3.46394944190979
329 406 12 16 -3.4650628566741943
280 579 8 9 -3.4662084579467773
836 668 33 38 -3.4680428504943848
923 673 16 18 -3.468580722808838
550 96 98 123 -3.473989963531494
901 249 25 33 -3.475587844848633
