0_Parade_Parade_0_651.jpg
173
506 133 51 52 3.9289259910583496
990 159 36 44 -0.5291956663131714
970 167 45 49 -0.8367201089859009
484 116 48 93 -1.4024467468261719
558 374 23 30 -1.6258518695831299
935 218 34 32 -2.6773452758789062
392 135 15 18 -2.715599536895752
984 487 15 18 -2.7371249198913574
908 654 22 23 -2.825416088104248
31 36 15 19 -3.030433177947998
599 512 7 8 -3.0993096828460693
12 1152 23 42 -3.1026737689971924
596 256 28 31 -3.1825907230377197
940 1089 104 124 -3.183584451675415
50 597 28 31 -3.1880128383636475
876 1157 30 34 -3.1956255435943604
858 1159 28 32 -3.2067837715148926
545 923 438 497 -3.225579261779785
509 159 33 43 -3.231499671936035
727 1161 16 21 -3.2346456050872803
571 416 8 8 -3.234778881072998
-22 1108 101 132 -3.2354907989501953
928 668 7 8 -3.236391305923462
756 471 8 10 -3.237583637237549
284 835 8 10 -3.2379393577575684
684 31 33 35 -3.2409191131591797
560 359 15 16 -3.2435543537139893
741 843 7 9 -3.2454559803009033
556 41 9 9 -3.2599472999572754
920 952 8 9 -3.267575263977051
124 1015 7 9 -3.270280122756958
287 101 180 257 -3.2719898223876953
437 1152 29 35 -3.279958724975586
980 1158 23 28 -3.285999298095703
-8 1135 52 74 -3.2860169410705566
22 1157 28 30 -3.2934489250183105
11 16 52 79 -3.3000855445861816
705 1156 27 39 -3.309324026107788
151 981 9 9 -3.3113112449645996
732 851 8 9 -3.3168861865997314
434 937 12 16 -3.3188421726226807
441 657 13 17 -3.319732666015625
507 320 89 144 -3.324707508087158
88 1159 36 33 -3.3325612545013428
251 140 83 95 -3.3329625129699707
896 631 47 54 -3.3339056968688965
412 265 25 33 -3.3356027603149414
47 77 25 36 -3.3398256301879883
326 135 87 106 -3.3398594856262207
502 1153 30 32 -3.344644546508789
529 375 52 72 -3.349034309387207
955 1151 39 47 -3.3531339168548584
780 940 386 415 -3.3582701683044434
396 145 52 74 -3.3592703342437744
551 136 17 18 -3.363304376602173
854 1162 17 23 -3.363974094390869
777 384 15 15 -3.3654463291168213
115 1150 29 35 -3.3690812587738037
594 1143 41 50 -3.373478889465332
49 1121 101 119 -3.374022960662842
498 48 14 17 -3.3812520503997803
994 1149 25 48 -3.381366491317749
248 592 44 62 -3.390970468521118
723 1147 37 43 -3.3909783363342285
344 171 33 44 -3.3942322731018066
912 950 16 20 -3.3952059745788574
486 714 10 13 -3.4031617641448975
285 124 55 62 -3.405740737915039
967 1161 18 26 -3.4070181846618652
835 1159 31 30 -3.409074306488037
798 81 18 26 -3.4123528003692627
224 128 8 9 -3.412691116333008
867 561 92 136 -3.4157581329345703
558 455 24 27 -3.4202489852905273
-20 159 99 126 -3.420602798461914
118 180 55 64 -3.4220359325408936
285 841 17 24 -3.4221487045288086
289 319 57 67 -3.425579786300659
303 715 18 20 -3.426549196243286
843 390 114 158 -3.427239179611206
357 176 40 48 -3.427565097808838
641 209 24 30 -3.4277138710021973
45 194 42 58 -3.4277901649475098
923 717 42 42 -3.428015947341919
929 989 45 76 -3.4288852214813232
24 35 30 31 -3.4292044639587402
855 1040 18 20 -3.43056321144104
651 39 18 24 -3.430666923522949
985 441 14 15 -3.431931972503662
788 514 82 123 -3.432103157043457
166 846 33 37 -3.432363986968994
716 440 26 25 -3.4328906536102295
862 1134 50 76 -3.434349536895752
424 -2 165 208 -3.436192750930786
688 955 15 18 -3.436499834060669
483 1150 38 47 -3.436549186706543
812 441 26 28 -3.4371771812438965
41 68 8 9 -3.437717914581299
768 925 53 74 -3.437929630279541
623 1069 141 184 -3.4381003379821777
16 956 7 8 -3.440080165863037
334 171 23 32 -3.4403903484344482
820 688 77 82 -3.4418320655822754
631 1148 40 44 -3.4419941902160645
498 679 205 259 -3.442086696624756
149 201 36 44 -3.443176746368408
110 936 23 28 -3.4433751106262207
929 770 15 19 -3.4435620307922363
974 1159 19 20 -3.443579912185669
804 671 23 33 -3.443582773208618
714 123 49 72 -3.4448790550231934
877 746 67 87 -3.4455504417419434
35 71 8 9 -3.4468092918395996
534 431 53 70 -3.4472880363464355
849 532 77 103 -3.447770118713379
748 396 8 9 -3.448188066482544
26 68 21 23 -3.448878288269043
412 424 24 28 -3.448969602584839
607 490 47 86 -3.4490609169006348
184 18 44 66 -3.449493408203125
362 102 74 99 -3.4518043994903564
920 712 92 111 -3.452511787414551
719 863 50 57 -3.452970504760742
923 585 25 29 -3.4533462524414062
531 932 24 29 -3.4541220664978027
156 182 20 31 -3.4543638229370117
16 128 47 66 -3.4550094604492188
718 1155 17 25 -3.4560530185699463
737 244 25 43 -3.456348419189453
951 825 49 66 -3.4571309089660645
848 582 15 18 -3.4573540687561035
796 626 28 30 -3.4574694633483887
570 219 7 8 -3.4583048820495605
713 832 7 9 -3.458460807800293
374 166 11 17 -3.458536386489868
693 57 55 72 -3.4586429595947266
266 154 109 148 -3.4588892459869385
816 746 79 83 -3.4589805603027344
348 173 97 103 -3.4599170684814453
446 841 36 59 -3.4603018760681152
792 442 35 44 -3.4605817794799805
433 956 20 24 -3.461371421813965
772 633 44 59 -3.462131977081299
852 413 59 65 -3.4627151489257812
866 791 23 28 -3.462719678878784
696 594 33 33 -3.4627928733825684
831 741 36 46 -3.463059902191162
76 1064 118 133 -3.4632210731506348
376 428 13 17 -3.4643008708953857
839 644 31 38 -3.4648842811584473
837 710 18 27 -3.4649806022644043
102 574 101 117 -3.465719223022461
29 220 19 28 -3.465869426727295
287 1151 43 46 -3.4658782482147217
598 55 91 124 -3.469057083129883
662 81 16 23 -3.4698612689971924
950 1017 19 26 -3.470109462738037
342 658 98 115 -3.470198631286621
912 656 8 9 -3.4707536697387695
527 518 18 29 -3.470867156982422
132 188 23 28 -3.471045732498169
497 408 22 24 -3.4713053703308105
202 629 116 139 -3.4714343547821045
563 359 37 46 -3.4717509746551514
548 512 31 29 -3.4719626903533936
976 186 65 116 -3.4721758365631104
881 1162 15 19 -3.472989559173584
503 54 61 62 -3.472994089126587
29 2 54 65 -3.475503444671631
1010 574 20 26 -3.475551128387451
1008 597 20 35 -3.476036787033081
474 186 23 32 -3.476072311401367
18 105 19 24 -3.476076126098633
