0_Parade_Parade_0_710.jpg
138
365 229 16 19 -1.8666692972183228
279 185 45 77 -1.9828712940216064
316 110 177 240 -2.080836534500122
813 263 32 42 -2.495535135269165
316 334 9 11 -2.7888245582580566
350 175 99 127 -2.817162036895752
33 158 14 20 -2.8849966526031494
37 150 21 37 -2.9176270961761475
53 156 21 30 -3.0791282653808594
860 388 7 10 -3.0914673805236816
170 394 106 163 -3.1181857585906982
537 631 90 117 -3.1259219646453857
867 665 25 32 -3.156803607940674
829 554 174 213 -3.1634328365325928
507 61 106 108 -3.1634681224823
793 654 38 49 -3.1636972427368164
43 171 19 24 -3.1705069541931152
880 384 7 9 -3.171677589416504
832 268 188 266 -3.1890053749084473
385 161 26 34 -3.194777011871338
829 663 26 44 -3.195094108581543
997 303 8 10 -3.1995320320129395
429 554 182 220 -3.1999619007110596
808 282 26 30 -3.2009284496307373
328 198 15 18 -3.2237977981567383
870 261 13 15 -3.2258074283599854
634 561 179 225 -3.225823402404785
471 662 27 46 -3.2484371662139893
354 192 13 16 -3.2553155422210693
509 611 77 102 -3.260585308074951
314 327 16 16 -3.2638559341430664
905 265 58 74 -3.267495632171631
471 286 16 19 -3.2690916061401367
403 170 52 62 -3.273395538330078
391 665 25 45 -3.278409957885742
880 642 50 64 -3.2817561626434326
757 618 95 134 -3.289280891418457
230 646 55 56 -3.289355993270874
544 196 194 239 -3.290159225463867
818 671 22 33 -3.2931337356567383
570 663 30 37 -3.297699451446533
585 666 34 36 -3.308729410171509
724 655 54 58 -3.3100860118865967
835 243 20 23 -3.316746473312378
890 672 16 23 -3.3167927265167236
204 655 57 80 -3.3193225860595703
953 242 7 10 -3.32053542137146
523 663 25 44 -3.3268699645996094
142 668 28 32 -3.3328895568847656
30 146 15 25 -3.340806007385254
470 653 51 83 -3.3428032398223877
444 252 14 20 -3.3432228565216064
846 657 44 56 -3.345611810684204
521 219 51 49 -3.34869122505188
211 280 36 43 -3.362375020980835
841 256 10 15 -3.369316577911377
995 220 44 72 -3.373339891433716
769 195 7 9 -3.375649929046631
567 312 20 37 -3.3757662773132324
484 672 22 24 -3.377185583114624
842 119 14 16 -3.3791229724884033
285 223 50 70 -3.384242057800293
543 665 44 45 -3.386664390563965
32 457 10 13 -3.388702869415283
286 540 15 16 -3.3889551162719727
340 156 64 61 -3.390007972717285
629 264 7 9 -3.3924269676208496
601 553 100 115 -3.3949708938598633
849 668 18 29 -3.403252601623535
880 320 27 34 -3.4059226512908936
991 27 17 18 -3.407167434692383
806 646 50 81 -3.4122982025146484
306 279 211 202 -3.4148521423339844
319 645 30 45 -3.415005922317505
920 288 16 22 -3.4154388904571533
507 481 21 25 -3.415695905685425
45 422 385 494 -3.419987440109253
863 246 19 22 -3.420719623565674
39 168 12 16 -3.423487663269043
369 341 46 63 -3.4254844188690186
355 95 95 141 -3.4254918098449707
369 246 104 158 -3.428205966949463
246 159 403 464 -3.4282567501068115
833 279 12 16 -3.4293673038482666
758 296 32 33 -3.429718494415283
35 131 17 25 -3.4303219318389893
418 124 13 18 -3.431189775466919
22 204 12 18 -3.431704044342041
752 324 31 42 -3.436758518218994
217 223 57 66 -3.437690258026123
433 241 48 56 -3.4388046264648438
264 232 18 27 -3.439213275909424
12 232 20 22 -3.4393370151519775
182 654 45 53 -3.442300796508789
239 210 184 195 -3.442415475845337
801 670 24 23 -3.443081855773926
90 672 32 36 -3.443737268447876
754 638 55 69 -3.4442384243011475
283 -25 108 156 -3.444269895553589
336 193 10 13 -3.4451680183410645
210 320 167 224 -3.4466958045959473
960 267 19 23 -3.448383331298828
608 638 80 90 -3.448514699935913
842 200 15 16 -3.4497804641723633
199 649 18 21 -3.4502384662628174
402 77 104 131 -3.451136589050293
16 116 9 9 -3.4520106315612793
632 395 20 30 -3.4526655673980713
380 636 47 78 -3.4531335830688477
170 463 42 49 -3.453204393386841
116 665 25 42 -3.4534788131713867
403 282 57 56 -3.45613956451416
956 458 52 75 -3.456214427947998
727 268 37 45 -3.4567272663116455
274 323 28 40 -3.457616090774536
264 217 45 53 -3.457868814468384
824 627 97 125 -3.4578893184661865
927 253 34 47 -3.4583966732025146
394 376 17 17 -3.4586870670318604
791 143 222 264 -3.4591658115386963
882 665 19 36 -3.4603538513183594
296 316 25 33 -3.46090030670166
241 128 14 16 -3.46189546585083
447 501 20 25 -3.4634294509887695
924 666 27 41 -3.4648005962371826
293 674 29 34 -3.4653515815734863
479 392 23 29 -3.46567964553833
1008 422 20 26 -3.4670166969299316
344 488 93 93 -3.4676311016082764
772 291 37 45 -3.468923330307007
250 179 103 120 -3.4706289768218994
872 534 26 33 -3.4716720581054688
155 224 55 78 -3.4723339080810547
494 643 51 82 -3.473292350769043
855 374 16 21 -3.4735183715820312
556 611 16 20 -3.4748690128326416
-5 557 233 219 -3.4751410484313965
336 135 40 46 -3.4756224155426025
