0_Parade_marchingband_1_461.jpg
62
702 206 79 116 2.453281879425049
-2 19 32 37 -2.457159996032715
772 309 92 158 -2.5959701538085938
1008 334 26 39 -3.061150312423706
195 248 55 61 -3.1005055904388428
124 599 204 286 -3.1292850971221924
604 640 24 34 -3.1676743030548096
1011 327 17 27 -3.2399420738220215
-118 238 677 924 -3.274017810821533
1001 306 48 58 -3.281473398208618
971 509 72 103 -3.3035831451416016
998 237 12 14 -3.3387718200683594
998 484 38 51 -3.3423702716827393
265 41 14 17 -3.347583055496216
462 545 12 17 -3.3481578826904297
806 675 99 168 -3.3549184799194336
548 523 48 53 -3.3599395751953125
499 342 96 146 -3.36924409866333
901 463 160 188 -3.3746955394744873
292 68 8 9 -3.376075267791748
392 8 8 9 -3.3830554485321045
687 229 17 23 -3.385472059249878
976 559 45 72 -3.3887276649475098
623 15 15 19 -3.393068552017212
810 149 177 255 -3.394644260406494
578 526 30 41 -3.394944190979004
231 593 211 288 -3.410137891769409
18 291 31 30 -3.412928342819214
251 316 21 22 -3.4132986068725586
573 144 49 69 -3.4163661003112793
801 601 203 300 -3.4187088012695312
799 404 48 70 -3.420085906982422
1008 263 26 38 -3.422433376312256
1009 291 18 25 -3.423313617706299
772 393 103 151 -3.42600679397583
144 647 35 44 -3.428924083709717
972 598 50 75 -3.4313628673553467
298 78 13 16 -3.433378219604492
105 684 99 146 -3.434072494506836
274 339 44 60 -3.434403657913208
197 232 110 151 -3.4449682235717773
81 18 108 126 -3.44779896736145
885 336 111 154 -3.447899580001831
438 126 21 22 -3.449319362640381
632 45 14 18 -3.449493169784546
920 195 14 19 -3.4495041370391846
452 215 99 128 -3.449522018432617
759 601 27 30 -3.4522440433502197
256 367 29 35 -3.4551234245300293
354 382 100 142 -3.4570634365081787
667 239 24 28 -3.4588794708251953
19 504 34 46 -3.4589626789093018
931 322 23 27 -3.4615511894226074
659 609 229 309 -3.4620776176452637
986 279 40 75 -3.462585926055908
185 643 25 30 -3.4667887687683105
816 143 23 29 -3.468118906021118
791 167 96 141 -3.469630479812622
666 274 19 26 -3.469799518585205
404 251 96 147 -3.47348690032959
8 258 50 69 -3.4744977951049805
741 215 83 122 -3.4752070903778076
