0_Parade_marchingband_1_545.jpg
334
337 415 33 39 5.649819850921631
263 396 38 43 5.1924004554748535
0 482 55 80 5.16757869720459
245 447 49 63 4.495554447174072
918 481 49 75 4.231316089630127
380 554 53 81 2.8274083137512207
404 568 69 96 1.1293967962265015
699 371 45 47 0.9619807600975037
877 379 37 39 0.7961276769638062
231 468 46 79 -0.1106712818145752
874 461 80 99 -0.3684270977973938
938 483 62 93 -0.8002768754959106
249 406 38 48 -0.8054704666137695
835 350 26 31 -0.8298885822296143
580 353 36 42 -1.0406527519226074
275 415 29 40 -1.1122689247131348
492 335 39 42 -1.1198959350585938
348 406 23 30 -1.4142613410949707
255 480 40 58 -1.4625581502914429
630 501 54 83 -1.7542786598205566
818 297 33 40 -1.8607325553894043
498 493 29 36 -1.991185188293457
700 228 7 8 -2.0779292583465576
943 241 12 15 -2.141449213027954
467 425 14 17 -2.2312254905700684
968 227 8 9 -2.3819704055786133
801 310 47 53 -2.4040884971618652
903 421 91 117 -2.49776554107666
78 440 17 19 -2.5040175914764404
235 321 14 16 -2.5071403980255127
811 423 9 10 -2.5258584022521973
824 295 15 15 -2.551039218902588
890 353 44 52 -2.5565319061279297
924 589 68 61 -2.5615644454956055
835 209 30 32 -2.585965394973755
58 473 30 44 -2.607182264328003
450 447 15 18 -2.621246576309204
25 442 14 15 -2.636387825012207
724 303 28 31 -2.6661882400512695
800 428 29 35 -2.673473834991455
694 445 59 81 -2.6840980052948
811 312 13 16 -2.6891369819641113
248 358 14 18 -2.6994094848632812
434 396 40 48 -2.7119760513305664
798 397 29 34 -2.746636390686035
354 343 14 17 -2.791177272796631
636 207 8 10 -2.7990100383758545
456 409 14 15 -2.8120548725128174
364 405 27 38 -2.8165054321289062
592 327 14 16 -2.8301329612731934
392 492 27 38 -2.837445020675659
818 327 14 16 -2.846630334854126
643 513 31 32 -2.849405527114868
443 401 14 16 -2.851562738418579
585 320 15 16 -2.8521218299865723
560 271 14 16 -2.857024669647217
924 333 31 36 -2.88071870803833
23 368 15 16 -2.8819119930267334
35 463 42 60 -2.8993983268737793
452 424 57 71 -2.900550603866577
962 199 7 9 -2.9040768146514893
578 320 15 16 -2.9043807983398438
561 280 14 16 -2.9111456871032715
918 286 24 32 -2.914093494415283
443 416 14 17 -2.9202094078063965
763 513 49 57 -2.9254496097564697
393 534 58 63 -2.934007406234741
729 224 7 8 -2.934098482131958
247 473 26 35 -2.9342291355133057
380 362 25 36 -2.9431843757629395
893 306 26 31 -2.948265552520752
607 515 96 122 -2.954371452331543
972 227 7 9 -2.9632444381713867
641 207 8 10 -2.992276430130005
497 400 14 17 -2.9959609508514404
400 502 16 19 -3.004262685775757
754 398 28 34 -3.0082314014434814
893 368 22 29 -3.0162339210510254
750 637 57 60 -3.030639410018921
223 479 9 10 -3.0315656661987305
396 572 35 36 -3.044022798538208
909 335 25 34 -3.0460076332092285
737 338 27 31 -3.0484771728515625
556 287 8 9 -3.0522027015686035
412 450 8 10 -3.0565943717956543
379 495 27 41 -3.0617637634277344
314 321 14 15 -3.0629820823669434
735 320 30 33 -3.0641660690307617
378 305 15 17 -3.067138433456421
481 428 8 9 -3.068441867828369
886 511 95 101 -3.0686593055725098
288 374 14 19 -3.069831371307373
642 649 58 71 -3.0699753761291504
872 655 59 59 -3.0721700191497803
280 326 15 17 -3.089045286178589
652 672 28 37 -3.089426279067993
952 231 7 9 -3.0912749767303467
973 223 7 9 -3.093308687210083
812 385 34 46 -3.102952241897583
553 288 14 15 -3.1139349937438965
264 327 15 15 -3.119075298309326
216 407 15 17 -3.1216678619384766
480 255 16 17 -3.1338701248168945
822 368 15 18 -3.137099027633667
391 503 16 17 -3.1415367126464844
70 278 16 18 -3.1430914402008057
610 385 30 32 -3.14599347114563
638 670 30 33 -3.1479310989379883
393 485 60 67 -3.14890193939209
460 413 35 49 -3.153123617172241
188 425 36 54 -3.1576008796691895
671 546 215 236 -3.157613754272461
622 588 101 125 -3.164738655090332
790 661 27 34 -3.167358875274658
916 247 8 10 -3.1729326248168945
515 384 28 34 -3.174886465072632
483 289 27 33 -3.1751139163970947
627 379 9 9 -3.175341844558716
248 321 15 16 -3.1807947158813477
830 332 25 37 -3.1916284561157227
668 672 28 36 -3.192516326904297
739 608 96 132 -3.1973884105682373
1010 455 18 24 -3.201503276824951
481 342 27 33 -3.2062387466430664
622 672 31 38 -3.213157892227173
236 314 23 29 -3.216765880584717
1012 432 17 24 -3.225130319595337
150 281 17 13 -3.2283568382263184
454 453 14 17 -3.228412628173828
627 316 190 204 -3.2300329208374023
738 273 27 31 -3.232471466064453
732 431 34 37 -3.2372117042541504
66 271 15 18 -3.237583637237549
818 351 27 30 -3.237978935241699
488 477 8 8 -3.24212646484375
399 420 18 20 -3.2423815727233887
214 627 7 9 -3.2432098388671875
561 399 15 17 -3.245013952255249
391 368 28 31 -3.246692180633545
561 558 169 266 -3.2496137619018555
815 553 172 221 -3.2506918907165527
396 397 16 16 -3.2539656162261963
14 524 38 56 -3.2554476261138916
973 330 25 31 -3.2568092346191406
163 383 41 43 -3.2611052989959717
769 288 7 9 -3.2621641159057617
99 666 35 42 -3.2649152278900146
814 665 30 34 -3.2668826580047607
961 668 30 39 -3.2694976329803467
724 236 8 8 -3.2700743675231934
579 613 83 128 -3.272624969482422
577 373 44 44 -3.273624897003174
72 454 16 19 -3.277812957763672
641 325 7 9 -3.2792282104492188
520 384 16 17 -3.2795169353485107
224 421 7 9 -3.281459093093872
97 368 36 44 -3.2822136878967285
829 484 8 9 -3.2822256088256836
647 414 25 32 -3.2847461700439453
561 312 15 15 -3.285123348236084
165 257 6 8 -3.290012836456299
258 461 28 33 -3.2911224365234375
313 331 29 28 -3.291881799697876
407 422 19 21 -3.292422294616699
426 373 80 101 -3.2925174236297607
787 415 27 33 -3.2925477027893066
940 674 31 35 -3.294419288635254
992 236 9 9 -3.2972989082336426
790 673 15 20 -3.2977919578552246
451 400 14 17 -3.3006463050842285
294 467 33 43 -3.3031976222991943
759 574 48 63 -3.303473472595215
939 231 18 20 -3.3080759048461914
489 400 14 17 -3.309182643890381
831 275 28 30 -3.3122177124023438
654 666 19 25 -3.320739507675171
251 498 202 339 -3.3233728408813477
311 328 16 17 -3.325010299682617
482 423 14 16 -3.326892614364624
368 215 14 20 -3.330596685409546
785 351 27 34 -3.3311800956726074
248 360 8 9 -3.334074020385742
197 663 29 35 -3.3353569507598877
624 320 14 16 -3.3354740142822266
492 228 7 9 -3.3433096408843994
15 670 33 34 -3.346036434173584
388 381 24 41 -3.346437931060791
763 313 20 23 -3.34647274017334
471 250 38 44 -3.3478784561157227
948 232 8 10 -3.350132465362549
943 331 31 34 -3.352421522140503
309 335 14 17 -3.355473518371582
391 369 16 15 -3.361015558242798
873 664 30 31 -3.361325979232788
140 532 8 9 -3.363196849822998
603 672 30 36 -3.364078998565674
624 335 15 17 -3.3655214309692383
394 424 30 33 -3.366039514541626
150 498 25 33 -3.3663930892944336
684 673 16 22 -3.367870807647705
257 359 15 17 -3.369953155517578
461 661 42 45 -3.37034273147583
240 346 36 45 -3.372105836868286
482 383 14 17 -3.373387336730957
423 412 39 54 -3.375248908996582
914 224 14 16 -3.377006769180298
655 517 38 52 -3.38332462310791
330 320 13 16 -3.3844640254974365
299 319 26 36 -3.3849680423736572
675 655 50 61 -3.3863518238067627
238 336 15 16 -3.386620044708252
435 510 14 17 -3.38666033744812
781 583 36 39 -3.3878321647644043
212 669 29 35 -3.388375997543335
845 646 48 82 -3.3884072303771973
249 303 14 15 -3.3884596824645996
915 669 25 29 -3.388502836227417
182 589 59 64 -3.3912999629974365
33 280 15 17 -3.3917951583862305
993 430 51 55 -3.3918259143829346
37 121 729 852 -3.392463445663452
883 673 27 32 -3.393594741821289
758 314 16 14 -3.3939716815948486
922 677 30 34 -3.395026206970215
7 493 217 259 -3.3952548503875732
724 654 58 62 -3.3965303897857666
529 466 28 34 -3.397078275680542
739 664 29 35 -3.397853136062622
409 246 37 40 -3.398350238800049
220 396 18 30 -3.3985419273376465
677 575 27 29 -3.3991541862487793
1002 199 27 30 -3.3991947174072266
797 674 33 30 -3.3995165824890137
266 616 21 22 -3.4004874229431152
944 256 13 15 -3.402728796005249
416 444 7 9 -3.402758836746216
161 349 98 124 -3.405186891555786
327 504 12 15 -3.4057953357696533
617 389 8 8 -3.4059600830078125
547 280 29 33 -3.4111313819885254
754 528 69 85 -3.411205530166626
311 524 25 37 -3.4119420051574707
403 439 7 9 -3.4123332500457764
967 518 32 33 -3.4137609004974365
714 491 54 71 -3.414522409439087
585 336 15 16 -3.4163691997528076
536 328 14 16 -3.4169604778289795
67 450 32 31 -3.416999101638794
562 264 14 16 -3.4176573753356934
478 227 19 23 -3.4183998107910156
951 358 35 45 -3.4194722175598145
781 628 45 80 -3.4197731018066406
438 661 43 49 -3.420599937438965
248 272 8 8 -3.422590970993042
221 365 22 29 -3.42364501953125
2 669 28 34 -3.4243555068969727
721 324 19 26 -3.4260776042938232
1010 275 17 27 -3.4270286560058594
624 559 27 49 -3.427166700363159
294 606 90 134 -3.4275271892547607
864 360 64 86 -3.4275753498077393
226 314 44 59 -3.4286510944366455
505 673 17 26 -3.4287843704223633
970 347 22 24 -3.430100679397583
264 360 9 9 -3.4301609992980957
379 388 45 56 -3.4304628372192383
356 281 50 71 -3.4319496154785156
310 432 10 11 -3.431959867477417
489 231 17 22 -3.432166576385498
27 256 62 54 -3.4328417778015137
989 345 17 24 -3.43310809135437
81 456 15 18 -3.435603618621826
366 194 18 29 -3.4359629154205322
561 646 7 10 -3.437060594558716
557 653 20 19 -3.4372336864471436
483 663 32 31 -3.437361478805542
664 670 15 23 -3.438044309616089
208 256 7 9 -3.4386987686157227
370 463 27 30 -3.4407706260681152
241 262 15 19 -3.441300392150879
930 659 27 36 -3.44144868850708
447 634 85 87 -3.4424262046813965
478 405 47 63 -3.442641258239746
222 412 26 34 -3.4433529376983643
985 223 13 15 -3.444059371948242
144 516 23 30 -3.444481372833252
543 551 19 28 -3.4447295665740967
884 273 25 31 -3.444822311401367
194 350 49 68 -3.4454452991485596
151 367 37 44 -3.446343183517456
559 291 14 20 -3.44645357131958
383 494 14 18 -3.448690176010132
330 484 37 43 -3.450258731842041
324 354 94 107 -3.4510397911071777
412 445 8 9 -3.451714515686035
377 289 28 37 -3.452200412750244
6 290 26 24 -3.4523751735687256
56 265 27 34 -3.453083038330078
806 672 16 21 -3.453270673751831
177 362 12 15 -3.4539637565612793
160 608 49 64 -3.4546122550964355
174 672 30 35 -3.456474781036377
466 624 24 21 -3.456486463546753
574 323 24 26 -3.4565422534942627
792 281 206 245 -3.457227945327759
867 200 18 25 -3.457820415496826
229 671 29 32 -3.4584240913391113
702 507 24 28 -3.4586501121520996
551 275 50 69 -3.458784818649292
568 420 52 77 -3.4594571590423584
504 320 15 16 -3.4594733715057373
129 287 8 9 -3.4595799446105957
945 342 65 80 -3.46034574508667
383 453 103 131 -3.460477590560913
668 28 17 23 -3.460705280303955
999 301 15 20 -3.46343994140625
886 648 20 33 -3.464226484298706
609 648 47 49 -3.4649946689605713
316 626 19 34 -3.465745210647583
920 236 14 19 -3.466392755508423
825 660 41 53 -3.467258930206299
286 363 38 44 -3.467362403869629
105 430 15 20 -3.4681382179260254
991 157 52 71 -3.4688937664031982
230 535 22 28 -3.469085216522217
470 347 25 37 -3.4699313640594482
206 426 38 50 -3.4704244136810303
910 492 36 36 -3.470447301864624
312 280 7 9 -3.4708404541015625
489 236 7 9 -3.4711194038391113
636 672 15 23 -3.4728236198425293
311 391 15 18 -3.473931074142456
756 566 32 39 -3.474153995513916
756 352 18 25 -3.474412441253662
