0_Parade_marchingband_1_1049.jpg
173
376 369 214 228 1.0433218479156494
583 294 9 11 -2.663870334625244
920 476 14 19 -2.761185884475708
568 280 13 18 -2.950559616088867
63 1191 17 18 -2.9736437797546387
509 312 163 208 -2.995821952819824
409 268 8 9 -3.006831645965576
984 1053 7 8 -3.0516819953918457
580 316 8 9 -3.0807557106018066
132 1024 8 9 -3.088629722595215
956 1504 30 35 -3.0999865531921387
1010 862 17 26 -3.1073451042175293
992 1504 17 21 -3.1295580863952637
815 1496 25 31 -3.1315646171569824
423 291 9 10 -3.1467013359069824
939 1503 31 36 -3.160637140274048
982 528 98 142 -3.169774055480957
877 1444 89 122 -3.1751465797424316
751 1500 27 31 -3.1798782348632812
987 1502 32 38 -3.183835983276367
971 1504 30 36 -3.1950392723083496
744 1497 54 50 -3.199434995651245
244 1351 8 10 -3.2251086235046387
88 1500 30 33 -3.233748197555542
904 1500 26 46 -3.2359375953674316
508 74 13 18 -3.242206573486328
368 1499 29 39 -3.2443978786468506
173 1499 26 34 -3.2525601387023926
250 4 47 71 -3.2526960372924805
1010 692 16 29 -3.257542371749878
532 1484 50 53 -3.259073257446289
784 1465 54 67 -3.2707808017730713
1010 848 25 31 -3.274569511413574
791 1507 20 28 -3.2759389877319336
26 1362 13 14 -3.2894093990325928
498 1458 86 109 -3.293552875518799
488 304 8 9 -3.2973363399505615
825 758 198 259 -3.3020401000976562
799 1500 32 42 -3.32132887840271
311 1496 26 45 -3.322680950164795
923 1439 91 135 -3.329770803451538
879 1476 52 62 -3.330639123916626
217 565 8 8 -3.330676555633545
599 1500 28 37 -3.3374850749969482
617 1013 196 221 -3.344578742980957
170 1488 64 64 -3.3463833332061768
999 263 43 52 -3.3485195636749268
994 683 33 51 -3.348670721054077
986 819 12 17 -3.352444648742676
481 1499 29 38 -3.354234218597412
559 1498 31 36 -3.354379177093506
564 323 7 10 -3.357107162475586
108 1494 31 33 -3.360447406768799
218 1494 29 37 -3.3613340854644775
961 1489 57 71 -3.3613829612731934
26 1496 29 35 -3.3619134426116943
355 1401 167 212 -3.3632259368896484
544 85 89 134 -3.3651297092437744
857 1499 26 42 -3.3668699264526367
402 272 13 16 -3.3677258491516113
919 1487 26 37 -3.3680384159088135
481 1387 7 9 -3.3722872734069824
467 295 60 70 -3.3729019165039062
305 728 91 122 -3.3738207817077637
113 1229 14 19 -3.375277280807495
990 458 58 57 -3.376091480255127
520 525 7 8 -3.377305746078491
942 1477 45 52 -3.3792097568511963
998 572 34 39 -3.3854894638061523
924 570 128 238 -3.3866090774536133
23 1487 61 61 -3.387587547302246
568 284 8 9 -3.389801025390625
764 1494 29 31 -3.3920164108276367
41 1357 7 8 -3.393172264099121
835 1500 31 31 -3.3940484523773193
846 1469 51 72 -3.3969266414642334
128 281 97 124 -3.398026704788208
188 1378 20 29 -3.4011497497558594
-9 322 102 139 -3.402320384979248
197 718 30 32 -3.403891086578369
428 329 15 16 -3.406482696533203
1011 1261 16 27 -3.4094815254211426
395 1040 393 468 -3.4109504222869873
170 1474 12 16 -3.411864757537842
1012 1122 33 42 -3.4126057624816895
965 655 84 92 -3.413853883743286
424 288 14 17 -3.4138989448547363
803 1505 15 24 -3.413926839828491
113 148 172 211 -3.415306329727173
588 1468 53 70 -3.4154915809631348
687 952 48 57 -3.4195446968078613
199 -19 100 144 -3.4202451705932617
131 570 137 143 -3.424914598464966
1017 419 16 29 -3.427821159362793
590 519 35 44 -3.42809796333313
195 130 88 115 -3.428894519805908
195 1470 27 34 -3.4297637939453125
431 10 19 22 -3.430476665496826
396 -4 120 133 -3.430797576904297
332 1493 42 44 -3.432109832763672
1010 278 22 27 -3.432579278945923
964 1194 74 112 -3.4332683086395264
76 1077 46 74 -3.4334158897399902
259 171 19 26 -3.4336438179016113
162 1467 22 30 -3.434910297393799
855 1352 175 263 -3.435364246368408
194 1293 13 15 -3.435678482055664
338 785 70 89 -3.4360146522521973
588 728 56 75 -3.437816619873047
948 194 85 101 -3.4391024112701416
777 1499 30 28 -3.4401135444641113
318 689 17 21 -3.4401421546936035
420 283 15 16 -3.4409544467926025
198 552 92 120 -3.4418342113494873
1000 861 36 43 -3.442173957824707
0 16 42 54 -3.4423060417175293
730 1496 32 35 -3.4447131156921387
272 1449 94 112 -3.4454894065856934
528 753 417 450 -3.4459149837493896
1009 703 26 46 -3.4461803436279297
921 1507 22 27 -3.4480724334716797
941 332 139 170 -3.4485321044921875
870 533 19 21 -3.449354648590088
431 315 9 10 -3.4503161907196045
900 1182 33 29 -3.4508848190307617
950 377 25 40 -3.4511067867279053
573 31 16 20 -3.451629877090454
4 42 24 24 -3.451899528503418
563 1472 53 81 -3.4525198936462402
291 206 29 31 -3.4528608322143555
647 250 92 118 -3.453036308288574
237 1286 15 23 -3.4540371894836426
599 494 55 75 -3.4543380737304688
366 295 23 30 -3.455021858215332
178 190 20 25 -3.4552907943725586
546 1235 15 22 -3.455395221710205
573 186 35 51 -3.4560797214508057
419 23 16 18 -3.4563207626342773
270 1306 12 16 -3.456432819366455
579 1499 29 38 -3.4568347930908203
127 1067 21 25 -3.4575397968292236
524 1203 47 56 -3.4575583934783936
638 1111 96 115 -3.4588921070098877
506 284 31 31 -3.4589970111846924
949 359 21 29 -3.4601943492889404
1013 680 17 19 -3.460203170776367
380 570 26 28 -3.4604620933532715
1013 1150 15 21 -3.4605586528778076
751 916 17 25 -3.4606008529663086
108 199 17 22 -3.461066722869873
940 1170 17 19 -3.461073398590088
28 640 8 9 -3.461345672607422
92 1505 17 18 -3.4617249965667725
592 94 29 37 -3.461824655532837
388 275 46 76 -3.463772773742676
344 19 24 25 -3.464473009109497
166 1427 56 68 -3.4661834239959717
520 290 8 9 -3.4664087295532227
530 26 103 122 -3.466898202896118
806 343 18 22 -3.466996192932129
4 298 50 74 -3.4693596363067627
512 51 22 29 -3.470510482788086
315 181 21 25 -3.4705817699432373
863 1126 18 21 -3.472637176513672
109 1333 208 256 -3.473355293273926
370 62 22 29 -3.473708391189575
422 1480 50 79 -3.473985195159912
376 781 17 15 -3.474047899246216
327 786 34 40 -3.4741573333740234
748 1440 84 130 -3.474821090698242
340 1504 16 26 -3.47489070892334
375 1278 41 49 -3.475630044937134
547 180 38 44 -3.4756741523742676
