0_Parade_Parade_0_347.jpg
30
96 287 8 9 -1.9528112411499023
289 286 13 18 -2.682878017425537
436 37 9 10 -2.820910930633545
884 335 7 8 -3.194276809692383
847 598 15 17 -3.2324295043945312
422 385 7 8 -3.2404322624206543
1012 34 20 26 -3.27359938621521
524 573 173 232 -3.316274642944336
744 544 195 300 -3.340831995010376
1012 203 15 24 -3.344747304916382
875 547 188 232 -3.3482728004455566
562 643 50 74 -3.397447109222412
756 632 7 9 -3.4100329875946045
598 642 51 75 -3.4200222492218018
176 -35 109 135 -3.427920341491699
921 358 29 36 -3.431166887283325
647 547 188 220 -3.434615135192871
690 663 49 70 -3.4385886192321777
820 654 62 72 -3.438997268676758
950 311 139 177 -3.4403913021087646
289 399 14 17 -3.4431447982788086
329 278 43 53 -3.447871685028076
343 129 14 15 -3.4563140869140625
880 487 15 16 -3.4594531059265137
990 420 57 77 -3.4610002040863037
58 69 111 141 -3.4624922275543213
341 515 26 24 -3.467276096343994
1007 447 30 39 -3.47293758392334
713 485 102 128 -3.47463321685791
998 201 40 44 -3.4759609699249268
