0_Parade_marchingband_1_623.jpg
59
583 156 8 9 -2.7961857318878174
983 307 9 9 -3.0183873176574707
603 575 199 221 -3.0485286712646484
721 436 7 10 -3.05316162109375
424 137 93 111 -3.125204086303711
-44 534 217 228 -3.180915355682373
690 643 50 83 -3.1813857555389404
400 419 8 9 -3.202078104019165
476 646 8 10 -3.2371184825897217
470 637 61 61 -3.2787747383117676
99 211 8 9 -3.3011887073516846
252 651 74 54 -3.312986373901367
531 196 17 23 -3.319998264312744
190 634 51 67 -3.323197841644287
163 63 11 12 -3.3363564014434814
42 654 64 63 -3.342942476272583
958 591 23 25 -3.3520402908325195
301 647 49 61 -3.35738468170166
223 637 60 70 -3.368716239929199
925 76 7 9 -3.3717732429504395
648 597 104 124 -3.3796119689941406
435 260 50 79 -3.3798885345458984
502 645 63 57 -3.3960235118865967
329 247 95 116 -3.399665117263794
390 191 43 47 -3.402010202407837
628 326 8 11 -3.40218186378479
619 67 54 64 -3.402970314025879
293 332 7 8 -3.4065353870391846
428 165 8 9 -3.4153194427490234
931 163 38 47 -3.4158873558044434
553 83 87 108 -3.424166440963745
618 107 10 13 -3.4255483150482178
465 629 31 38 -3.42879319190979
247 176 48 59 -3.43027663230896
603 89 14 14 -3.4313814640045166
566 158 9 10 -3.431766986846924
602 81 13 15 -3.434683322906494
967 26 16 23 -3.4365592002868652
503 83 55 68 -3.4366166591644287
393 11 15 20 -3.4406299591064453
915 253 13 17 -3.446855306625366
586 310 29 30 -3.4472267627716064
569 267 95 109 -3.4516103267669678
639 343 13 17 -3.4558961391448975
618 81 14 15 -3.4574623107910156
236 66 55 67 -3.4582695960998535
92 246 39 45 -3.460554599761963
440 149 28 27 -3.461268424987793
932 562 48 73 -3.4620964527130127
539 638 50 70 -3.462844133377075
440 8 54 81 -3.467613935470581
562 110 18 22 -3.46884822845459
487 54 51 77 -3.4690980911254883
643 265 103 119 -3.4714066982269287
664 639 48 68 -3.4716567993164062
914 611 88 110 -3.4736382961273193
607 114 51 78 -3.4754178524017334
409 455 110 112 -3.4755990505218506
949 191 49 75 -3.475950241088867
