0_Parade_Parade_0_84.jpg
69
669 347 35 37 -1.5544899702072144
384 15 16 17 -2.62149977684021
254 573 97 129 -2.8527884483337402
439 599 53 64 -3.02854061126709
284 618 27 41 -3.0772171020507812
924 587 57 61 -3.112379550933838
304 626 20 25 -3.1156506538391113
660 620 28 35 -3.137721061706543
553 598 49 68 -3.1798441410064697
63 553 104 126 -3.183393716812134
472 601 47 60 -3.1924314498901367
356 553 92 131 -3.196661949157715
313 608 59 54 -3.217139482498169
623 624 30 26 -3.2329514026641846
502 452 189 275 -3.2342793941497803
436 304 433 504 -3.2453453540802
410 616 32 31 -3.2505385875701904
562 621 28 34 -3.255021095275879
587 605 54 64 -3.2558956146240234
373 620 35 35 -3.2629246711730957
837 614 26 44 -3.2731823921203613
293 603 45 52 -3.2761778831481934
907 505 176 226 -3.2835068702697754
345 622 29 30 -3.302499294281006
360 508 175 226 -3.3046936988830566
297 628 15 20 -3.3049774169921875
528 569 104 139 -3.3061907291412354
549 227 7 9 -3.309589147567749
318 625 31 31 -3.311375617980957
581 612 30 32 -3.3130874633789062
959 610 49 74 -3.341169595718384
497 113 14 19 -3.3511109352111816
429 621 28 35 -3.3520114421844482
843 603 62 64 -3.361912965774536
610 550 115 138 -3.3690707683563232
654 626 19 25 -3.385740280151367
787 616 32 34 -3.386756420135498
632 419 98 157 -3.3874073028564453
443 572 87 119 -3.3920295238494873
29 473 238 263 -3.405391216278076
857 576 111 131 -3.4060423374176025
363 617 24 42 -3.406205177307129
498 613 30 33 -3.4103281497955322
830 628 18 26 -3.4129233360290527
460 620 29 36 -3.4182112216949463
526 625 35 29 -3.425762176513672
519 599 17 19 -3.42864727973938
958 478 91 105 -3.429133415222168
102 621 30 36 -3.434274673461914
11 619 30 38 -3.438051223754883
703 466 218 232 -3.438838005065918
549 119 16 22 -3.4391233921051025
777 145 14 14 -3.4423887729644775
917 52 108 137 -3.4446470737457275
185 539 19 27 -3.4485840797424316
70 131 101 125 -3.4487621784210205
899 596 54 63 -3.4501287937164307
817 622 23 30 -3.4529964923858643
817 171 290 391 -3.455378532409668
968 619 35 31 -3.4561946392059326
159 575 104 116 -3.456835985183716
578 185 52 71 -3.4574942588806152
501 217 20 26 -3.461435079574585
951 622 35 41 -3.462005138397217
866 623 32 31 -3.4693312644958496
119 185 100 126 -3.4696414470672607
593 621 28 36 -3.4740936756134033
933 619 30 30 -3.4751508235931396
850 363 52 73 -3.475539207458496
