0_Parade_Parade_0_482.jpg
57
583 48 7 9 -2.0886518955230713
1003 3 41 43 -3.084629535675049
274 287 13 15 -3.1053895950317383
60 683 103 157 -3.1559581756591797
-55 456 361 469 -3.1563520431518555
26 748 28 36 -3.180237293243408
395 420 20 26 -3.2049593925476074
609 73 14 17 -3.210050344467163
105 704 112 108 -3.226167678833008
629 35 7 8 -3.2484214305877686
1011 323 18 24 -3.2676541805267334
738 602 199 225 -3.2777974605560303
231 748 26 28 -3.300614356994629
887 506 11 14 -3.3140087127685547
17 721 51 71 -3.320669174194336
710 471 374 466 -3.335998296737671
283 291 8 9 -3.339552164077759
1008 20 23 23 -3.357797622680664
1012 7 19 24 -3.3644847869873047
943 741 46 78 -3.3666365146636963
874 728 59 61 -3.3674001693725586
424 288 8 10 -3.3717525005340576
613 684 112 131 -3.381843090057373
1012 276 16 27 -3.3913729190826416
848 678 118 129 -3.3938117027282715
-94 191 735 960 -3.397023916244507
-69 675 211 221 -3.398637294769287
600 145 14 16 -3.4023404121398926
166 734 65 58 -3.410449504852295
248 739 35 43 -3.417957305908203
830 668 26 30 -3.4205145835876465
96 646 207 236 -3.424621105194092
1012 155 16 26 -3.424959182739258
360 291 17 19 -3.4304842948913574
827 547 22 28 -3.437385082244873
594 753 17 26 -3.4380786418914795
1006 25 34 44 -3.4385437965393066
984 610 15 21 -3.4395949840545654
878 77 99 145 -3.4412736892700195
353 459 492 530 -3.4421305656433105
619 613 20 25 -3.4494495391845703
9 754 29 35 -3.451333522796631
967 207 18 25 -3.4537665843963623
748 19 95 120 -3.4546310901641846
739 174 107 124 -3.4558730125427246
393 754 28 35 -3.4567718505859375
301 703 111 121 -3.4567878246307373
-20 545 106 136 -3.45786452293396
443 401 96 131 -3.4611783027648926
672 11 49 71 -3.462894916534424
730 328 99 144 -3.4735889434814453
730 680 115 127 -3.4741222858428955
864 533 19 24 -3.474137783050537
910 720 29 31 -3.474419116973877
1011 295 17 29 -3.4744815826416016
861 159 104 121 -3.4752016067504883
871 212 190 237 -3.4759292602539062
