0_Parade_Parade_0_169.jpg
53
323 66 143 206 1.4914937019348145
491 72 95 113 -0.38875699043273926
290 -31 234 230 -2.9110097885131836
484 112 25 32 -3.0080184936523438
384 47 77 111 -3.063105821609497
474 258 375 464 -3.132004499435425
-115 247 414 460 -3.1373934745788574
62 484 121 122 -3.2058935165405273
846 540 42 61 -3.2193570137023926
569 234 15 16 -3.250812292098999
-195 -8 827 977 -3.252196788787842
752 428 228 239 -3.2527716159820557
811 559 29 32 -3.258680820465088
957 544 44 50 -3.2595601081848145
298 51 104 141 -3.3015265464782715
780 478 97 167 -3.302161693572998
815 449 13 18 -3.312521457672119
940 516 91 123 -3.3227810859680176
22 398 189 288 -3.330314874649048
16 351 7 9 -3.341667413711548
972 556 22 31 -3.350808620452881
595 503 125 116 -3.360091209411621
346 228 110 125 -3.3622310161590576
472 99 53 66 -3.3670878410339355
248 146 102 158 -3.3709471225738525
266 163 24 35 -3.3886895179748535
727 498 101 158 -3.4032368659973145
142 557 29 36 -3.4092636108398438
328 92 53 69 -3.4144911766052246
918 554 36 30 -3.4223875999450684
826 556 22 29 -3.4321448802948
31 501 96 156 -3.432760715484619
671 493 68 110 -3.4372310638427734
2 550 27 40 -3.4377059936523438
458 551 29 46 -3.440241575241089
336 105 27 34 -3.446582794189453
405 132 36 42 -3.448634147644043
186 539 59 61 -3.4494619369506836
866 542 57 55 -3.455760955810547
850 14 53 74 -3.4568209648132324
255 166 46 63 -3.456961154937744
511 270 36 44 -3.4615931510925293
804 24 99 132 -3.462918519973755
22 547 26 37 -3.463820457458496
879 382 32 30 -3.4663307666778564
725 272 79 128 -3.467547655105591
664 154 49 74 -3.4679818153381348
239 549 24 46 -3.472491979598999
34 553 26 39 -3.4726486206054688
854 76 21 30 -3.4732236862182617
349 121 24 25 -3.474036455154419
874 29 156 208 -3.4747509956359863
522 337 11 13 -3.4754831790924072
