0_Parade_Parade_0_197.jpg
77
449 330 110 134 2.957026958465576
209 67 7 8 -1.883432149887085
501 633 7 8 -2.084555149078369
318 441 83 103 -2.276918411254883
465 446 8 9 -2.59304141998291
343 161 16 17 -2.8973848819732666
609 765 7 8 -2.9189271926879883
979 58 9 11 -2.9726133346557617
35 199 9 10 -2.9762144088745117
27 199 7 10 -3.010645866394043
888 408 8 9 -3.013535499572754
561 479 15 18 -3.0216031074523926
181 743 200 308 -3.0506248474121094
478 76 93 141 -3.085996150970459
468 455 15 14 -3.095313549041748
403 354 105 146 -3.098865032196045
485 358 53 85 -3.103698968887329
691 84 25 32 -3.1510443687438965
-49 369 680 914 -3.1535706520080566
441 780 8 9 -3.155177593231201
516 370 60 101 -3.2090394496917725
447 413 32 35 -3.2198028564453125
924 56 8 9 -3.2264723777770996
690 246 14 16 -3.232513189315796
341 520 8 8 -3.2476863861083984
39 198 12 13 -3.2558159828186035
497 493 26 33 -3.2577595710754395
31 195 15 19 -3.2878105640411377
409 264 107 165 -3.289724826812744
392 511 14 18 -3.307217597961426
387 495 27 32 -3.3106045722961426
908 723 8 10 -3.314756393432617
713 664 7 9 -3.3435797691345215
497 497 15 17 -3.3454582691192627
435 410 123 108 -3.3583106994628906
484 190 56 51 -3.3721463680267334
456 435 8 10 -3.372433662414551
688 723 7 8 -3.3798179626464844
973 192 77 76 -3.3866167068481445
712 672 8 9 -3.396968126296997
84 754 191 269 -3.4089999198913574
468 419 48 78 -3.4112167358398438
372 644 24 34 -3.4122695922851562
638 591 102 178 -3.4125900268554688
575 479 8 10 -3.414158344268799
968 59 18 24 -3.417024612426758
649 520 14 17 -3.4184134006500244
201 771 54 67 -3.42044734954834
985 8 73 98 -3.4244132041931152
350 280 208 257 -3.4266767501831055
337 489 95 93 -3.4292526245117188
991 143 59 86 -3.4299490451812744
767 561 28 33 -3.4387199878692627
495 465 30 33 -3.4401509761810303
962 72 13 16 -3.4422454833984375
329 154 29 33 -3.4429163932800293
468 442 24 22 -3.445988655090332
469 598 54 74 -3.4471993446350098
635 723 48 65 -3.448568820953369
711 742 189 271 -3.450699806213379
513 625 28 42 -3.4508252143859863
911 720 20 24 -3.450951099395752
601 498 8 11 -3.4510860443115234
989 576 58 84 -3.4512436389923096
214 533 42 58 -3.452944040298462
386 790 14 18 -3.4529595375061035
603 512 17 21 -3.4574971199035645
280 99 98 123 -3.459195852279663
515 456 96 152 -3.4616317749023438
193 68 8 8 -3.464554786682129
145 63 25 32 -3.4672861099243164
162 615 23 27 -3.467658281326294
440 706 117 137 -3.4698433876037598
507 322 24 29 -3.473198652267456
970 59 78 73 -3.473322629928589
459 462 13 17 -3.4757392406463623
606 502 15 14 -3.475931167602539
