0_Parade_marchingband_1_18.jpg
23
584 331 15 16 -2.603484630584717
936 291 9 9 -3.3331031799316406
977 439 14 19 -3.3419816493988037
944 304 15 18 -3.3598928451538086
248 132 7 9 -3.3721396923065186
952 17 16 16 -3.3900153636932373
527 294 18 20 -3.3930177688598633
14 375 26 30 -3.3931937217712402
792 652 54 53 -3.4237868785858154
525 309 24 38 -3.425841808319092
470 650 52 55 -3.4304842948913574
1006 563 29 40 -3.4351158142089844
281 320 18 27 -3.4364917278289795
415 293 28 34 -3.439018964767456
21 402 24 27 -3.4428672790527344
280 640 15 15 -3.44667387008667
677 424 106 126 -3.4637911319732666
283 609 24 31 -3.4643032550811768
213 282 23 27 -3.4643208980560303
956 32 8 8 -3.467939615249634
964 441 26 39 -3.4713046550750732
826 608 14 19 -3.4729971885681152
268 480 108 131 -3.4731221199035645
