0_Parade_Parade_0_398.jpg
53
855 213 21 25 -1.4352644681930542
160 312 8 9 -1.544581413269043
846 219 29 34 -2.589064598083496
169 306 7 10 -2.5941946506500244
169 277 7 8 -2.6374928951263428
616 301 7 9 -2.9994499683380127
946 733 48 73 -3.0374248027801514
870 646 174 249 -3.089359998703003
117 414 8 10 -3.097374439239502
751 28 34 38 -3.171973705291748
-157 81 828 1184 -3.173171043395996
879 701 92 136 -3.177509069442749
-24 418 411 524 -3.209115505218506
578 501 432 518 -3.2129693031311035
783 487 7 8 -3.218708038330078
917 697 84 90 -3.238619327545166
824 188 14 17 -3.255415439605713
805 734 59 55 -3.2834060192108154
725 656 182 217 -3.3084285259246826
471 113 780 1067 -3.3097496032714844
192 449 13 16 -3.314809799194336
674 310 9 14 -3.3400304317474365
754 237 16 20 -3.349656105041504
120 320 8 9 -3.353945732116699
698 51 41 46 -3.360870361328125
277 446 396 492 -3.3697357177734375
174 737 50 80 -3.3811867237091064
541 729 50 61 -3.3875231742858887
969 735 36 48 -3.3917598724365234
116 629 203 258 -3.40293288230896
163 472 14 18 -3.4078683853149414
128 316 7 8 -3.4096100330352783
719 706 89 145 -3.4127020835876465
150 746 29 29 -3.415508270263672
482 107 25 30 -3.4291274547576904
899 733 59 54 -3.4393208026885986
721 304 7 8 -3.4457051753997803
510 475 112 120 -3.4463160037994385
721 510 51 75 -3.453188180923462
624 107 30 36 -3.4548957347869873
845 692 72 111 -3.4553117752075195
83 744 26 30 -3.4560632705688477
121 408 7 10 -3.4593660831451416
428 107 118 174 -3.460022211074829
925 416 151 185 -3.4617385864257812
747 222 27 31 -3.4622445106506348
1012 96 20 28 -3.4699339866638184
483 85 26 31 -3.471245288848877
812 187 27 40 -3.4714674949645996
177 275 7 9 -3.4715003967285156
688 86 30 36 -3.4717819690704346
453 153 21 30 -3.4734206199645996
280 370 26 32 -3.47483491897583
