0_Parade_Parade_0_231.jpg
24
215 503 185 219 -3.079493284225464
137 390 320 426 -3.2749273777008057
-64 70 812 1047 -3.2927377223968506
1010 221 21 27 -3.2930397987365723
1011 331 17 29 -3.296171188354492
905 215 13 17 -3.3219382762908936
145 483 150 231 -3.326498031616211
1002 191 32 39 -3.342898368835449
98 149 13 16 -3.3767716884613037
363 72 816 853 -3.3865926265716553
736 224 14 16 -3.390857458114624
848 263 7 8 -3.4177517890930176
569 307 8 9 -3.426006555557251
1008 267 30 37 -3.432084321975708
20 26 15 17 -3.4337668418884277
151 105 13 16 -3.434551239013672
232 93 7 8 -3.438842296600342
432 229 26 29 -3.4505162239074707
666 421 310 400 -3.453695297241211
105 233 105 116 -3.460501194000244
995 203 48 55 -3.4632186889648438
361 303 12 16 -3.4703292846679688
296 384 20 30 -3.471043109893799
193 421 25 27 -3.471217632293701
