0_Parade_Parade_0_236.jpg
79
768 424 8 9 -2.2946114540100098
781 445 7 9 -2.536687135696411
556 455 7 9 -2.862128734588623
849 247 14 18 -2.9252424240112305
644 507 8 8 -3.035290479660034
-32 451 409 502 -3.06667423248291
513 468 7 10 -3.0881481170654297
864 628 164 242 -3.096035957336426
261 727 61 62 -3.096750020980835
319 124 8 9 -3.1339852809906006
248 752 16 26 -3.1659913063049316
516 467 7 10 -3.167280435562134
953 733 38 53 -3.180461883544922
531 407 96 130 -3.213214635848999
444 359 8 9 -3.2298643589019775
933 460 7 8 -3.2320549488067627
736 300 8 8 -3.27498722076416
433 335 14 18 -3.2783432006835938
933 694 90 118 -3.278859853744507
110 749 18 28 -3.2789928913116455
685 727 69 94 -3.2860310077667236
721 747 29 31 -3.2885820865631104
352 739 53 57 -3.294644832611084
657 401 15 16 -3.30033802986145
279 647 219 224 -3.309915781021118
926 724 51 77 -3.3153676986694336
541 439 7 9 -3.3329761028289795
512 747 29 35 -3.3370180130004883
246 738 34 46 -3.3373656272888184
421 512 25 30 -3.341858386993408
-184 147 736 941 -3.3528330326080322
750 315 10 13 -3.353745698928833
366 423 460 515 -3.3537979125976562
231 747 27 39 -3.3594555854797363
226 220 90 104 -3.370945930480957
790 714 10 13 -3.384547233581543
280 89 8 9 -3.388619899749756
-38 661 193 223 -3.396561622619629
118 746 33 30 -3.397019147872925
712 264 9 9 -3.4004335403442383
555 197 11 15 -3.4031527042388916
786 340 7 8 -3.4105803966522217
282 103 30 25 -3.4111735820770264
297 743 29 39 -3.4113705158233643
736 749 30 29 -3.4132046699523926
441 334 13 17 -3.416870355606079
737 372 55 65 -3.419820785522461
938 516 31 29 -3.420030117034912
345 296 13 15 -3.4217097759246826
577 165 19 22 -3.4238810539245605
63 698 107 132 -3.424964189529419
196 147 14 14 -3.426046371459961
19 752 17 26 -3.4274885654449463
580 191 8 9 -3.4298386573791504
7 722 53 56 -3.4313299655914307
461 181 29 35 -3.4319655895233154
922 529 17 23 -3.4332199096679688
555 161 49 63 -3.4412240982055664
481 411 54 72 -3.4432272911071777
814 283 29 28 -3.444040536880493
826 303 27 35 -3.445929765701294
205 617 176 224 -3.446068286895752
514 389 27 38 -3.4480538368225098
743 393 25 31 -3.4507830142974854
99 738 39 51 -3.451181650161743
816 255 31 30 -3.453411102294922
456 144 13 17 -3.4572651386260986
383 81 96 136 -3.4575116634368896
839 322 23 23 -3.459420919418335
422 427 41 42 -3.461359977722168
97 754 20 28 -3.4623918533325195
759 512 34 52 -3.462671995162964
1011 441 14 22 -3.466634750366211
47 230 49 48 -3.4692254066467285
604 414 11 13 -3.4693491458892822
375 380 94 125 -3.469731569290161
95 266 44 45 -3.471776008605957
448 261 23 24 -3.4736034870147705
764 208 59 62 -3.4752309322357178
