0_Parade_Parade_0_388.jpg
74
953 478 13 18 -2.777829647064209
693 151 97 130 -2.9689202308654785
344 135 8 9 -3.0224521160125732
476 50 56 82 -3.0945889949798584
724 484 205 224 -3.095686912536621
224 554 32 36 -3.097668170928955
256 229 7 8 -3.100545644760132
550 555 28 29 -3.128673553466797
810 536 51 76 -3.146132707595825
983 488 17 15 -3.1611924171447754
510 513 95 123 -3.1639888286590576
521 65 92 135 -3.168031692504883
922 513 90 114 -3.1706628799438477
312 557 36 27 -3.194925308227539
957 556 25 39 -3.194957971572876
726 238 30 35 -3.20375394821167
852 343 7 9 -3.2108092308044434
779 556 28 29 -3.222308874130249
288 500 94 110 -3.238764524459839
516 396 7 9 -3.2429933547973633
847 533 52 84 -3.243457317352295
547 533 46 63 -3.248491048812866
746 557 28 34 -3.2655177116394043
1010 534 17 27 -3.288519859313965
908 287 8 10 -3.298809051513672
537 554 29 38 -3.308030128479004
871 545 61 60 -3.3242154121398926
1008 301 22 28 -3.3262081146240234
599 456 208 245 -3.3392281532287598
177 327 7 9 -3.3465352058410645
729 523 107 101 -3.349048614501953
968 551 35 49 -3.3577041625976562
415 535 51 83 -3.362525701522827
342 546 36 52 -3.36259126663208
628 556 28 34 -3.3644375801086426
302 155 19 26 -3.3887739181518555
622 530 63 71 -3.3941235542297363
287 40 15 15 -3.3975183963775635
987 555 31 37 -3.4024481773376465
226 464 217 242 -3.414649724960327
974 12 17 13 -3.4217798709869385
781 406 108 115 -3.4233529567718506
437 538 51 56 -3.4253439903259277
816 553 26 44 -3.4260764122009277
599 107 14 18 -3.437859058380127
227 242 8 10 -3.4401772022247314
16 203 8 10 -3.441246747970581
449 85 24 27 -3.4451661109924316
650 479 104 138 -3.446147918701172
698 538 62 66 -3.4487719535827637
5 476 157 173 -3.4548592567443848
425 511 123 117 -3.4554061889648438
500 14 15 19 -3.4554495811462402
526 33 29 30 -3.4558019638061523
287 555 25 38 -3.456374168395996
679 207 100 151 -3.4583518505096436
543 237 59 70 -3.459101676940918
644 460 18 30 -3.460890293121338
931 446 48 62 -3.4628407955169678
366 554 31 32 -3.463196277618408
805 463 94 163 -3.463587999343872
260 556 29 35 -3.4637081623077393
177 256 7 9 -3.464892864227295
998 82 35 59 -3.4655184745788574
715 296 52 76 -3.4659552574157715
765 361 23 32 -3.4666428565979004
411 466 25 29 -3.4669699668884277
871 237 96 143 -3.467188835144043
907 537 50 75 -3.4680633544921875
717 346 107 120 -3.4712438583374023
468 -1 38 39 -3.4715240001678467
466 67 36 55 -3.4721245765686035
415 327 52 60 -3.474721908569336
905 410 103 131 -3.474902391433716
