0_Parade_Parade_0_75.jpg
48
425 368 15 16 -2.7696621417999268
968 567 8 9 -2.794801712036133
215 447 15 16 -3.0135772228240967
351 210 30 31 -3.0163612365722656
223 447 14 17 -3.0171751976013184
929 556 7 9 -3.0441455841064453
752 548 168 224 -3.2020316123962402
609 479 14 16 -3.215221881866455
257 447 13 16 -3.2162842750549316
436 584 8 10 -3.2399866580963135
618 674 14 17 -3.240891456604004
226 502 13 17 -3.250122547149658
818 24 7 8 -3.265171766281128
241 377 13 14 -3.2736785411834717
960 488 15 16 -3.277451753616333
432 431 15 16 -3.289491653442383
597 544 201 252 -3.3250465393066406
368 646 58 62 -3.330418109893799
933 545 8 8 -3.341341733932495
673 636 69 88 -3.348114013671875
778 541 50 59 -3.3499221801757812
209 390 14 16 -3.351825475692749
650 458 339 378 -3.363203525543213
946 616 13 16 -3.3642783164978027
951 484 28 40 -3.3751890659332275
392 241 8 8 -3.37892484664917
1008 144 30 29 -3.391205310821533
970 546 45 42 -3.394463062286377
339 85 29 31 -3.398979663848877
465 552 189 230 -3.4011049270629883
187 173 52 61 -3.403064727783203
730 647 52 73 -3.4063615798950195
1004 74 34 32 -3.4116482734680176
208 502 14 16 -3.4135384559631348
439 651 48 79 -3.4265570640563965
347 570 213 225 -3.427943468093872
807 216 50 77 -3.4282429218292236
943 549 16 18 -3.4336228370666504
914 486 13 16 -3.444136142730713
1007 168 28 30 -3.4487051963806152
398 591 53 72 -3.450502395629883
992 122 51 69 -3.452846050262451
358 4 23 29 -3.4534080028533936
355 -6 48 58 -3.456754684448242
731 616 22 21 -3.459284543991089
479 583 31 28 -3.464507579803467
514 28 181 164 -3.465775966644287
215 48 109 125 -3.468111515045166
