0_Parade_Parade_0_915.jpg
83
379 264 187 244 4.2980570793151855
672 159 193 250 4.147459983825684
344 173 176 227 -0.18063056468963623
263 179 384 447 -0.42077600955963135
602 -17 273 340 -0.9461004734039307
272 243 204 250 -2.0408568382263184
328 249 14 17 -2.347585678100586
544 121 233 286 -2.548704147338867
840 443 8 10 -2.661956548690796
918 404 7 8 -2.935075521469116
776 250 16 19 -3.0632667541503906
511 518 203 269 -3.124067783355713
751 286 10 14 -3.1467151641845703
152 543 198 241 -3.148587226867676
929 659 57 71 -3.1522650718688965
744 93 177 221 -3.1932852268218994
587 638 55 69 -3.1942315101623535
485 258 91 113 -3.2158586978912354
258 638 62 96 -3.2190825939178467
898 661 56 69 -3.2334656715393066
378 310 54 67 -3.2545413970947266
343 78 57 65 -3.2546420097351074
621 640 62 74 -3.2688066959381104
479 171 384 445 -3.2852280139923096
840 529 175 273 -3.286500930786133
204 627 82 99 -3.291010618209839
180 515 8 10 -3.3121562004089355
366 10 10 13 -3.319943428039551
583 103 8 9 -3.3229527473449707
361 302 100 121 -3.3490724563598633
173 511 15 19 -3.3668100833892822
538 598 107 122 -3.3770864009857178
478 236 184 278 -3.3775269985198975
453 370 99 123 -3.37760591506958
666 231 52 66 -3.380239486694336
226 130 73 102 -3.382115602493286
844 658 54 69 -3.3829171657562256
178 329 119 127 -3.383784770965576
522 140 33 38 -3.3857216835021973
884 471 49 66 -3.392451286315918
722 524 27 39 -3.3949663639068604
187 311 57 77 -3.397092342376709
300 275 7 9 -3.397573471069336
697 579 32 32 -3.4006268978118896
669 426 43 50 -3.4013607501983643
821 448 18 28 -3.4072368144989014
674 292 28 28 -3.4163854122161865
53 13 91 110 -3.417351722717285
731 251 49 57 -3.419689178466797
468 382 28 30 -3.422006368637085
303 649 57 61 -3.4224836826324463
180 531 8 9 -3.425821304321289
353 646 64 73 -3.428248405456543
638 266 52 65 -3.4337992668151855
569 102 34 44 -3.433818817138672
294 208 7 9 -3.436203956604004
144 178 119 116 -3.437598705291748
-10 655 71 72 -3.4376981258392334
764 467 7 10 -3.4408891201019287
326 297 18 25 -3.441452980041504
899 399 138 194 -3.4433603286743164
284 656 42 48 -3.444103479385376
742 108 80 86 -3.447747230529785
696 59 91 143 -3.4525492191314697
91 71 19 22 -3.4530200958251953
159 491 26 46 -3.455029010772705
311 392 36 42 -3.4563536643981934
692 272 24 36 -3.4570000171661377
472 372 44 75 -3.4580280780792236
955 640 60 83 -3.4608206748962402
881 486 11 14 -3.462285280227661
272 62 16 19 -3.4643242359161377
572 243 122 135 -3.46462082862854
735 637 13 15 -3.465325117111206
567 571 24 29 -3.466627836227417
401 45 193 310 -3.4670894145965576
153 184 184 217 -3.4698076248168945
758 37 29 39 -3.470071792602539
-7 512 305 364 -3.4726924896240234
517 -28 104 146 -3.4730732440948486
498 295 43 60 -3.4733505249023438
926 459 35 47 -3.475494384765625
305 409 30 36 -3.4758410453796387
