0_Parade_Parade_0_78.jpg
32
163 424 8 9 -0.7529287338256836
785 377 14 16 -2.736370325088501
1004 432 7 8 -2.7572271823883057
912 401 28 31 -3.13767671585083
696 473 438 507 -3.2207443714141846
984 204 12 15 -3.2690584659576416
506 50 798 1087 -3.2991714477539062
-31 79 706 1083 -3.3184430599212646
160 562 291 379 -3.3565545082092285
993 613 55 74 -3.3845033645629883
744 372 7 9 -3.389352560043335
737 45 48 59 -3.405909538269043
1012 632 17 26 -3.4131979942321777
323 472 410 494 -3.419461965560913
817 713 112 117 -3.419966220855713
628 78 15 16 -3.4226412773132324
418 612 204 218 -3.4331138134002686
712 724 57 57 -3.4331307411193848
176 732 49 78 -3.4334816932678223
661 745 24 43 -3.4353246688842773
867 329 106 152 -3.439138889312744
87 633 204 260 -3.4429450035095215
985 248 15 16 -3.4434242248535156
792 375 13 16 -3.444632053375244
498 430 25 33 -3.4507384300231934
96 656 110 118 -3.4538159370422363
497 733 48 67 -3.454427480697632
450 295 15 17 -3.456533432006836
622 519 107 133 -3.4655635356903076
421 114 39 49 -3.4658985137939453
571 727 48 75 -3.4728617668151855
641 82 13 17 -3.4754951000213623
