0_Parade_marchingband_1_196.jpg
112
695 479 25 30 -2.244617462158203
426 596 12 15 -2.7867746353149414
648 659 8 10 -2.9173192977905273
824 16 16 17 -3.1130411624908447
107 750 32 32 -3.1338884830474854
532 492 8 9 -3.136598825454712
472 695 8 8 -3.1489858627319336
651 664 18 21 -3.1802823543548584
158 746 35 31 -3.188464403152466
870 752 28 30 -3.189053535461426
433 742 25 43 -3.22530460357666
656 760 8 10 -3.2384133338928223
520 724 61 54 -3.243849039077759
343 14 13 16 -3.250736713409424
566 679 12 13 -3.261195659637451
1011 340 21 28 -3.2682816982269287
-24 658 83 148 -3.2702550888061523
765 747 29 30 -3.2810211181640625
572 668 8 9 -3.286646842956543
-1 750 32 27 -3.2895164489746094
63 698 88 123 -3.291257619857788
98 751 22 32 -3.2929904460906982
377 728 55 58 -3.293330192565918
385 440 15 18 -3.297699213027954
809 682 52 77 -3.301382064819336
995 306 53 75 -3.3024747371673584
35 735 64 57 -3.3048720359802246
446 730 49 76 -3.305598258972168
594 461 8 9 -3.306464910507202
916 750 26 33 -3.306623935699463
11 745 40 55 -3.312872886657715
196 736 58 56 -3.314938545227051
626 528 7 9 -3.329712390899658
879 69 27 36 -3.334811210632324
123 703 107 116 -3.3353495597839355
689 463 35 35 -3.336945056915283
672 8 8 8 -3.3383023738861084
593 465 8 8 -3.340963363647461
318 652 179 217 -3.354135036468506
817 10 27 46 -3.355573892593384
188 745 31 32 -3.3659844398498535
811 440 15 18 -3.3728456497192383
744 416 7 9 -3.380244493484497
616 749 27 31 -3.386075258255005
954 732 61 55 -3.387699604034424
890 743 27 42 -3.389227867126465
822 698 92 121 -3.3900036811828613
649 652 21 20 -3.395228624343872
496 746 29 31 -3.3955132961273193
1000 325 26 34 -3.3982961177825928
736 420 38 43 -3.3988778591156006
265 54 23 30 -3.399203300476074
863 241 11 14 -3.3992409706115723
-48 619 161 254 -3.4017152786254883
932 118 29 32 -3.4025185108184814
782 752 22 24 -3.4064178466796875
592 732 66 63 -3.4088168144226074
124 755 37 29 -3.4093081951141357
944 748 27 39 -3.4093809127807617
358 61 28 30 -3.409658908843994
740 282 20 30 -3.4100239276885986
677 475 17 25 -3.4117727279663086
938 752 16 21 -3.4127845764160156
716 204 15 15 -3.415193796157837
740 60 28 37 -3.4199156761169434
716 748 23 33 -3.425943613052368
-42 516 459 501 -3.4264557361602783
475 738 44 51 -3.4270291328430176
729 444 14 18 -3.4286019802093506
113 649 207 215 -3.43060040473938
517 8 30 42 -3.4321727752685547
979 747 31 31 -3.4334166049957275
522 749 27 32 -3.4343647956848145
937 74 19 25 -3.4348020553588867
901 751 17 20 -3.436445474624634
901 756 27 28 -3.4365692138671875
563 667 18 20 -3.4405198097229004
450 646 169 225 -3.4406886100769043
828 407 23 25 -3.4436516761779785
463 747 25 31 -3.444201946258545
367 354 19 22 -3.445374011993408
854 746 25 34 -3.44753360748291
813 725 50 73 -3.4485220909118652
93 525 20 26 -3.4494128227233887
730 46 91 150 -3.4507317543029785
848 647 17 21 -3.450962543487549
575 180 16 19 -3.4513096809387207
926 4 35 39 -3.4517199993133545
314 293 24 27 -3.4522616863250732
769 317 28 28 -3.4530279636383057
809 301 22 20 -3.453327178955078
752 487 14 18 -3.4540374279022217
979 165 49 73 -3.455061435699463
979 266 27 41 -3.455303192138672
208 307 21 29 -3.4556658267974854
583 241 19 25 -3.456143856048584
440 689 21 29 -3.4564497470855713
804 486 14 16 -3.457965612411499
567 746 31 31 -3.4609858989715576
671 407 20 26 -3.462329864501953
869 134 94 132 -3.4647769927978516
546 458 28 29 -3.4672532081604004
501 726 49 80 -3.4680192470550537
752 731 55 51 -3.4697835445404053
351 202 89 158 -3.469890594482422
547 641 50 60 -3.4701812267303467
958 748 28 29 -3.4701950550079346
302 -2 31 42 -3.470612049102783
806 310 18 22 -3.473409414291382
834 12 19 25 -3.4734175205230713
549 225 40 47 -3.473454475402832
660 403 41 53 -3.47422456741333
