0_Parade_Parade_0_832.jpg
37
454 497 15 16 -2.8172013759613037
463 500 8 9 -2.920292854309082
746 598 13 16 -3.005858898162842
-163 124 696 949 -3.1427557468414307
432 514 13 15 -3.1745846271514893
864 740 8 8 -3.212407112121582
277 636 7 9 -3.2585182189941406
163 596 13 15 -3.2657666206359863
345 683 7 9 -3.279757022857666
510 710 171 183 -3.315159559249878
447 499 8 9 -3.348060131072998
318 716 118 142 -3.3498034477233887
120 605 184 358 -3.3510637283325195
559 274 17 20 -3.3588104248046875
419 539 18 20 -3.362990379333496
944 659 8 9 -3.375102996826172
891 748 112 141 -3.379915714263916
1003 715 9 8 -3.390643835067749
595 323 108 134 -3.412933349609375
123 252 41 54 -3.4139468669891357
251 248 53 65 -3.414177894592285
495 257 117 116 -3.421494483947754
391 503 421 518 -3.4218482971191406
432 497 14 16 -3.4226458072662354
414 487 52 73 -3.432725667953491
251 267 102 135 -3.43586802482605
433 237 98 146 -3.4423582553863525
192 670 231 244 -3.443023681640625
439 499 18 20 -3.455197334289551
355 768 58 81 -3.4573564529418945
812 743 27 31 -3.459219217300415
538 254 46 70 -3.4610183238983154
785 220 438 566 -3.4629714488983154
470 506 105 137 -3.467576503753662
587 597 22 26 -3.4732518196105957
385 619 28 32 -3.4752464294433594
351 771 100 163 -3.475534439086914
