0_Parade_Parade_0_563.jpg
80
933 647 7 9 -2.1806092262268066
945 656 7 9 -2.260673761367798
551 224 183 223 -2.3810086250305176
658 322 26 34 -2.5972020626068115
968 659 8 10 -2.6249401569366455
988 686 9 11 -2.830336570739746
964 659 8 10 -2.9221694469451904
691 334 13 18 -2.9644625186920166
20 727 56 64 -3.0585007667541504
-55 623 187 239 -3.063947916030884
121 256 8 9 -3.1103856563568115
837 748 29 34 -3.1316330432891846
868 590 28 31 -3.157801628112793
608 708 104 123 -3.174558401107788
222 221 99 136 -3.190178632736206
822 751 29 33 -3.1961281299591064
706 464 346 511 -3.2055141925811768
575 605 31 34 -3.219625234603882
120 748 25 29 -3.229496717453003
271 415 458 508 -3.24202823638916
729 623 201 252 -3.2482142448425293
82 748 41 44 -3.249718427658081
784 695 109 134 -3.2661919593811035
984 679 15 18 -3.2678022384643555
994 198 13 16 -3.2719106674194336
55 729 47 70 -3.282254934310913
350 747 27 40 -3.2833008766174316
895 689 95 166 -3.286775588989258
822 729 52 67 -3.2886476516723633
971 428 25 27 -3.298820972442627
381 733 55 65 -3.3086304664611816
26 752 32 33 -3.3342254161834717
609 311 8 10 -3.354184150695801
315 678 154 193 -3.3665366172790527
593 305 29 32 -3.368692636489868
772 725 64 68 -3.374840021133423
875 695 21 30 -3.3774356842041016
580 748 28 36 -3.379080057144165
808 750 27 32 -3.384150505065918
51 690 111 120 -3.387894868850708
105 745 24 36 -3.391406297683716
403 749 69 58 -3.3933069705963135
933 748 25 40 -3.395223617553711
648 746 25 30 -3.3973183631896973
943 748 32 34 -3.4006543159484863
91 648 132 179 -3.4017467498779297
972 613 28 39 -3.405100107192993
112 735 55 49 -3.4107306003570557
9 427 104 140 -3.414332628250122
439 554 103 150 -3.4211132526397705
435 746 27 29 -3.421295404434204
520 752 32 31 -3.422445058822632
40 306 9 10 -3.423307418823242
361 226 107 137 -3.4257657527923584
445 617 193 248 -3.425950288772583
392 738 28 33 -3.431157112121582
359 398 110 141 -3.431476593017578
687 559 111 139 -3.4325332641601562
542 642 196 231 -3.436289072036743
176 748 27 29 -3.4367337226867676
561 337 99 146 -3.4385581016540527
712 308 101 145 -3.4420266151428223
262 286 15 19 -3.442702054977417
986 385 22 28 -3.4433979988098145
519 240 27 43 -3.4492979049682617
934 640 76 83 -3.452106475830078
327 746 40 45 -3.4525604248046875
134 755 18 34 -3.452589273452759
147 283 35 36 -3.4536542892456055
563 269 95 122 -3.4547085762023926
108 322 23 26 -3.4551491737365723
154 272 27 28 -3.456418991088867
669 585 21 25 -3.459181785583496
357 756 17 20 -3.4607925415039062
257 433 104 126 -3.4672439098358154
512 448 111 124 -3.467963218688965
968 326 27 33 -3.4683451652526855
248 519 109 139 -3.4714760780334473
635 738 50 49 -3.472759246826172
895 580 17 25 -3.4730281829833984
