0_Parade_Parade_0_340.jpg
84
680 388 100 122 3.0665597915649414
716 340 104 130 -0.7279311418533325
681 556 189 238 -2.6492536067962646
581 856 29 27 -3.070561408996582
853 841 92 120 -3.1288914680480957
960 853 39 47 -3.1545867919921875
806 822 98 124 -3.1664257049560547
890 863 28 30 -3.188718557357788
757 857 27 41 -3.2003676891326904
456 853 27 42 -3.204847812652588
410 821 91 129 -3.220305919647217
164 635 9 10 -3.22727108001709
841 858 31 30 -3.241508960723877
338 831 49 73 -3.250912666320801
447 864 15 21 -3.2689859867095947
340 853 25 36 -3.2730553150177
752 609 102 128 -3.282156467437744
98 862 28 36 -3.2911128997802734
970 866 21 22 -3.293560743331909
867 839 49 69 -3.2970192432403564
177 560 10 10 -3.300400972366333
595 854 25 41 -3.3021130561828613
915 859 29 30 -3.3053815364837646
440 863 31 40 -3.3107364177703857
732 825 89 95 -3.3146731853485107
915 812 101 109 -3.320517063140869
1011 440 18 26 -3.3437931537628174
247 47 95 142 -3.3501064777374268
822 773 95 101 -3.357807159423828
554 816 85 116 -3.360414981842041
361 345 182 270 -3.367483139038086
374 835 49 59 -3.3694510459899902
434 406 114 135 -3.379610300064087
202 58 188 217 -3.3884787559509277
278 736 200 256 -3.390761375427246
975 385 109 120 -3.3914458751678467
352 856 29 33 -3.391490936279297
121 860 27 40 -3.391737937927246
423 858 26 33 -3.408118724822998
242 789 47 53 -3.4098329544067383
989 858 28 31 -3.410975456237793
787 807 33 38 -3.4145615100860596
244 625 16 16 -3.4146947860717773
662 305 107 138 -3.418660879135132
910 648 31 30 -3.4205269813537598
776 864 16 22 -3.4211173057556152
368 863 29 34 -3.4211392402648926
956 660 53 70 -3.4217464923858643
756 206 188 272 -3.4222052097320557
257 785 17 22 -3.4229674339294434
509 651 96 136 -3.4291176795959473
855 866 34 36 -3.429380178451538
592 869 16 23 -3.4299488067626953
324 865 31 28 -3.4314117431640625
699 709 102 114 -3.4318721294403076
797 787 20 32 -3.433443069458008
840 519 214 199 -3.436410427093506
969 687 22 28 -3.439833641052246
653 805 20 25 -3.44352388381958
126 665 112 126 -3.4471359252929688
12 847 48 56 -3.4474222660064697
225 754 103 102 -3.448972702026367
536 542 106 119 -3.449714183807373
315 384 51 70 -3.456191062927246
24 238 7 9 -3.4562551975250244
207 781 18 22 -3.4577856063842773
248 617 16 15 -3.457806348800659
900 857 32 47 -3.4584083557128906
147 283 99 161 -3.4601101875305176
926 564 16 26 -3.461087703704834
454 865 17 18 -3.4614315032958984
295 472 33 43 -3.4618167877197266
892 293 24 23 -3.4621517658233643
136 718 60 60 -3.462331771850586
937 796 20 26 -3.4637529850006104
876 857 24 41 -3.46439528465271
615 416 79 89 -3.4670262336730957
718 363 60 66 -3.4688403606414795
112 733 102 110 -3.469305992126465
984 657 12 16 -3.469865083694458
1005 240 30 42 -3.4721314907073975
423 711 104 130 -3.4729838371276855
788 560 91 118 -3.47365140914917
169 222 198 248 -3.4745006561279297
