0_Parade_Parade_0_51.jpg
170
932 667 8 11 -1.2368066310882568
695 442 10 13 -1.5956921577453613
936 667 8 11 -1.9011378288269043
863 756 11 14 -2.059450149536133
884 754 8 11 -2.456122398376465
577 123 7 10 -2.6060543060302734
835 731 8 10 -2.6101603507995605
497 138 14 15 -2.622056007385254
967 774 8 10 -2.712307929992676
908 670 8 11 -2.7601511478424072
928 739 8 9 -2.799170970916748
911 735 8 10 -2.8537418842315674
825 775 14 19 -2.891460657119751
856 761 16 15 -2.928185224533081
689 984 13 15 -2.9298744201660156
546 63 13 16 -2.935204029083252
944 694 15 14 -2.9496140480041504
1011 134 16 30 -2.9891748428344727
889 444 7 9 -2.997375965118408
852 373 8 9 -3.002912998199463
729 987 8 9 -3.019209861755371
864 687 9 10 -3.031407594680786
919 777 12 14 -3.0548579692840576
828 759 8 8 -3.064438581466675
495 798 16 17 -3.06790828704834
886 17 12 17 -3.0958492755889893
976 1204 35 33 -3.1376636028289795
903 671 8 10 -3.148360013961792
867 679 17 16 -3.157418966293335
407 688 96 112 -3.162240743637085
260 1207 18 27 -3.164508819580078
565 171 13 11 -3.165130376815796
766 758 14 17 -3.1802988052368164
988 99 8 9 -3.1943845748901367
903 671 15 16 -3.204845905303955
852 727 8 9 -3.206779718399048
985 652 9 9 -3.210399627685547
928 698 8 11 -3.213155508041382
958 1202 41 50 -3.2197341918945312
797 1209 31 31 -3.222590923309326
984 98 8 10 -3.23002290725708
780 864 8 9 -3.2369019985198975
530 128 13 16 -3.2463274002075195
1009 17 22 26 -3.2469124794006348
572 1176 10 15 -3.2476701736450195
976 347 8 10 -3.250178575515747
692 925 8 8 -3.250991106033325
937 1149 113 109 -3.2532193660736084
930 1205 21 31 -3.273268699645996
856 735 7 9 -3.2814998626708984
185 976 7 9 -3.2830498218536377
1004 653 32 41 -3.28309965133667
995 128 39 49 -3.2855098247528076
825 782 8 11 -3.2860031127929688
754 703 12 17 -3.294315814971924
918 706 11 11 -3.294837713241577
760 759 14 18 -3.2976717948913574
984 719 7 10 -3.2983322143554688
94 1200 25 45 -3.3120265007019043
776 755 7 10 -3.313157796859741
486 1205 28 32 -3.3198142051696777
520 639 14 16 -3.321504831314087
908 740 8 10 -3.3221688270568848
924 1190 43 50 -3.32749605178833
200 1194 39 48 -3.3305163383483887
980 1207 16 20 -3.3338985443115234
776 700 7 9 -3.343567371368408
647 312 8 9 -3.345032215118408
856 703 8 9 -3.3467345237731934
967 732 8 10 -3.352105140686035
912 675 8 9 -3.352320432662964
107 1203 27 42 -3.355168104171753
872 101 7 8 -3.358011484146118
890 1153 103 138 -3.358672857284546
538 1195 41 48 -3.3606176376342773
998 -15 44 78 -3.3616161346435547
981 656 20 23 -3.3623383045196533
559 1211 31 28 -3.3669967651367188
957 715 7 9 -3.3703532218933105
748 4 22 25 -3.377183437347412
798 1157 93 119 -3.380110263824463
946 1043 51 61 -3.381241798400879
932 93 8 8 -3.38171124458313
232 1196 37 48 -3.3850531578063965
259 807 8 10 -3.3850882053375244
997 1209 15 25 -3.391261100769043
170 1167 91 110 -3.3920531272888184
266 1203 28 31 -3.40057373046875
757 822 53 78 -3.403024673461914
1013 119 32 45 -3.403090000152588
825 751 8 9 -3.4047460556030273
564 453 24 26 -3.4054884910583496
560 144 16 21 -3.405961036682129
681 963 22 27 -3.4077603816986084
1005 898 30 33 -3.4102466106414795
1008 1145 20 30 -3.4197745323181152
901 718 8 11 -3.420652151107788
1012 1040 17 25 -3.420774459838867
950 1204 29 31 -3.422802448272705
990 698 9 9 -3.423386812210083
873 670 24 30 -3.4236087799072266
509 894 20 33 -3.4247899055480957
928 661 14 20 -3.425445079803467
493 873 38 42 -3.4255902767181396
997 315 19 25 -3.4258270263671875
732 85 11 15 -3.4266722202301025
338 729 45 61 -3.427290439605713
903 681 12 16 -3.427924871444702
995 261 49 75 -3.42806339263916
504 799 17 25 -3.4302687644958496
915 678 17 20 -3.4309160709381104
728 1206 35 30 -3.4309632778167725
968 321 36 48 -3.433407783508301
746 855 49 74 -3.4341273307800293
1011 294 20 31 -3.4365084171295166
973 79 7 9 -3.4386203289031982
824 740 8 9 -3.4392287731170654
225 145 19 27 -3.439626693725586
1008 108 7 9 -3.441411018371582
417 1198 30 37 -3.442099094390869
329 805 91 137 -3.4424495697021484
301 1119 19 23 -3.4427762031555176
994 663 12 20 -3.4431843757629395
929 680 29 37 -3.4444642066955566
164 60 19 26 -3.4448204040527344
986 324 15 16 -3.44573712348938
363 1159 44 73 -3.4462318420410156
102 329 61 73 -3.4466114044189453
816 700 8 9 -3.4478759765625
234 249 120 106 -3.449111223220825
707 659 94 142 -3.4496309757232666
975 1026 45 61 -3.450247287750244
724 230 12 16 -3.4508402347564697
355 1201 32 36 -3.450892686843872
913 645 9 9 -3.4511327743530273
164 1201 27 32 -3.451343536376953
91 693 45 66 -3.4529807567596436
706 977 14 16 -3.4537110328674316
202 1212 20 27 -3.4542455673217773
888 640 8 9 -3.4549760818481445
537 516 94 130 -3.456387758255005
769 92 17 28 -3.4573514461517334
129 1200 46 51 -3.457521915435791
669 22 20 27 -3.4587974548339844
574 426 22 27 -3.459193229675293
912 661 8 9 -3.4597740173339844
251 503 103 148 -3.463435411453247
950 1042 19 25 -3.4640040397644043
689 17 14 16 -3.4642794132232666
930 695 15 17 -3.4648349285125732
822 705 43 52 -3.4654414653778076
251 427 38 41 -3.4656059741973877
819 1187 40 57 -3.465946912765503
273 832 7 9 -3.4668259620666504
932 379 22 27 -3.467134952545166
989 876 45 76 -3.4677295684814453
674 642 22 32 -3.4681684970855713
182 146 84 105 -3.4682986736297607
936 673 22 21 -3.4685845375061035
21 550 33 30 -3.4706077575683594
929 637 16 20 -3.471436023712158
927 646 24 27 -3.4718801975250244
942 1209 23 22 -3.472566843032837
1014 660 17 23 -3.4738669395446777
888 700 8 10 -3.473879814147949
413 922 25 25 -3.473902463912964
617 1158 89 115 -3.4741573333740234
213 12 51 64 -3.4742233753204346
888 659 25 38 -3.4748921394348145
924 365 18 28 -3.4753267765045166
