0_Parade_marchingband_1_977.jpg
96
336 213 8 9 -2.556051731109619
870 688 113 124 -3.1098263263702393
761 527 8 8 -3.124547004699707
680 716 107 125 -3.130532741546631
944 457 15 15 -3.132645606994629
678 471 7 9 -3.143768787384033
702 742 58 63 -3.1598105430603027
465 756 29 33 -3.209134101867676
298 745 53 60 -3.2242238521575928
192 468 7 8 -3.231814384460449
315 716 87 129 -3.238408327102661
916 747 33 33 -3.2393887042999268
527 510 351 508 -3.2399723529815674
593 743 65 64 -3.243666648864746
616 643 167 280 -3.247349262237549
336 738 54 62 -3.250274896621704
402 741 52 67 -3.2579758167266846
633 740 52 61 -3.2598180770874023
220 667 185 271 -3.264129400253296
357 754 28 32 -3.2674379348754883
425 709 80 132 -3.2676992416381836
369 715 85 136 -3.2710013389587402
514 649 164 270 -3.27321720123291
480 750 25 35 -3.2873759269714355
181 252 7 8 -3.2937607765197754
479 319 8 9 -3.294983148574829
432 752 25 34 -3.297947883605957
493 232 14 16 -3.3054134845733643
405 755 27 32 -3.3059909343719482
541 752 27 33 -3.3136303424835205
-289 172 788 1004 -3.322455406188965
258 736 55 59 -3.3230018615722656
834 736 35 48 -3.324422836303711
719 750 25 35 -3.3289003372192383
811 754 26 33 -3.3330931663513184
47 711 98 128 -3.347221851348877
580 756 28 31 -3.3484978675842285
559 738 49 66 -3.3539252281188965
372 751 26 35 -3.356549024581909
1008 13 25 42 -3.359766960144043
645 688 93 125 -3.3626742362976074
419 749 25 33 -3.3626866340637207
844 756 22 23 -3.3657760620117188
168 30 115 130 -3.373727321624756
939 306 12 15 -3.376002311706543
86 640 204 271 -3.3767857551574707
597 525 7 9 -3.3779311180114746
366 731 50 70 -3.3801870346069336
500 741 53 65 -3.38103985786438
683 729 47 62 -3.390000343322754
1010 323 18 25 -3.3957009315490723
867 53 218 257 -3.3964436054229736
817 701 95 142 -3.3972229957580566
-12 647 185 226 -3.4004125595092773
751 704 100 142 -3.4027137756347656
831 752 21 34 -3.403473138809204
47 515 69 99 -3.4038538932800293
862 746 32 36 -3.4044113159179688
856 748 18 29 -3.4068868160247803
337 213 13 16 -3.408806085586548
765 120 34 31 -3.413360118865967
598 36 204 231 -3.415285348892212
1013 338 18 24 -3.417966604232788
346 749 24 33 -3.4187121391296387
391 336 30 40 -3.427718162536621
316 749 27 35 -3.4307610988616943
712 470 450 563 -3.432297945022583
696 29 114 111 -3.4334635734558105
330 656 166 263 -3.4351789951324463
469 724 43 79 -3.4353301525115967
116 32 21 29 -3.4356372356414795
462 754 18 20 -3.4428904056549072
556 751 25 35 -3.444683313369751
107 8 97 128 -3.4487898349761963
708 748 24 32 -3.450106143951416
986 751 20 29 -3.450472354888916
993 320 45 54 -3.4506843090057373
818 166 102 145 -3.4519782066345215
767 752 29 35 -3.452352523803711
528 751 25 36 -3.4536633491516113
855 81 115 137 -3.454514980316162
298 736 36 40 -3.4560036659240723
770 314 23 26 -3.456287384033203
94 147 115 136 -3.461669683456421
388 280 29 29 -3.4623279571533203
363 15 113 146 -3.4635698795318604
794 730 53 61 -3.463844060897827
447 751 26 35 -3.4642865657806396
901 748 24 33 -3.4651687145233154
201 110 25 29 -3.4683778285980225
658 45 83 108 -3.469010829925537
533 736 49 68 -3.472700595855713
481 -17 89 141 -3.4737210273742676
783 14 116 126 -3.474076509475708
7 25 42 42 -3.474236249923706
587 739 41 43 -3.4747300148010254
