0_Parade_Parade_0_448.jpg
51
680 16 14 17 -3.045288324356079
701 201 7 8 -3.0518906116485596
64 244 17 20 -3.1097569465637207
172 585 44 53 -3.1691017150878906
704 596 33 31 -3.2145233154296875
487 332 17 15 -3.2184596061706543
1014 157 14 19 -3.23250675201416
698 203 11 13 -3.238581418991089
669 553 108 119 -3.259282350540161
95 594 28 33 -3.2664871215820312
132 548 110 122 -3.2808444499969482
272 314 7 10 -3.2813873291015625
241 244 7 8 -3.2817554473876953
874 41 12 16 -3.291625499725342
1012 537 17 26 -3.3079099655151367
139 124 8 9 -3.3304567337036133
179 602 20 30 -3.3381130695343018
26 175 95 115 -3.3416693210601807
693 567 49 75 -3.3476204872131348
376 597 29 28 -3.359984874725342
129 596 31 31 -3.3611161708831787
1003 152 31 30 -3.37264347076416
429 308 11 14 -3.3765604496002197
576 596 28 29 -3.3814821243286133
781 598 25 29 -3.398348569869995
1012 140 16 28 -3.4022884368896484
194 333 26 27 -3.407639265060425
347 596 31 30 -3.4100661277770996
9 227 121 144 -3.4141392707824707
236 307 9 9 -3.4172730445861816
52 225 54 56 -3.4220075607299805
437 257 101 124 -3.4236130714416504
458 589 25 41 -3.425281047821045
736 16 8 9 -3.4256858825683594
496 320 15 16 -3.431999683380127
1005 384 7 8 -3.4362306594848633
1013 165 16 29 -3.439352035522461
614 590 30 32 -3.439812660217285
994 121 47 85 -3.443222999572754
705 440 44 51 -3.4486749172210693
198 306 34 47 -3.4510297775268555
424 458 105 116 -3.4604854583740234
1009 404 20 31 -3.461733341217041
490 594 28 32 -3.463585615158081
256 158 96 126 -3.464553117752075
4 455 22 29 -3.4654130935668945
95 308 21 24 -3.466672420501709
412 -3 69 84 -3.470395088195801
565 236 49 78 -3.4724576473236084
156 595 37 53 -3.4750165939331055
16 159 8 10 -3.4756734371185303
