0_Parade_marchingband_1_246.jpg
39
310 660 7 9 -2.904919385910034
839 124 8 9 -3.007634162902832
248 667 8 9 -3.181676149368286
727 526 244 239 -3.1843321323394775
664 578 183 215 -3.246704578399658
935 637 48 70 -3.255894184112549
626 335 420 569 -3.3354296684265137
885 626 80 93 -3.3396921157836914
996 444 7 9 -3.3424882888793945
504 448 96 123 -3.3442623615264893
748 653 49 55 -3.346292018890381
1012 21 17 24 -3.3685426712036133
101 519 199 259 -3.3734397888183594
28 464 7 9 -3.38193678855896
918 647 37 53 -3.392691135406494
915 357 114 129 -3.397209405899048
836 617 86 97 -3.4005889892578125
1002 582 33 30 -3.401817560195923
729 347 106 146 -3.4078383445739746
255 499 100 137 -3.4177842140197754
686 207 122 139 -3.4224162101745605
1002 8 36 46 -3.4288265705108643
840 226 18 30 -3.435136556625366
183 647 45 68 -3.435741901397705
783 643 50 83 -3.4448318481445312
851 555 30 33 -3.445453643798828
600 274 104 136 -3.4529049396514893
623 348 201 244 -3.4531679153442383
830 253 19 26 -3.456101894378662
173 30 143 170 -3.4595088958740234
677 463 112 149 -3.462890386581421
13 620 7 9 -3.465542793273926
483 560 101 136 -3.467552423477173
229 649 19 29 -3.4675707817077637
806 207 104 138 -3.46921443939209
1009 595 23 29 -3.46960186958313
433 512 112 142 -3.4734678268432617
808 48 97 163 -3.4741945266723633
318 476 109 134 -3.4742794036865234
