0_Parade_marchingband_1_62.jpg
28
622 289 24 30 -2.6916394233703613
608 159 15 17 -2.9583702087402344
987 94 8 11 -3.1150364875793457
910 644 50 80 -3.1789040565490723
1001 507 7 8 -3.1958823204040527
498 550 197 253 -3.2401766777038574
628 519 7 9 -3.241122245788574
729 572 206 236 -3.2766454219818115
843 641 52 78 -3.279294967651367
985 231 14 15 -3.320462226867676
580 636 83 91 -3.3482494354248047
573 368 7 9 -3.36397647857666
705 144 14 15 -3.36714768409729
824 498 15 14 -3.3886349201202393
802 648 59 63 -3.3984522819519043
879 635 61 102 -3.3990774154663086
911 190 138 210 -3.4139626026153564
630 638 49 80 -3.428212881088257
483 329 15 19 -3.4334967136383057
500 311 48 59 -3.4426872730255127
609 461 7 8 -3.4438674449920654
608 153 26 30 -3.4451584815979004
995 82 42 41 -3.446169137954712
473 571 95 134 -3.4567251205444336
426 406 19 26 -3.468674421310425
888 222 14 16 -3.469757556915283
128 443 7 9 -3.471041679382324
260 528 184 253 -3.4751343727111816
