0_Parade_Parade_0_331.jpg
34
147 390 192 221 -3.0460996627807617
942 10 17 16 -3.129110097885132
585 352 190 257 -3.1376335620880127
802 373 198 226 -3.172327756881714
697 15 7 9 -3.189096212387085
884 455 48 69 -3.189883232116699
143 479 28 32 -3.251126289367676
704 56 15 15 -3.2675981521606445
209 434 95 120 -3.2724709510803223
857 462 46 61 -3.2951064109802246
701 473 28 36 -3.3047232627868652
250 479 25 43 -3.3339033126831055
662 455 46 73 -3.3385791778564453
756 471 27 33 -3.349276542663574
195 477 26 39 -3.3508968353271484
917 463 47 71 -3.3541290760040283
972 473 38 42 -3.3639400005340576
261 451 69 91 -3.364790678024292
851 403 94 144 -3.3802285194396973
723 481 17 21 -3.388666868209839
370 473 30 36 -3.3985540866851807
806 457 47 65 -3.403238296508789
996 54 45 41 -3.4095935821533203
918 57 131 216 -3.428858518600464
442 481 17 21 -3.4364733695983887
474 63 97 126 -3.4444563388824463
786 134 20 22 -3.446451187133789
224 465 50 67 -3.4488110542297363
107 422 87 126 -3.4514009952545166
173 341 50 75 -3.4610307216644287
1010 66 18 24 -3.4617843627929688
747 283 58 57 -3.4627718925476074
440 2 109 137 -3.465946674346924
823 474 25 36 -3.470268726348877
