0_Parade_Parade_0_312.jpg
37
528 307 7 9 -2.643510580062866
224 146 14 16 -2.794309139251709
-4 234 32 50 -2.796483278274536
540 244 7 9 -3.191990852355957
531 306 10 14 -3.208024740219116
512 57 14 15 -3.234104633331299
554 547 193 265 -3.27577805519104
791 16 15 15 -3.2757983207702637
998 150 11 14 -3.318711757659912
228 131 8 10 -3.3228092193603516
101 568 216 267 -3.354578971862793
985 88 14 15 -3.3615646362304688
618 652 66 58 -3.37358021736145
519 327 14 16 -3.386923313140869
487 251 96 132 -3.3873608112335205
951 392 14 16 -3.3917651176452637
536 150 47 82 -3.3956356048583984
800 160 15 17 -3.3962531089782715
804 60 8 9 -3.4045093059539795
843 352 48 67 -3.4181036949157715
238 641 42 74 -3.4207584857940674
531 303 25 32 -3.4240849018096924
904 147 26 35 -3.43731689453125
544 404 98 107 -3.443277359008789
527 238 49 73 -3.44559383392334
778 649 50 71 -3.4487740993499756
340 337 208 292 -3.454645872116089
213 107 20 28 -3.455205202102661
308 458 19 24 -3.4569077491760254
557 405 50 64 -3.4571807384490967
171 650 48 65 -3.458508253097534
833 113 106 108 -3.4648308753967285
25 366 35 52 -3.4679336547851562
634 418 39 55 -3.469974994659424
483 345 23 31 -3.4702022075653076
387 558 27 30 -3.471755027770996
578 342 28 40 -3.4742424488067627
