0_Parade_marchingband_1_314.jpg
188
172 -2 20 23 -2.732938051223755
441 278 101 118 -2.7455477714538574
881 261 77 110 -2.809152126312256
576 12 15 21 -2.9370765686035156
89 239 89 112 -2.9977972507476807
212 428 48 68 -3.0130529403686523
296 361 8 9 -3.049506187438965
332 124 8 9 -3.0822038650512695
304 352 13 17 -3.0848894119262695
304 216 97 148 -3.1014223098754883
20 675 29 38 -3.105332374572754
208 666 32 42 -3.1092467308044434
177 510 234 280 -3.115046262741089
490 662 31 43 -3.1223301887512207
740 671 33 41 -3.138561725616455
869 676 29 36 -3.1410017013549805
672 60 7 9 -3.1545498371124268
464 302 52 69 -3.1558213233947754
677 628 103 115 -3.17460036277771
568 668 18 30 -3.1801788806915283
634 62 25 29 -3.1825501918792725
726 666 25 40 -3.191889762878418
225 673 23 29 -3.1980667114257812
126 0 20 22 -3.2055869102478027
629 663 40 44 -3.2079415321350098
306 676 30 35 -3.2146124839782715
679 673 31 36 -3.223296880722046
719 56 15 18 -3.2241756916046143
298 48 15 18 -3.2295758724212646
126 670 35 33 -3.2319366931915283
872 661 46 44 -3.2330241203308105
422 180 14 15 -3.247074842453003
672 524 28 34 -3.2542929649353027
754 103 10 11 -3.2548036575317383
568 655 46 52 -3.26054048538208
122 40 13 16 -3.2654218673706055
763 670 24 34 -3.2656874656677246
5 535 192 288 -3.266956329345703
505 658 30 45 -3.2723519802093506
694 507 218 308 -3.272670269012451
940 670 35 36 -3.278362274169922
921 642 56 75 -3.2785825729370117
-1 89 83 122 -3.2796685695648193
30 661 28 42 -3.2801756858825684
413 102 7 10 -3.2849185466766357
791 670 31 36 -3.2863287925720215
124 57 9 9 -3.2866415977478027
231 665 34 43 -3.2917637825012207
707 667 33 39 -3.2948756217956543
97 676 14 21 -3.2977404594421387
326 514 62 72 -3.299499034881592
781 661 27 37 -3.3017144203186035
820 648 58 60 -3.3033907413482666
338 540 33 34 -3.303400993347168
320 342 8 10 -3.306760787963867
309 149 12 15 -3.3143599033355713
-219 153 769 1014 -3.315176486968994
853 663 25 33 -3.3166439533233643
14 28 24 30 -3.3179452419281006
876 43 8 9 -3.3227920532226562
945 671 16 22 -3.322835922241211
533 665 25 30 -3.3261055946350098
358 538 13 17 -3.326875686645508
235 651 72 54 -3.3284785747528076
37 25 13 18 -3.3318753242492676
946 320 25 30 -3.334028720855713
950 111 27 30 -3.336501121520996
96 674 30 38 -3.338672399520874
548 673 23 26 -3.3401896953582764
885 97 13 17 -3.3409862518310547
442 669 34 37 -3.341578483581543
1014 497 16 23 -3.3495969772338867
727 643 62 56 -3.3506345748901367
738 672 15 20 -3.3533518314361572
149 661 28 33 -3.356976270675659
991 666 27 39 -3.357851505279541
28 129 22 21 -3.358302116394043
918 654 29 35 -3.3584415912628174
591 670 18 26 -3.3600587844848633
182 55 12 15 -3.365326166152954
546 643 46 71 -3.366175651550293
596 498 7 10 -3.369107723236084
274 376 13 15 -3.3692378997802734
236 672 16 21 -3.370465040206909
837 670 30 32 -3.372267961502075
23 663 18 34 -3.3731656074523926
651 671 25 28 -3.3744325637817383
-11 619 87 126 -3.378654718399048
883 674 22 23 -3.3807902336120605
331 180 172 233 -3.3845646381378174
616 128 25 33 -3.3858203887939453
104 34 14 16 -3.3865580558776855
515 615 110 120 -3.387033700942993
627 80 13 16 -3.387181282043457
399 2 19 22 -3.3873562812805176
867 664 19 35 -3.390021324157715
503 672 16 22 -3.390441417694092
200 55 17 26 -3.3925232887268066
37 176 13 17 -3.3934037685394287
643 668 17 29 -3.3946943283081055
160 674 24 33 -3.395315647125244
508 638 50 55 -3.3958797454833984
784 3 116 146 -3.3964028358459473
673 114 11 13 -3.3965744972229004
120 587 176 183 -3.398630380630493
153 169 34 32 -3.3990957736968994
724 507 49 68 -3.4002575874328613
224 11 91 118 -3.40085506439209
509 676 19 22 -3.401496171951294
860 287 56 63 -3.402893543243408
532 53 20 28 -3.4045767784118652
19 42 27 39 -3.4082863330841064
897 432 37 41 -3.4093263149261475
82 666 30 31 -3.4093427658081055
972 499 9 11 -3.4104318618774414
60 19 19 27 -3.4104912281036377
475 666 26 38 -3.4106836318969727
100 105 14 19 -3.411769151687622
510 274 108 127 -3.413551092147827
237 424 48 71 -3.4138412475585938
106 91 7 9 -3.415271520614624
205 396 106 120 -3.416017770767212
568 390 15 16 -3.4160714149475098
6 62 18 20 -3.4168264865875244
618 441 10 14 -3.4196436405181885
340 673 26 33 -3.421752452850342
700 80 7 9 -3.422102689743042
624 408 30 37 -3.4233384132385254
948 447 15 23 -3.4241549968719482
376 673 30 36 -3.4244561195373535
-5 375 70 89 -3.424746036529541
401 661 27 31 -3.424755334854126
444 618 99 132 -3.4254491329193115
1005 486 48 53 -3.4258873462677
563 672 16 21 -3.4261274337768555
0 393 93 162 -3.4263150691986084
704 46 8 9 -3.4265739917755127
906 397 30 39 -3.4275460243225098
54 659 55 66 -3.427551746368408
453 101 28 36 -3.429129123687744
781 638 60 68 -3.429306745529175
79 556 44 49 -3.4314193725585938
207 630 72 94 -3.4348015785217285
601 429 37 44 -3.4353275299072266
418 204 23 24 -3.4367408752441406
165 652 35 43 -3.4393842220306396
29 7 18 21 -3.440530300140381
298 334 56 74 -3.441967248916626
732 546 27 43 -3.442383050918579
544 334 50 51 -3.442507743835449
319 275 44 54 -3.443889617919922
969 403 44 56 -3.444477081298828
672 272 8 9 -3.44480037689209
660 453 98 128 -3.44535493850708
578 672 20 23 -3.4454703330993652
403 10 21 30 -3.4459362030029297
118 636 60 69 -3.4484000205993652
779 78 15 19 -3.448535203933716
312 649 55 65 -3.449603319168091
580 575 8 9 -3.4505090713500977
577 31 69 64 -3.452601432800293
231 42 19 27 -3.4535317420959473
421 289 26 26 -3.455227851867676
341 69 36 43 -3.456185817718506
812 91 47 49 -3.457638740539551
-14 -21 98 108 -3.4582066535949707
500 594 20 28 -3.459880828857422
594 359 31 27 -3.4602742195129395
898 635 52 71 -3.4605066776275635
937 400 36 40 -3.4606406688690186
203 376 26 40 -3.461200714111328
203 80 14 17 -3.462674379348755
-3 35 104 113 -3.462817907333374
35 47 11 13 -3.463115692138672
317 508 17 20 -3.4632041454315186
96 7 21 25 -3.4638044834136963
850 129 14 16 -3.4650931358337402
839 114 32 41 -3.465557098388672
192 276 8 9 -3.466682195663452
177 43 19 25 -3.467336416244507
537 568 20 30 -3.467923879623413
853 26 85 121 -3.468229293823242
633 111 15 21 -3.4712085723876953
861 368 78 95 -3.4718570709228516
215 403 18 21 -3.4723570346832275
369 338 114 126 -3.4725804328918457
421 141 27 29 -3.4742445945739746
725 629 111 140 -3.4748849868774414
