0_Parade_marchingband_1_384.jpg
77
381 293 37 42 2.467987060546875
208 325 43 51 -0.2518041729927063
544 241 28 30 -2.5122153759002686
960 192 29 29 -2.5244951248168945
916 196 8 9 -2.555840253829956
881 208 26 30 -2.719151020050049
827 222 8 10 -2.7311367988586426
551 241 14 17 -2.8822755813598633
744 199 14 17 -2.9986679553985596
787 266 25 34 -3.01412034034729
868 212 26 31 -3.064903497695923
188 165 8 8 -3.113919496536255
198 278 52 80 -3.1601855754852295
629 638 51 94 -3.1858325004577637
-2 642 57 63 -3.214493751525879
824 219 8 9 -3.246352195739746
1012 560 19 33 -3.2500336170196533
120 344 7 8 -3.2517011165618896
976 158 14 17 -3.2608423233032227
1008 176 18 26 -3.2678005695343018
496 348 53 68 -3.292279005050659
358 613 77 111 -3.306777000427246
229 646 53 78 -3.3126182556152344
556 243 8 10 -3.320892810821533
556 252 8 10 -3.323801279067993
577 534 190 239 -3.3285772800445557
259 607 232 208 -3.3345789909362793
762 609 93 127 -3.336503505706787
333 350 28 40 -3.3705058097839355
762 206 14 15 -3.37144136428833
386 124 7 9 -3.3733339309692383
1010 155 17 35 -3.373849868774414
357 272 31 51 -3.373983144760132
232 322 29 44 -3.374260425567627
150 538 221 239 -3.3752052783966064
920 223 8 9 -3.3786988258361816
658 641 46 86 -3.389455556869507
760 199 13 16 -3.3894848823547363
424 319 8 9 -3.4179346561431885
320 643 73 93 -3.4213826656341553
436 626 91 96 -3.4257090091705322
837 209 29 32 -3.427321195602417
439 373 20 26 -3.4285948276519775
19 662 63 62 -3.428722381591797
449 327 7 9 -3.429180145263672
872 76 8 9 -3.4297287464141846
841 100 7 8 -3.431182622909546
432 354 17 30 -3.434591054916382
605 244 8 9 -3.434762954711914
849 200 15 15 -3.4355309009552
440 119 14 16 -3.435906410217285
325 360 21 30 -3.435936450958252
531 208 25 33 -3.4432179927825928
674 192 25 32 -3.443554162979126
69 122 26 37 -3.4442296028137207
412 303 27 30 -3.445249557495117
813 571 99 113 -3.4511899948120117
408 121 14 15 -3.451198101043701
761 225 48 55 -3.4531197547912598
425 308 42 43 -3.454698085784912
817 192 14 16 -3.454799175262451
905 236 29 29 -3.457284927368164
602 427 24 28 -3.4577159881591797
34 271 96 139 -3.4588797092437744
658 661 27 43 -3.460543632507324
804 287 25 30 -3.461388349533081
563 254 26 24 -3.4630565643310547
663 225 15 15 -3.463244915008545
573 248 7 9 -3.46989369392395
662 212 26 31 -3.4706308841705322
361 287 20 22 -3.4710159301757812
383 56 15 16 -3.4714341163635254
870 170 52 68 -3.472146511077881
931 512 106 135 -3.4724395275115967
163 327 15 21 -3.472684860229492
134 651 19 26 -3.4744791984558105
935 181 22 27 -3.4748246669769287
