0_Parade_Parade_0_345.jpg
222
267 107 8 10 -0.4677114486694336
320 4 18 22 -1.086829423904419
180 54 8 9 -1.5646017789840698
176 54 8 10 -1.6142281293869019
417 32 13 16 -1.6314283609390259
393 127 14 17 -1.6758579015731812
399 6 15 19 -1.7048585414886475
376 94 14 18 -1.7594828605651855
401 28 14 17 -1.814804196357727
434 48 14 16 -2.0102791786193848
226 14 13 18 -2.014848232269287
377 14 13 19 -2.028109312057495
359 15 15 16 -2.14172625541687
144 2 9 11 -2.1994426250457764
420 87 8 10 -2.267777919769287
196 32 8 10 -2.269132375717163
240 63 8 9 -2.273256778717041
216 107 8 10 -2.300124406814575
649 222 15 18 -2.327892303466797
383 95 9 10 -2.3344500064849854
944 434 7 12 -2.374356269836426
387 32 14 16 -2.4415831565856934
424 23 8 9 -2.5094478130340576
136 224 8 9 -2.5222983360290527
265 110 13 17 -2.5744848251342773
793 424 14 16 -2.5912041664123535
193 31 8 10 -2.6130170822143555
272 108 8 9 -2.6398708820343018
246 100 7 9 -2.6801345348358154
400 143 9 10 -2.6840648651123047
361 31 7 9 -2.6955833435058594
356 79 8 10 -2.6989188194274902
400 99 7 10 -2.700967788696289
260 355 9 9 -2.750596523284912
417 64 13 18 -2.7576091289520264
240 55 15 17 -2.7675914764404297
392 6 14 19 -2.777848720550537
357 63 8 10 -2.814296245574951
690 239 13 16 -2.8185834884643555
244 72 8 9 -2.8189687728881836
688 347 6 9 -2.8473684787750244
249 100 8 9 -2.85050106048584
424 47 13 16 -2.8511767387390137
257 96 7 9 -2.8735873699188232
241 44 8 9 -2.8907532691955566
407 6 9 10 -2.9039344787597656
385 104 12 15 -2.944014549255371
569 172 7 9 -2.9732096195220947
688 116 8 9 -2.973825454711914
239 13 14 17 -2.974600076675415
636 220 8 8 -2.98302960395813
316 115 8 10 -3.0160140991210938
416 104 13 15 -3.0189480781555176
328 9 21 26 -3.0228891372680664
332 99 8 10 -3.0496110916137695
168 12 8 9 -3.0502712726593018
339 111 12 16 -3.0535526275634766
945 229 8 9 -3.073049545288086
233 87 8 10 -3.0800671577453613
353 55 14 17 -3.080350399017334
865 239 15 16 -3.0910441875457764
200 31 9 9 -3.099151611328125
978 396 7 9 -3.1085710525512695
924 416 8 9 -3.123385429382324
298 46 14 17 -3.1251165866851807
329 15 8 9 -3.1264355182647705
188 27 7 9 -3.127408027648926
884 287 7 9 -3.130061626434326
654 336 13 13 -3.142188310623169
384 180 7 9 -3.14509654045105
784 436 8 9 -3.1497490406036377
869 639 64 62 -3.1517598628997803
346 113 13 16 -3.1559062004089355
338 95 13 17 -3.1649839878082275
386 23 14 16 -3.169145107269287
828 645 55 64 -3.1730518341064453
288 85 13 16 -3.1815805435180664
940 224 8 9 -3.182368278503418
383 157 16 17 -3.197672128677368
395 127 8 10 -3.200530529022217
837 540 192 221 -3.20361065864563
424 34 8 11 -3.231645107269287
416 151 13 15 -3.247708797454834
232 51 8 9 -3.2479631900787354
640 132 8 9 -3.250728130340576
641 273 27 31 -3.2512102127075195
449 336 7 8 -3.2562522888183594
746 121 14 17 -3.265559434890747
400 92 7 9 -3.2699708938598633
270 361 12 13 -3.2721009254455566
141 432 7 8 -3.2743592262268066
408 27 9 11 -3.282036542892456
904 649 44 63 -3.288809061050415
424 150 13 16 -3.2899439334869385
240 68 8 9 -3.2912802696228027
867 420 8 9 -3.2923672199249268
232 577 180 236 -3.295609474182129
406 643 55 66 -3.303769111633301
578 188 11 17 -3.3039045333862305
288 486 8 7 -3.305654287338257
1011 423 16 19 -3.306161642074585
664 148 8 9 -3.306334972381592
221 456 8 8 -3.312281847000122
888 392 7 8 -3.3130953311920166
299 95 8 9 -3.314394950866699
345 88 13 16 -3.3164772987365723
347 28 7 9 -3.3169338703155518
370 254 14 17 -3.3206725120544434
157 7 7 9 -3.321390390396118
801 648 52 57 -3.3225860595703125
374 35 8 9 -3.323338508605957
989 384 47 78 -3.323366641998291
908 416 8 9 -3.3237953186035156
344 35 7 10 -3.3297762870788574
867 213 11 15 -3.330933094024658
936 224 8 8 -3.332265615463257
637 391 8 9 -3.3338935375213623
892 287 7 9 -3.336060047149658
444 43 8 10 -3.338442802429199
782 125 12 15 -3.338921070098877
61 506 276 357 -3.33920955657959
935 423 8 9 -3.3458385467529297
855 657 54 68 -3.351653575897217
943 437 12 14 -3.3528871536254883
409 31 14 17 -3.355299472808838
396 92 7 9 -3.359933376312256
933 660 65 56 -3.360889434814453
262 104 11 14 -3.364318609237671
423 135 9 9 -3.3726084232330322
640 190 13 17 -3.375629425048828
750 549 179 281 -3.378408193588257
1004 407 32 32 -3.3788869380950928
370 15 13 15 -3.3789186477661133
33 668 8 8 -3.3789710998535156
172 43 7 9 -3.3790042400360107
448 36 7 9 -3.379251718521118
735 165 15 18 -3.3808562755584717
739 30 28 38 -3.3813273906707764
417 95 7 9 -3.3854660987854004
852 412 7 8 -3.3865764141082764
689 336 13 16 -3.3871121406555176
227 449 8 9 -3.3885459899902344
280 15 13 17 -3.392261505126953
201 24 7 9 -3.394150733947754
205 319 7 8 -3.3970234394073486
152 51 7 9 -3.39798641204834
248 119 8 9 -3.3994882106781006
308 137 8 9 -3.4050779342651367
412 111 9 10 -3.408151626586914
725 403 14 16 -3.4102582931518555
306 111 15 19 -3.4106252193450928
257 24 13 16 -3.4109082221984863
704 104 26 28 -3.4112019538879395
426 66 13 16 -3.4127938747406006
-176 118 704 978 -3.4130563735961914
383 0 31 37 -3.413895606994629
257 111 8 10 -3.4144294261932373
208 15 13 16 -3.4152376651763916
112 371 8 9 -3.4158763885498047
362 112 13 15 -3.418086051940918
885 216 7 9 -3.418769359588623
649 370 13 16 -3.4203989505767822
905 436 8 9 -3.422091007232666
659 439 25 28 -3.4222044944763184
932 420 7 8 -3.4231929779052734
265 162 101 130 -3.4253177642822266
756 128 8 9 -3.429365634918213
784 152 8 10 -3.43015718460083
232 20 8 9 -3.4315683841705322
407 23 8 10 -3.434795379638672
435 355 26 35 -3.435053586959839
1009 359 27 40 -3.436232089996338
254 117 50 73 -3.4364495277404785
944 428 7 8 -3.436758518218994
1020 389 28 49 -3.437716484069824
754 651 39 53 -3.4390807151794434
916 416 7 8 -3.4405088424682617
672 230 13 17 -3.4409806728363037
530 2 35 36 -3.4447286128997803
276 325 8 8 -3.445528984069824
556 504 7 8 -3.4455997943878174
719 53 33 30 -3.4458274841308594
80 384 50 73 -3.4486169815063477
1001 355 7 8 -3.448694944381714
344 6 22 32 -3.4487602710723877
808 243 105 117 -3.448936700820923
312 78 13 16 -3.4498348236083984
337 111 7 10 -3.4498789310455322
805 607 106 120 -3.4506025314331055
15 200 72 91 -3.451213836669922
864 210 29 39 -3.452481269836426
772 322 32 29 -3.4533324241638184
410 451 22 33 -3.4536585807800293
342 462 26 47 -3.4547367095947266
386 625 12 15 -3.454876184463501
791 243 13 19 -3.4579453468322754
936 413 8 8 -3.4588520526885986
314 505 210 267 -3.4594388008117676
948 83 8 9 -3.4594833850860596
432 76 8 10 -3.4621548652648926
408 150 14 16 -3.462395668029785
773 648 49 64 -3.463038682937622
856 376 8 9 -3.4639458656311035
416 88 8 10 -3.466693162918091
292 340 12 16 -3.466763973236084
213 516 34 41 -3.4668936729431152
244 651 47 81 -3.4669857025146484
1014 364 13 17 -3.467172384262085
200 557 25 24 -3.4684932231903076
837 350 53 72 -3.468745231628418
638 299 55 71 -3.470043182373047
597 199 56 81 -3.4703428745269775
216 30 14 17 -3.4717419147491455
450 587 28 36 -3.472236156463623
250 314 37 33 -3.4726336002349854
383 120 8 9 -3.4731554985046387
773 81 97 144 -3.473536491394043
268 331 8 9 -3.474358558654785
868 227 7 9 -3.4746837615966797
388 222 98 109 -3.474783420562744
193 338 113 166 -3.474855899810791
416 83 15 16 -3.4748611450195312
