0_Parade_Parade_0_1047.jpg
95
344 392 8 9 -2.179431438446045
444 699 8 9 -2.5766849517822266
374 396 11 14 -2.7450594902038574
428 668 8 9 -2.8595824241638184
412 668 8 9 -2.9061009883880615
432 716 7 10 -2.942213535308838
336 388 8 9 -2.963912010192871
389 668 7 9 -2.979240894317627
-10 654 166 207 -2.9902281761169434
890 617 185 226 -3.001962423324585
457 659 7 9 -3.0906522274017334
40 730 55 69 -3.137936592102051
335 671 8 9 -3.138108015060425
282 752 30 34 -3.1537458896636963
880 373 8 8 -3.160677909851074
610 438 14 16 -3.16865873336792
753 350 14 17 -3.1694138050079346
427 655 8 10 -3.172621726989746
700 747 26 32 -3.1754465103149414
929 718 83 99 -3.1956992149353027
508 668 151 179 -3.197408676147461
388 675 7 9 -3.2444915771484375
954 741 44 49 -3.2494008541107178
575 426 389 523 -3.251350164413452
51 707 92 99 -3.2565927505493164
200 722 71 83 -3.2615156173706055
673 688 95 129 -3.2739834785461426
412 297 108 140 -3.274653673171997
384 712 8 10 -3.2891886234283447
254 748 28 33 -3.2923030853271484
257 532 7 8 -3.2923507690429688
126 637 176 244 -3.295881986618042
409 753 17 24 -3.3104493618011475
722 691 132 134 -3.3176116943359375
501 748 35 31 -3.31887149810791
383 667 8 9 -3.319437026977539
704 491 8 9 -3.3270263671875
231 745 40 44 -3.335892677307129
675 741 42 46 -3.3389267921447754
294 732 35 53 -3.3419227600097656
352 634 201 230 -3.34224796295166
263 161 8 8 -3.3424696922302246
338 735 63 59 -3.346033811569214
994 745 27 42 -3.349782705307007
696 436 14 18 -3.352395534515381
240 704 101 129 -3.354635238647461
110 696 91 107 -3.3561246395111084
599 682 99 145 -3.361388683319092
482 344 14 17 -3.3617897033691406
994 65 51 73 -3.365809679031372
408 697 7 8 -3.3666272163391113
719 750 26 32 -3.377096176147461
265 744 34 46 -3.389584541320801
68 741 33 48 -3.3901734352111816
388 750 26 42 -3.390760898590088
323 481 16 21 -3.3914058208465576
376 704 8 9 -3.3968288898468018
342 188 27 36 -3.3986964225769043
541 254 13 18 -3.398970603942871
451 402 25 26 -3.3997111320495605
761 448 48 68 -3.4017386436462402
708 754 13 20 -3.4094908237457275
421 699 77 101 -3.410182237625122
380 363 7 8 -3.413400173187256
424 684 7 9 -3.4211573600769043
574 702 75 97 -3.4212350845336914
654 727 49 74 -3.4215497970581055
440 745 28 28 -3.423571825027466
590 420 32 43 -3.425743579864502
457 159 18 26 -3.429694652557373
770 487 25 28 -3.4331579208374023
1009 98 24 27 -3.4344706535339355
327 503 375 476 -3.4360175132751465
480 390 32 36 -3.4448070526123047
870 157 32 28 -3.4471230506896973
543 336 13 17 -3.4478204250335693
132 105 18 27 -3.4500863552093506
700 718 54 55 -3.4501147270202637
-1 250 52 75 -3.4510302543640137
403 391 20 21 -3.4537527561187744
290 521 21 31 -3.457451343536377
616 443 9 9 -3.4632461071014404
975 750 35 29 -3.4651529788970947
445 406 18 20 -3.4660816192626953
997 328 35 43 -3.466754913330078
620 725 49 83 -3.467470645904541
1007 716 30 36 -3.467543601989746
255 683 30 31 -3.467674732208252
439 390 21 31 -3.4690868854522705
806 587 24 29 -3.4709620475769043
355 79 49 61 -3.471555233001709
421 146 174 251 -3.473339557647705
974 276 100 123 -3.4738306999206543
483 168 18 26 -3.474001884460449
238 659 38 47 -3.475957155227661
