0_Parade_Parade_0_910.jpg
17
288 10 14 15 -3.0672340393066406
267 198 132 163 -3.2069127559661865
-26 -281 775 1052 -3.2092084884643555
465 -319 695 955 -3.22695255279541
97 -18 385 564 -3.2573957443237305
709 139 194 304 -3.259807586669922
176 147 191 291 -3.297624349594116
282 151 191 336 -3.309415340423584
947 31 17 23 -3.348040819168091
936 20 28 28 -3.3538899421691895
852 279 8 9 -3.382246971130371
745 283 7 9 -3.3911027908325195
802 259 19 25 -3.4164228439331055
753 201 22 25 -3.4214015007019043
991 137 48 54 -3.435986042022705
675 200 20 28 -3.455308437347412
1010 164 19 28 -3.4581284523010254
