0_Parade_Parade_0_389.jpg
29
868 383 176 220 -3.073256492614746
928 472 62 60 -3.1343438625335693
185 228 7 8 -3.232326030731201
229 472 53 82 -3.2749202251434326
793 488 48 71 -3.2828550338745117
749 349 171 227 -3.294785976409912
324 382 186 221 -3.3056554794311523
904 477 50 65 -3.3108792304992676
1000 148 41 46 -3.357001781463623
599 347 161 221 -3.35776686668396
144 491 24 42 -3.3891048431396484
377 472 56 59 -3.390042304992676
613 196 370 486 -3.3912549018859863
105 453 93 106 -3.394219398498535
848 254 95 133 -3.4096856117248535
629 488 49 64 -3.4175875186920166
310 119 34 32 -3.423079013824463
731 425 113 123 -3.4236738681793213
910 494 32 28 -3.426891803741455
778 109 105 144 -3.440739631652832
204 476 49 78 -3.446226119995117
489 346 184 247 -3.449284076690674
981 492 26 32 -3.4494199752807617
153 489 31 34 -3.4547598361968994
51 483 47 74 -3.455598831176758
403 478 47 80 -3.4605562686920166
450 473 63 65 -3.4607954025268555
834 132 88 109 -3.4646778106689453
826 469 49 70 -3.470628261566162
