20_Family_Group_Family_Group_20_769
37
311 284 28 35 0.853
138 413 32 38 0.852
365 268 27 30 0.837
245 267 28 35 0.837
471 274 26 33 0.835
606 268 26 29 0.834
295 509 32 40 0.829
158 280 28 34 0.828
524 258 24 29 0.828
696 250 25 32 0.821
427 292 26 32 0.821
869 241 28 32 0.819
316 375 26 34 0.819
228 367 26 33 0.812
480 353 27 31 0.812
727 355 25 28 0.811
774 261 27 31 0.808
809 344 26 29 0.804
394 369 27 33 0.796
721 255 23 30 0.787
776 462 26 29 0.787
637 365 26 28 0.784
574 251 25 29 0.783
558 357 26 31 0.783
445 235 23 27 0.779
897 382 29 31 0.770
510 509 28 31 0.728
393 516 30 33 0.698
599 476 31 30 0.681
702 464 25 27 0.319
508 501 27 28 0.162
665 403 23 25 0.127
398 495 26 30 0.077
394 501 28 36 0.067
862 471 28 29 0.053
550 253 20 25 0.027
686 427 25 26 0.025
