20_Family_Group_Family_Group_20_653
48
493 292 21 28 0.833
859 283 31 49 0.825
584 298 23 32 0.814
697 293 27 38 0.805
790 296 30 42 0.793
625 286 23 30 0.793
753 282 24 34 0.784
167 287 15 19 0.784
230 284 17 21 0.778
751 325 26 35 0.775
604 284 19 26 0.771
489 262 20 24 0.771
563 279 22 29 0.769
307 277 16 21 0.765
536 296 21 28 0.765
415 289 17 23 0.764
431 275 18 25 0.752
462 269 19 26 0.751
283 272 17 22 0.749
664 294 21 31 0.742
213 265 17 20 0.740
367 279 22 26 0.737
186 283 17 21 0.726
149 273 15 18 0.720
264 296 16 21 0.684
781 271 24 31 0.683
881 264 33 50 0.676
254 286 15 18 0.651
328 292 18 21 0.626
74 282 15 18 0.601
61 281 14 16 0.586
108 278 13 16 0.574
132 283 14 19 0.538
111 291 13 17 0.465
424 278 20 26 0.409
597 288 21 29 0.403
109 281 14 19 0.379
63 281 23 17 0.340
161 284 38 22 0.272
312 285 35 24 0.213
183 274 16 20 0.204
466 306 24 25 0.056
322 273 15 19 0.054
145 273 14 16 0.050
79 279 14 18 0.041
234 313 17 20 0.036
560 280 16 28 0.029
463 305 17 25 0.028
