20_Family_Group_Family_Group_20_731
24
249 83 32 40 0.885
703 221 39 46 0.877
474 204 37 47 0.868
771 37 38 46 0.864
672 70 33 40 0.863
119 216 33 43 0.858
203 99 31 39 0.857
295 88 35 44 0.857
849 42 36 45 0.857
132 90 31 40 0.854
824 171 43 49 0.852
590 227 40 47 0.847
536 196 34 42 0.846
591 39 32 42 0.844
331 234 36 42 0.843
342 74 31 37 0.842
430 52 31 43 0.839
164 79 31 37 0.837
768 188 49 57 0.830
509 67 34 40 0.827
212 208 41 51 0.824
396 82 31 38 0.815
746 64 30 38 0.793
667 40 28 31 0.701
