20_Family_Group_Family_Group_20_883
24
55 278 55 61 0.906
463 437 58 72 0.879
950 322 53 60 0.874
822 414 70 81 0.870
359 339 33 42 0.868
83 419 49 63 0.866
335 480 62 70 0.865
859 339 41 47 0.863
234 551 76 90 0.861
571 486 69 84 0.859
130 300 40 50 0.856
727 345 39 44 0.853
438 334 34 42 0.852
671 347 36 43 0.850
581 336 34 38 0.847
514 347 30 37 0.842
185 282 39 42 0.839
277 324 35 44 0.838
786 353 36 43 0.837
732 520 74 79 0.809
145 493 67 82 0.751
152 165 19 24 0.055
803 168 20 24 0.034
153 171 21 24 0.022
