20_Family_Group_Family_Group_20_102
53
672 476 27 35 0.849
933 490 34 39 0.847
755 487 29 34 0.841
598 433 28 37 0.841
544 536 30 36 0.838
905 386 26 32 0.837
851 337 25 33 0.833
773 377 26 33 0.832
470 274 24 33 0.832
323 532 25 32 0.826
241 347 26 34 0.824
469 546 23 30 0.820
614 376 26 35 0.813
443 441 27 31 0.812
731 375 27 34 0.811
270 466 24 29 0.808
813 488 26 29 0.807
254 535 27 33 0.801
752 301 23 30 0.798
376 295 24 30 0.797
734 460 26 31 0.793
518 477 23 27 0.793
839 290 21 28 0.784
855 379 27 31 0.776
384 539 28 29 0.774
652 285 20 26 0.773
550 270 24 32 0.771
440 358 23 27 0.756
177 462 25 28 0.755
125 455 24 26 0.753
361 433 29 33 0.747
825 565 24 26 0.735
521 436 26 30 0.724
156 529 27 27 0.708
617 560 25 27 0.695
23 517 27 29 0.586
110 530 25 29 0.578
769 523 23 28 0.501
520 537 21 27 0.466
0 374 13 32 0.164
1 204 27 38 0.143
0 454 12 27 0.098
44 553 31 34 0.076
698 472 19 25 0.066
0 460 14 28 0.060
161 545 27 30 0.045
0 212 24 49 0.039
46 544 31 33 0.038
37 519 27 24 0.038
0 223 16 42 0.033
13 23 31 36 0.030
533 536 32 32 0.022
625 567 20 22 0.022
