20_Family_Group_Family_Group_20_680
54
383 524 15 17 0.588
320 513 12 15 0.529
467 535 13 15 0.390
691 524 14 17 0.286
934 413 10 13 0.269
933 332 12 14 0.247
291 508 10 13 0.222
670 523 13 14 0.203
926 394 12 12 0.183
930 281 10 12 0.170
830 209 9 10 0.162
923 395 11 12 0.159
913 261 9 10 0.152
415 521 10 12 0.149
953 300 10 11 0.137
761 513 17 21 0.136
960 367 10 12 0.133
880 441 11 12 0.121
610 506 10 12 0.115
920 396 10 11 0.095
951 322 10 11 0.093
418 538 12 13 0.090
343 525 10 12 0.084
150 457 15 16 0.081
322 516 14 17 0.081
194 479 11 13 0.081
955 337 12 13 0.079
946 385 10 11 0.079
623 543 14 17 0.061
174 468 11 12 0.059
945 372 10 18 0.052
603 548 13 14 0.051
877 472 13 13 0.051
728 529 15 17 0.047
269 493 13 15 0.044
415 521 14 25 0.041
864 249 9 11 0.039
876 232 8 9 0.039
874 435 12 14 0.038
803 197 9 10 0.037
274 498 11 12 0.037
540 545 13 15 0.035
272 501 11 11 0.032
895 246 9 10 0.029
243 492 12 19 0.028
238 486 14 16 0.028
909 420 18 11 0.026
925 391 11 12 0.025
898 417 14 10 0.025
244 498 13 14 0.024
918 421 9 12 0.024
811 502 14 17 0.022
267 490 11 12 0.022
518 541 12 15 0.020
