20_Family_Group_Family_Group_20_617
73
502 483 17 21 0.837
176 109 19 26 0.837
784 71 22 28 0.836
741 473 16 21 0.833
905 81 21 26 0.827
287 161 20 27 0.824
645 588 19 21 0.824
401 478 20 25 0.821
195 179 24 33 0.821
288 553 21 26 0.820
240 468 21 26 0.818
433 529 21 26 0.817
952 148 19 26 0.816
102 113 19 24 0.815
602 505 17 21 0.814
132 124 22 27 0.813
362 134 20 24 0.811
322 512 19 24 0.810
839 84 20 25 0.807
289 475 18 23 0.807
560 531 17 22 0.803
404 82 19 24 0.803
558 91 20 24 0.802
992 102 18 23 0.800
204 113 18 22 0.800
960 543 19 23 0.798
666 110 19 25 0.798
555 146 22 27 0.798
237 565 20 26 0.797
70 475 20 25 0.795
443 156 20 25 0.793
709 163 18 23 0.792
833 555 18 23 0.790
125 546 20 23 0.787
541 609 18 21 0.785
77 153 17 21 0.783
458 529 17 20 0.779
74 119 20 24 0.778
181 475 19 24 0.778
329 92 15 19 0.777
546 70 21 24 0.776
670 476 17 21 0.776
336 463 20 24 0.772
719 473 17 22 0.769
626 480 15 19 0.765
22 487 19 24 0.764
26 112 22 26 0.763
929 531 16 21 0.756
577 486 16 21 0.753
860 172 20 23 0.751
808 465 16 22 0.733
273 103 19 21 0.719
885 511 16 19 0.717
264 590 20 24 0.717
824 477 16 20 0.644
563 609 17 20 0.638
157 113 16 22 0.602
845 525 17 22 0.553
693 189 19 22 0.538
228 155 19 24 0.504
315 116 13 16 0.404
162 75 16 19 0.301
817 473 20 23 0.288
911 529 16 19 0.251
74 124 20 35 0.214
66 121 40 24 0.175
713 473 46 22 0.163
155 116 32 19 0.153
441 487 15 19 0.076
861 140 15 16 0.062
440 491 15 28 0.027
231 101 14 19 0.026
538 469 15 17 0.024
