34_Baseball_Baseball_34_737
30
321 284 29 33 0.870
656 167 29 33 0.869
836 168 29 34 0.862
643 263 31 37 0.859
211 273 31 35 0.858
746 269 33 36 0.858
429 284 30 36 0.857
540 272 31 37 0.857
377 167 31 38 0.856
211 177 26 31 0.854
478 161 29 34 0.849
55 96 26 34 0.848
436 84 25 30 0.846
569 177 27 31 0.845
837 268 33 33 0.843
585 81 26 31 0.843
930 175 27 33 0.842
297 172 27 30 0.840
744 168 28 33 0.840
357 85 25 30 0.837
198 92 25 30 0.837
125 96 26 30 0.836
114 179 28 33 0.835
521 72 26 30 0.829
911 89 27 31 0.824
784 88 27 32 0.823
713 81 26 29 0.814
848 91 26 28 0.809
267 91 26 30 0.807
651 81 25 28 0.802
