34_Baseball_Baseball_34_559
66
708 541 17 20 0.811
46 390 26 30 0.810
754 470 17 20 0.772
680 527 16 18 0.763
339 473 17 21 0.760
657 484 15 18 0.749
266 459 17 19 0.741
622 481 15 19 0.737
605 523 16 18 0.736
448 521 15 17 0.736
485 472 15 19 0.734
413 515 17 19 0.732
521 508 16 18 0.732
301 458 17 21 0.723
635 526 16 19 0.719
669 468 14 17 0.705
559 465 13 16 0.703
356 455 15 18 0.701
703 467 15 19 0.700
641 466 14 17 0.688
487 510 16 18 0.687
561 516 16 18 0.686
437 469 15 18 0.679
572 483 13 16 0.678
534 475 13 17 0.676
863 388 28 26 0.667
75 61 23 25 0.614
527 460 13 16 0.613
490 454 13 15 0.602
378 464 15 18 0.600
656 453 14 18 0.594
597 464 15 18 0.589
512 472 13 14 0.588
395 457 14 16 0.585
427 453 15 17 0.557
457 469 12 14 0.542
809 32 33 37 0.538
612 463 13 15 0.427
689 475 11 13 0.343
658 462 16 20 0.301
427 456 20 24 0.229
491 472 17 17 0.218
565 519 21 18 0.217
892 138 34 35 0.210
587 467 28 18 0.182
690 471 24 16 0.172
498 486 11 13 0.164
521 459 22 23 0.147
822 35 27 36 0.129
337 457 13 15 0.128
532 456 19 39 0.105
488 465 13 75 0.097
571 515 19 20 0.084
347 455 51 25 0.074
575 523 14 15 0.069
886 144 31 36 0.063
641 447 36 59 0.040
620 473 59 31 0.038
56 397 23 26 0.035
715 457 13 16 0.033
541 518 13 16 0.032
572 451 11 13 0.031
934 154 31 38 0.026
900 129 28 29 0.025
819 587 17 19 0.022
65 62 27 26 0.021
