34_Baseball_Baseball_34_368
31
507 608 30 38 0.864
559 607 30 39 0.836
456 598 29 36 0.822
399 599 32 38 0.819
598 620 30 40 0.814
223 615 30 41 0.797
246 593 28 36 0.797
667 637 29 42 0.795
320 610 28 37 0.791
934 664 28 39 0.770
89 616 25 35 0.765
692 611 29 36 0.753
76 650 27 37 0.752
171 642 27 44 0.721
425 606 23 33 0.691
813 651 25 40 0.684
169 612 26 33 0.671
707 692 24 36 0.635
283 649 28 47 0.595
795 643 23 37 0.571
659 706 26 40 0.490
810 624 25 37 0.481
321 673 27 45 0.480
143 624 25 36 0.125
144 644 35 40 0.060
795 636 41 51 0.044
151 468 9 10 0.030
146 614 25 34 0.030
411 606 29 37 0.028
293 641 27 38 0.022
137 633 30 35 0.021
