34_Baseball_Baseball_34_690
25
414 163 28 34 0.857
128 331 30 35 0.855
231 202 28 33 0.853
698 210 28 33 0.852
328 198 29 35 0.848
598 189 29 34 0.848
133 210 29 33 0.848
408 273 28 36 0.847
53 293 28 31 0.847
824 211 30 36 0.845
169 287 28 32 0.844
503 167 29 34 0.840
245 339 31 34 0.839
636 281 29 32 0.838
455 332 29 33 0.837
683 340 33 36 0.836
506 271 27 30 0.834
357 321 30 35 0.831
56 207 30 34 0.829
767 289 28 32 0.828
560 318 32 39 0.825
928 209 31 33 0.824
294 284 27 32 0.819
816 335 34 39 0.818
895 300 30 33 0.806
