34_Baseball_Baseball_34_539
27
722 286 60 77 0.857
782 186 52 77 0.848
303 218 56 66 0.844
937 64 51 64 0.840
852 139 52 67 0.834
709 145 50 58 0.820
422 166 49 61 0.812
541 12 49 71 0.778
485 140 42 52 0.778
213 59 63 74 0.477
754 188 37 51 0.210
760 194 44 55 0.129
871 94 22 27 0.108
8 26 26 30 0.076
920 134 31 41 0.064
0 149 14 35 0.054
345 219 32 43 0.048
0 210 23 61 0.045
763 103 26 34 0.037
649 146 40 53 0.030
455 20 25 28 0.028
1011 45 13 64 0.027
124 39 19 24 0.027
501 0 36 26 0.026
53 225 32 42 0.025
125 184 45 58 0.022
111 155 29 35 0.020
