34_Baseball_Baseball_34_387
28
516 128 65 80 0.868
709 45 49 65 0.817
257 98 40 55 0.814
743 95 48 65 0.809
596 102 42 52 0.808
165 50 45 60 0.799
117 167 39 52 0.797
957 2 40 56 0.789
28 0 45 50 0.734
24 50 38 43 0.690
25 99 41 57 0.690
741 0 43 39 0.560
252 17 41 47 0.544
971 105 43 57 0.478
173 0 32 29 0.461
420 9 41 46 0.352
911 88 43 50 0.311
901 145 43 57 0.166
927 157 40 47 0.130
535 0 31 31 0.057
433 16 34 45 0.035
860 0 35 29 0.033
526 53 40 45 0.031
981 73 41 65 0.030
847 45 40 50 0.029
425 68 35 43 0.029
928 175 43 50 0.028
1011 98 13 57 0.024
