7_Cheering_Cheering_7_143
105
781 399 60 68 0.891
874 183 55 69 0.880
371 561 62 83 0.867
250 418 52 70 0.863
365 88 53 65 0.863
150 26 48 57 0.860
137 430 58 84 0.856
564 85 49 63 0.853
134 577 61 79 0.852
41 419 54 71 0.850
605 400 59 81 0.845
929 584 64 87 0.840
335 329 54 72 0.838
0 341 50 69 0.838
625 284 53 68 0.837
739 340 58 82 0.837
888 433 61 79 0.836
747 596 63 77 0.835
649 498 69 75 0.830
451 112 47 56 0.828
200 105 51 65 0.826
487 494 59 74 0.825
885 73 48 61 0.823
297 178 47 62 0.823
672 42 46 60 0.822
719 17 44 60 0.820
348 437 53 75 0.820
469 298 53 65 0.817
182 294 48 65 0.816
399 242 48 62 0.816
57 183 47 51 0.809
750 186 46 58 0.807
796 266 50 63 0.802
169 221 49 62 0.802
36 293 48 63 0.796
693 108 46 59 0.792
430 378 64 80 0.788
2 627 50 54 0.783
806 39 43 58 0.782
32 83 48 54 0.779
976 278 47 71 0.778
70 237 48 59 0.775
625 230 54 56 0.773
928 446 50 66 0.769
986 373 38 67 0.768
703 613 51 67 0.760
496 234 44 61 0.745
982 94 42 61 0.740
739 261 42 48 0.705
551 307 54 70 0.688
336 86 44 60 0.669
719 209 43 52 0.667
642 10 46 52 0.664
260 257 42 52 0.661
79 2 46 54 0.648
508 183 40 55 0.627
636 170 47 55 0.562
0 273 13 66 0.532
24 0 34 26 0.497
266 0 51 42 0.472
317 286 44 57 0.442
550 21 42 52 0.352
243 339 43 61 0.345
563 256 43 51 0.271
546 39 41 53 0.239
358 0 35 26 0.237
384 172 40 51 0.224
307 306 48 58 0.209
592 0 30 19 0.131
995 114 29 63 0.098
1001 131 23 73 0.086
925 16 51 54 0.085
180 192 41 50 0.084
593 633 64 48 0.084
211 20 46 54 0.080
488 0 47 32 0.072
978 111 39 53 0.064
296 291 45 58 0.061
11 93 32 43 0.054
602 293 36 44 0.050
999 385 25 63 0.050
0 491 14 58 0.050
284 0 42 34 0.047
728 242 45 56 0.042
819 0 43 43 0.041
944 16 40 47 0.039
304 24 49 61 0.039
732 314 35 53 0.035
3 82 29 48 0.035
474 0 34 26 0.034
170 305 43 52 0.032
0 193 17 58 0.032
473 19 48 58 0.030
549 56 39 49 0.029
530 0 52 56 0.027
418 0 47 44 0.025
716 228 50 54 0.024
571 244 39 46 0.024
910 24 54 58 0.023
1008 149 16 55 0.023
214 2 44 53 0.023
314 40 50 60 0.022
1009 42 15 64 0.022
214 342 52 61 0.021
480 229 44 56 0.020
