7_Cheering_Cheering_7_261
557
118 326 17 22 0.821
0 326 13 21 0.819
55 325 16 20 0.811
9 249 15 21 0.809
810 260 17 24 0.808
927 173 18 22 0.807
967 259 18 24 0.806
176 370 17 22 0.801
225 305 18 23 0.796
405 302 19 22 0.795
898 261 16 22 0.794
92 413 18 22 0.793
486 262 18 22 0.789
479 441 20 24 0.788
875 166 20 24 0.788
396 347 18 23 0.787
315 204 17 21 0.787
68 206 16 20 0.787
448 307 19 24 0.784
158 282 18 21 0.783
590 365 19 23 0.782
990 271 18 24 0.782
965 614 23 30 0.782
174 165 16 21 0.781
979 126 18 22 0.781
245 354 18 23 0.779
426 448 18 22 0.779
717 267 18 23 0.779
426 195 16 19 0.779
27 258 16 21 0.778
354 198 15 21 0.777
62 369 18 23 0.777
494 167 15 19 0.776
29 593 21 28 0.776
560 258 19 23 0.774
289 158 16 21 0.773
826 222 16 23 0.773
169 211 16 20 0.772
447 199 16 21 0.770
869 227 18 22 0.770
920 299 19 25 0.769
295 397 16 24 0.768
675 563 22 27 0.768
888 120 18 24 0.768
207 593 21 27 0.767
933 343 21 26 0.766
107 179 15 20 0.766
187 551 19 23 0.766
116 294 16 21 0.766
490 195 16 20 0.766
782 115 16 20 0.765
1004 169 17 24 0.764
740 348 17 21 0.764
718 310 17 22 0.764
794 149 17 19 0.764
838 140 18 23 0.763
346 247 17 20 0.763
79 259 17 20 0.763
870 341 17 25 0.763
52 409 16 21 0.763
620 617 21 27 0.761
72 547 19 27 0.761
907 619 22 27 0.761
358 392 18 21 0.761
234 161 16 20 0.761
421 359 18 22 0.760
243 222 15 20 0.760
946 129 18 22 0.759
741 234 17 21 0.759
251 549 19 26 0.758
470 385 19 25 0.758
22 367 17 21 0.757
326 441 17 24 0.755
152 326 17 21 0.754
854 466 17 23 0.754
980 344 18 25 0.753
613 386 17 24 0.752
165 405 17 22 0.751
689 227 16 23 0.750
254 398 17 22 0.750
977 392 20 25 0.749
14 203 15 18 0.748
218 82 15 19 0.748
866 7 15 20 0.748
548 339 18 24 0.746
932 398 19 23 0.743
359 554 21 25 0.742
406 543 52 67 0.742
516 142 17 22 0.742
761 299 17 22 0.742
399 165 15 20 0.741
235 452 16 22 0.741
205 212 14 19 0.740
709 396 20 26 0.738
619 309 18 21 0.737
908 389 17 24 0.736
847 336 18 24 0.735
609 264 19 24 0.735
825 186 18 24 0.733
554 555 21 25 0.733
575 456 16 22 0.732
580 145 17 21 0.730
772 44 17 20 0.730
112 611 20 26 0.730
760 261 15 21 0.729
410 70 16 20 0.728
348 340 18 23 0.724
95 93 13 17 0.723
859 112 17 22 0.722
424 271 18 22 0.722
155 67 13 16 0.721
362 163 18 21 0.720
447 395 18 23 0.717
540 291 18 22 0.717
17 91 14 17 0.717
604 67 16 21 0.716
782 6 15 18 0.716
790 467 15 21 0.715
669 304 18 23 0.715
95 71 15 18 0.714
864 296 18 22 0.714
297 279 17 21 0.713
402 193 16 20 0.712
886 469 16 22 0.712
138 85 14 17 0.712
183 322 17 20 0.710
392 1 14 17 0.708
131 251 18 20 0.708
780 349 20 23 0.707
643 446 19 25 0.707
738 113 16 22 0.705
670 0 15 16 0.704
867 619 23 29 0.703
640 67 15 19 0.702
523 458 16 21 0.701
712 41 16 20 0.700
652 227 15 22 0.699
909 49 17 22 0.699
819 391 18 25 0.698
397 391 17 20 0.695
596 467 16 23 0.695
942 210 14 19 0.692
252 84 14 18 0.690
1002 215 19 23 0.688
618 223 16 22 0.687
292 337 17 22 0.686
192 4 13 15 0.685
243 12 13 16 0.684
675 344 18 21 0.682
248 249 16 20 0.682
524 14 14 18 0.677
552 20 15 19 0.677
638 10 14 20 0.676
529 185 16 21 0.676
76 100 13 15 0.676
350 616 21 28 0.675
608 5 14 17 0.662
808 46 19 22 0.661
664 396 16 23 0.660
788 218 16 20 0.660
874 253 18 23 0.659
947 302 17 22 0.650
330 403 18 22 0.647
589 321 17 21 0.645
224 35 13 16 0.643
179 97 13 17 0.641
317 0 13 16 0.640
269 238 17 20 0.640
31 176 15 19 0.633
371 438 17 22 0.628
815 126 16 21 0.619
177 440 15 21 0.618
962 583 18 22 0.611
996 302 18 23 0.608
636 332 18 21 0.605
313 245 16 18 0.602
392 52 13 17 0.594
508 571 22 24 0.594
657 253 16 22 0.593
814 629 20 27 0.586
182 61 13 16 0.582
815 309 16 21 0.579
686 77 14 19 0.565
733 440 17 23 0.560
841 11 16 20 0.559
584 224 15 18 0.557
670 78 15 19 0.551
282 69 14 17 0.547
120 369 19 24 0.544
539 53 14 18 0.536
548 79 15 19 0.530
527 269 16 20 0.524
485 301 19 22 0.522
664 442 17 22 0.517
347 274 16 22 0.517
272 595 22 25 0.507
376 80 15 19 0.504
715 445 18 26 0.503
790 566 20 24 0.496
726 148 17 20 0.491
267 308 16 21 0.490
95 2 12 16 0.483
207 8 12 15 0.478
707 5 14 18 0.477
463 168 15 20 0.475
282 448 16 21 0.475
336 89 14 17 0.469
154 40 13 16 0.463
264 447 14 19 0.462
159 89 12 16 0.456
548 127 14 18 0.439
594 32 15 17 0.435
544 160 14 21 0.427
469 11 13 16 0.426
83 368 16 21 0.421
43 376 14 20 0.415
268 277 17 22 0.404
413 601 27 31 0.395
789 420 18 24 0.394
430 2 12 16 0.394
744 52 17 19 0.391
846 319 18 22 0.385
195 233 15 17 0.380
696 314 15 21 0.370
677 78 20 19 0.365
579 125 14 18 0.362
1 392 13 20 0.356
266 222 13 17 0.353
692 482 19 21 0.352
519 237 19 22 0.347
511 40 14 17 0.344
583 252 18 20 0.333
379 34 13 16 0.331
526 0 13 16 0.331
8 391 14 21 0.328
911 366 18 21 0.321
573 21 12 15 0.308
445 158 14 19 0.295
763 126 15 20 0.287
279 564 15 18 0.281
234 377 16 22 0.276
505 330 19 22 0.273
361 68 16 19 0.268
730 367 18 21 0.267
501 12 12 16 0.267
897 240 17 19 0.267
525 233 19 21 0.261
477 216 16 20 0.260
355 86 15 17 0.251
237 100 12 15 0.251
756 157 17 28 0.250
855 340 36 25 0.250
516 242 16 21 0.245
442 24 14 17 0.232
870 232 19 26 0.231
297 235 16 19 0.231
441 396 17 21 0.231
249 36 12 14 0.228
717 185 17 20 0.224
410 243 19 21 0.217
579 123 14 34 0.213
237 388 18 26 0.212
713 129 18 21 0.212
196 46 14 16 0.211
357 83 22 19 0.210
113 406 17 22 0.208
700 294 18 20 0.207
67 3 13 15 0.206
737 287 17 20 0.204
1016 254 8 23 0.197
619 26 12 15 0.196
362 79 24 23 0.196
170 370 18 53 0.191
572 0 13 15 0.189
9 32 11 15 0.186
801 383 16 20 0.186
596 584 17 21 0.184
717 455 18 21 0.180
822 8 12 16 0.179
528 421 20 22 0.179
514 137 16 37 0.178
921 2 17 17 0.176
544 61 16 40 0.176
268 33 16 17 0.175
439 334 17 20 0.174
731 432 17 21 0.169
83 93 26 18 0.168
757 149 18 23 0.167
200 91 13 16 0.161
411 431 18 19 0.158
370 83 17 19 0.158
484 200 18 20 0.153
301 253 17 45 0.152
298 93 15 18 0.150
653 170 20 21 0.147
252 446 46 22 0.145
319 344 19 23 0.143
641 208 16 20 0.143
207 71 13 16 0.143
434 5 15 32 0.143
852 468 55 22 0.142
758 239 15 17 0.142
504 309 17 22 0.140
147 7 12 13 0.139
178 93 20 17 0.138
217 268 16 20 0.134
1012 0 10 11 0.134
574 24 21 16 0.131
136 27 13 16 0.130
579 408 18 23 0.130
498 7 15 17 0.129
988 234 17 22 0.128
697 302 16 22 0.127
680 307 31 26 0.127
758 245 15 24 0.126
272 25 12 17 0.125
797 425 19 26 0.124
67 241 15 19 0.124
87 24 11 13 0.124
249 254 29 33 0.122
1013 47 11 21 0.120
112 87 10 15 0.119
346 282 16 19 0.117
577 314 15 20 0.117
963 181 18 21 0.116
495 242 17 18 0.113
916 2 15 19 0.110
338 88 28 17 0.109
739 53 15 18 0.109
755 301 19 23 0.108
588 74 12 16 0.108
345 8 14 16 0.106
631 175 16 21 0.106
489 384 17 21 0.104
491 41 14 19 0.104
731 114 16 61 0.102
821 8 29 19 0.100
903 28 13 19 0.099
501 0 12 16 0.098
803 384 20 25 0.098
526 258 21 24 0.098
931 147 15 18 0.097
97 68 15 33 0.096
741 47 53 20 0.096
54 93 12 18 0.091
431 160 15 18 0.091
477 81 17 20 0.091
565 372 17 21 0.089
777 384 18 20 0.089
0 97 6 16 0.087
270 4 13 15 0.087
604 29 19 17 0.087
644 389 17 22 0.086
687 340 18 22 0.086
928 2 15 16 0.086
298 73 15 18 0.085
580 317 18 24 0.085
112 221 15 18 0.084
559 393 20 22 0.083
530 5 15 17 0.082
307 83 15 19 0.082
1000 306 20 23 0.081
802 434 15 20 0.080
69 0 13 14 0.078
1 498 10 29 0.078
9 36 12 15 0.077
1 13 11 15 0.077
277 233 41 22 0.077
331 312 17 23 0.076
256 553 23 25 0.075
26 369 20 23 0.073
38 1 10 12 0.073
333 564 15 17 0.072
212 352 19 21 0.070
14 303 15 19 0.070
1000 166 17 24 0.065
322 0 12 14 0.065
103 407 20 23 0.064
360 350 15 18 0.064
83 254 19 28 0.064
540 342 18 23 0.064
729 378 16 21 0.063
353 327 18 37 0.063
253 36 14 16 0.063
204 56 15 23 0.062
1015 651 9 27 0.061
1 284 12 20 0.060
355 68 21 27 0.060
660 101 20 20 0.060
52 38 13 13 0.059
788 411 18 20 0.059
408 588 41 48 0.059
738 279 15 21 0.059
237 397 18 27 0.058
159 192 13 17 0.058
684 183 16 21 0.058
272 22 13 16 0.058
797 417 21 23 0.058
656 100 17 20 0.057
192 90 16 17 0.057
655 212 17 80 0.057
416 242 24 21 0.057
229 199 15 18 0.057
326 90 14 18 0.056
602 164 15 19 0.056
601 10 17 21 0.054
274 4 16 14 0.054
77 330 16 20 0.052
286 66 15 18 0.052
50 8 12 16 0.051
142 6 15 16 0.051
986 241 17 23 0.051
311 83 21 18 0.051
20 473 18 20 0.050
549 417 21 22 0.050
271 5 15 31 0.049
488 2 12 15 0.049
404 0 45 16 0.049
566 387 26 46 0.048
843 610 19 24 0.048
158 32 14 17 0.048
128 576 18 24 0.048
489 243 19 19 0.047
495 531 18 21 0.047
33 33 10 13 0.047
123 377 17 21 0.046
269 223 16 21 0.046
536 112 23 81 0.046
18 418 17 31 0.046
409 5 12 20 0.045
713 6 19 18 0.045
362 2 13 15 0.044
541 422 19 21 0.044
894 372 18 21 0.044
55 101 12 15 0.043
443 245 17 20 0.043
357 306 18 25 0.042
85 558 18 21 0.042
768 386 23 22 0.042
165 18 12 22 0.042
788 191 15 20 0.041
373 23 14 17 0.041
646 201 20 22 0.041
581 221 15 18 0.041
922 127 17 20 0.041
602 463 21 22 0.041
916 662 22 21 0.040
347 3 13 16 0.040
685 474 18 25 0.040
146 458 14 17 0.039
750 308 17 21 0.039
295 307 18 19 0.039
645 284 15 18 0.039
119 38 13 16 0.038
1005 83 17 21 0.038
614 317 17 22 0.038
272 571 21 32 0.037
944 279 16 19 0.037
724 364 17 21 0.037
350 279 18 40 0.037
582 221 24 24 0.037
274 238 17 20 0.036
771 425 25 24 0.036
868 155 15 17 0.036
627 214 21 21 0.035
400 436 16 19 0.034
349 6 20 17 0.034
58 90 17 14 0.034
766 428 21 23 0.034
231 370 15 21 0.034
494 34 21 24 0.034
270 582 19 28 0.033
528 252 19 21 0.033
503 399 18 25 0.033
194 261 16 22 0.032
406 245 16 20 0.032
764 197 16 19 0.032
304 92 17 17 0.032
972 3 14 15 0.032
847 539 15 18 0.032
486 4 23 24 0.032
216 356 32 30 0.032
641 383 27 26 0.031
209 53 15 19 0.031
660 175 20 23 0.031
467 168 17 19 0.031
118 1 13 15 0.031
0 301 10 21 0.030
405 67 16 20 0.030
491 51 14 19 0.030
364 433 16 20 0.030
0 408 7 29 0.030
546 256 15 20 0.030
21 330 14 21 0.030
640 164 22 74 0.030
712 183 17 21 0.029
432 20 14 18 0.029
506 407 33 28 0.029
281 3 14 15 0.029
377 443 18 22 0.028
112 417 17 23 0.028
721 5 16 18 0.028
494 14 14 18 0.028
61 24 13 16 0.028
906 21 14 21 0.028
373 257 18 25 0.027
684 174 18 24 0.027
229 16 30 16 0.027
711 150 19 21 0.027
57 31 14 18 0.026
783 196 18 20 0.026
667 105 16 19 0.026
199 255 23 22 0.026
811 38 20 22 0.026
366 4 14 19 0.026
300 231 15 18 0.026
952 184 16 21 0.026
188 351 17 20 0.025
633 337 19 23 0.025
979 332 22 32 0.025
854 9 18 22 0.025
709 126 16 22 0.025
224 15 10 19 0.024
918 8 16 16 0.024
570 65 35 27 0.024
979 5 15 17 0.023
363 235 15 21 0.023
0 418 9 28 0.023
672 172 24 24 0.023
163 59 25 17 0.023
556 396 17 24 0.023
662 169 18 20 0.023
661 368 17 21 0.023
157 12 16 20 0.023
274 605 24 28 0.022
31 29 10 13 0.022
653 376 20 25 0.022
756 389 19 22 0.022
692 338 16 19 0.022
565 464 21 22 0.022
857 98 15 19 0.022
137 63 56 62 0.022
234 413 16 20 0.022
543 343 28 24 0.021
449 161 16 20 0.021
566 81 14 18 0.021
590 254 18 20 0.021
555 468 17 22 0.021
35 374 24 26 0.021
551 125 17 19 0.020
207 355 17 21 0.020
484 85 16 26 0.020
641 16 16 19 0.020
503 534 20 20 0.020
672 132 18 20 0.020
773 199 29 29 0.020
10 298 27 24 0.020
