7_Cheering_Cheering_7_285
164
779 507 64 79 0.874
525 547 60 81 0.854
73 512 50 62 0.852
703 324 56 74 0.848
381 500 66 90 0.839
939 444 69 96 0.828
917 280 65 79 0.827
163 495 27 34 0.826
85 459 22 25 0.810
69 410 21 26 0.807
179 350 17 22 0.804
969 251 45 55 0.785
32 472 23 26 0.781
143 555 30 38 0.776
742 259 40 50 0.775
0 411 15 20 0.772
572 228 16 19 0.765
547 336 20 23 0.763
141 399 19 24 0.762
522 283 16 20 0.762
884 153 15 19 0.762
19 444 19 24 0.760
954 135 15 18 0.751
192 424 22 25 0.746
17 380 16 21 0.744
917 144 14 16 0.744
1002 59 12 16 0.737
743 223 15 17 0.736
124 422 21 26 0.732
317 362 42 60 0.722
399 335 16 19 0.721
1014 100 10 16 0.720
683 173 15 19 0.707
701 267 22 26 0.703
720 106 12 15 0.701
566 291 50 62 0.691
905 26 13 15 0.690
532 366 21 28 0.680
525 113 10 12 0.679
334 335 17 21 0.679
473 255 13 16 0.679
897 108 13 17 0.674
515 236 16 19 0.672
803 214 15 19 0.669
639 151 12 15 0.669
449 219 13 16 0.666
902 194 17 20 0.666
915 174 13 16 0.656
997 111 15 19 0.654
962 157 17 20 0.651
780 122 12 15 0.641
179 245 12 14 0.636
955 106 12 16 0.629
22 419 16 18 0.628
99 381 16 19 0.626
293 218 11 13 0.611
12 506 23 29 0.605
435 247 15 18 0.592
247 198 11 12 0.578
454 200 13 15 0.578
244 237 13 15 0.577
749 105 11 12 0.564
74 378 18 21 0.548
858 179 14 18 0.542
583 171 12 14 0.537
121 391 17 19 0.532
740 137 12 14 0.523
951 91 14 17 0.473
675 137 11 15 0.468
331 221 13 14 0.462
873 106 12 15 0.459
432 326 18 21 0.447
495 230 12 15 0.413
108 365 13 16 0.370
958 148 17 22 0.365
479 218 14 15 0.335
215 208 10 12 0.329
404 287 13 14 0.313
994 201 15 17 0.305
3 416 28 18 0.287
321 291 14 18 0.283
234 487 20 30 0.282
282 235 12 14 0.272
579 166 13 16 0.249
84 382 34 18 0.248
916 153 13 42 0.200
752 159 10 13 0.195
335 225 13 16 0.194
576 160 13 17 0.185
48 429 15 19 0.184
945 167 14 19 0.184
296 235 15 17 0.181
605 173 13 16 0.155
402 208 9 11 0.136
487 213 16 17 0.135
874 107 21 15 0.131
494 212 13 15 0.124
929 212 18 22 0.120
222 398 25 44 0.106
320 287 14 17 0.106
299 242 14 18 0.105
564 353 23 31 0.104
945 196 17 23 0.104
0 380 7 17 0.099
417 300 13 14 0.098
437 365 18 23 0.096
954 98 14 18 0.090
626 308 25 34 0.088
936 202 23 24 0.080
367 208 17 18 0.076
323 298 12 16 0.073
334 231 14 18 0.072
861 146 11 14 0.070
301 232 12 15 0.069
743 102 11 64 0.069
256 227 11 13 0.069
219 435 19 27 0.069
61 520 30 46 0.055
604 259 15 18 0.052
222 421 21 35 0.052
704 146 10 13 0.052
828 268 23 35 0.049
554 418 35 47 0.048
742 192 9 12 0.046
672 139 11 15 0.044
178 247 12 17 0.044
477 320 23 30 0.043
1 478 10 24 0.043
279 235 34 22 0.043
244 199 10 12 0.041
386 256 10 11 0.039
186 425 20 24 0.036
575 151 11 15 0.035
169 282 11 12 0.035
606 163 13 16 0.035
364 180 10 11 0.034
469 312 27 39 0.034
832 118 12 16 0.034
1016 215 8 22 0.034
886 152 44 56 0.033
434 242 13 17 0.033
399 207 15 16 0.031
84 381 18 20 0.031
581 252 15 19 0.030
434 351 19 24 0.030
20 422 16 22 0.029
749 125 12 14 0.029
54 392 15 17 0.028
857 192 18 24 0.028
577 148 9 11 0.028
922 214 19 25 0.028
220 389 25 37 0.026
277 264 12 14 0.026
440 363 25 28 0.026
869 106 13 16 0.025
829 301 36 48 0.025
860 203 16 21 0.025
860 148 21 16 0.024
259 229 13 14 0.024
955 162 17 20 0.023
419 301 16 36 0.023
716 134 10 14 0.023
812 125 11 15 0.021
430 318 16 20 0.020
