7_Cheering_Cheering_7_156
231
455 534 70 115 0.695
842 571 10 13 0.339
986 452 36 86 0.330
835 544 10 13 0.325
990 408 11 13 0.243
972 405 11 12 0.198
856 534 10 12 0.186
894 520 11 13 0.174
651 496 9 9 0.155
847 255 8 9 0.149
1003 299 9 10 0.142
1010 353 10 10 0.138
864 522 10 13 0.132
1013 319 8 9 0.131
858 530 11 14 0.130
432 598 8 11 0.127
813 473 10 11 0.126
801 467 9 11 0.121
921 298 7 9 0.117
880 520 9 12 0.110
443 546 11 13 0.103
663 590 15 16 0.102
960 361 8 9 0.102
842 447 8 9 0.102
872 573 10 14 0.101
780 432 9 9 0.100
918 295 9 9 0.098
899 295 9 9 0.097
796 250 8 12 0.097
825 423 9 10 0.092
717 154 7 8 0.091
805 469 11 12 0.090
885 523 23 9 0.088
883 295 8 12 0.087
841 559 12 26 0.086
879 295 10 9 0.085
864 523 23 9 0.084
809 472 16 12 0.083
788 456 8 10 0.082
439 535 12 16 0.080
834 527 12 14 0.079
834 487 9 12 0.078
840 502 10 13 0.078
795 270 8 15 0.076
791 435 11 9 0.076
900 204 10 9 0.075
814 585 10 12 0.074
697 165 7 9 0.074
888 466 9 10 0.073
910 446 10 12 0.073
938 258 10 9 0.073
813 442 9 10 0.071
833 537 13 17 0.070
1016 416 8 14 0.069
399 548 11 13 0.068
690 148 6 9 0.068
726 445 10 9 0.068
866 463 9 9 0.067
834 444 8 9 0.067
852 459 10 9 0.067
808 439 9 9 0.066
920 136 6 6 0.066
685 457 8 9 0.065
795 249 7 20 0.064
957 293 15 10 0.062
947 349 8 9 0.061
379 160 8 8 0.060
998 313 8 9 0.058
609 154 6 6 0.058
843 443 8 20 0.058
881 166 6 14 0.057
998 190 7 12 0.057
773 451 8 10 0.057
726 420 9 9 0.057
744 148 7 6 0.057
849 241 6 33 0.056
839 534 30 14 0.056
1004 352 14 9 0.055
339 179 7 8 0.055
442 573 10 12 0.055
822 396 8 9 0.055
672 573 10 12 0.055
759 450 9 10 0.054
910 506 10 12 0.054
1015 337 7 9 0.054
893 469 9 11 0.053
803 418 8 12 0.052
378 161 7 9 0.052
958 259 16 9 0.052
729 235 7 9 0.052
974 316 9 9 0.052
933 141 6 6 0.052
906 478 10 13 0.052
871 520 12 13 0.051
843 400 8 10 0.051
984 295 17 9 0.051
774 433 15 9 0.050
839 569 11 13 0.050
827 145 7 6 0.048
849 462 27 9 0.048
970 310 9 9 0.048
996 314 18 10 0.047
850 484 9 10 0.047
429 162 7 9 0.047
305 184 8 9 0.047
666 498 8 9 0.047
751 426 9 9 0.047
896 265 6 33 0.046
965 333 7 9 0.046
782 434 20 9 0.046
507 154 6 7 0.046
677 478 8 10 0.046
402 554 9 12 0.046
879 483 10 12 0.045
962 285 8 20 0.045
816 445 10 9 0.045
628 442 9 9 0.044
946 397 10 10 0.043
989 412 10 11 0.043
850 546 13 14 0.042
913 543 11 14 0.042
777 321 8 9 0.042
837 495 10 15 0.041
816 472 10 11 0.040
81 684 15 18 0.040
425 539 11 12 0.040
981 406 19 13 0.039
402 547 18 13 0.039
406 574 10 12 0.038
412 547 10 12 0.037
863 234 9 27 0.037
760 277 9 18 0.037
885 257 6 37 0.037
790 395 10 9 0.036
911 418 9 9 0.035
867 477 10 12 0.035
973 307 9 21 0.035
858 460 10 9 0.034
906 368 9 10 0.034
818 513 10 12 0.034
809 500 9 11 0.034
508 157 7 6 0.033
402 605 10 12 0.033
851 603 9 12 0.033
948 293 18 10 0.032
656 471 9 9 0.032
440 539 13 17 0.032
617 484 9 10 0.032
838 505 10 20 0.032
790 429 12 17 0.031
718 149 6 18 0.031
1001 382 9 10 0.031
565 190 7 9 0.031
884 239 6 43 0.031
789 449 8 17 0.031
824 219 7 33 0.031
397 544 10 14 0.030
983 360 10 14 0.030
372 553 9 10 0.030
321 208 8 9 0.030
840 485 19 11 0.030
871 481 19 14 0.030
810 250 11 24 0.029
769 453 28 9 0.029
743 144 8 18 0.029
995 353 24 10 0.028
896 473 16 13 0.028
622 460 9 10 0.027
763 452 21 9 0.027
1002 293 7 31 0.027
911 247 10 33 0.027
902 540 11 13 0.027
746 233 6 37 0.027
874 400 8 10 0.027
740 344 9 16 0.027
902 190 6 30 0.027
913 226 6 45 0.026
340 181 10 11 0.026
951 162 7 15 0.026
811 503 9 11 0.026
742 404 8 9 0.026
869 473 10 17 0.026
816 325 8 9 0.025
1015 217 7 36 0.025
763 343 8 9 0.025
990 217 5 42 0.025
731 225 6 29 0.025
968 242 23 13 0.025
827 480 10 13 0.025
395 185 11 8 0.024
742 294 14 18 0.024
799 418 9 9 0.024
930 279 22 9 0.024
865 237 23 20 0.024
971 405 32 13 0.024
417 545 10 12 0.023
703 457 9 14 0.023
372 182 6 22 0.023
683 458 26 8 0.023
844 285 10 20 0.023
882 335 7 10 0.023
786 146 7 8 0.023
801 145 7 6 0.023
543 155 5 6 0.023
650 247 7 9 0.023
990 259 7 30 0.023
871 138 6 6 0.023
805 217 9 36 0.022
942 334 8 9 0.022
811 474 9 12 0.022
947 233 12 28 0.022
64 697 12 13 0.022
737 271 10 30 0.022
631 158 8 8 0.022
1014 202 6 42 0.022
780 225 16 23 0.022
224 627 8 10 0.022
906 541 18 14 0.022
937 260 31 10 0.022
972 377 12 10 0.021
747 457 9 10 0.021
913 272 7 40 0.021
870 499 12 13 0.021
851 318 8 11 0.021
991 277 8 36 0.021
893 232 15 33 0.021
698 470 9 11 0.021
348 187 9 12 0.020
882 267 13 42 0.020
967 168 7 13 0.020
997 191 16 13 0.020
