7_Cheering_Cheering_7_582
495
495 100 101 115 0.882
270 47 104 132 0.876
530 342 52 61 0.862
117 79 118 142 0.855
716 500 75 83 0.853
866 66 97 124 0.851
391 438 56 70 0.845
152 310 41 49 0.833
916 365 47 57 0.833
921 247 29 33 0.833
444 336 40 50 0.830
748 361 47 58 0.829
201 291 33 40 0.826
38 310 39 47 0.825
155 424 55 72 0.808
233 387 50 65 0.803
245 327 41 48 0.798
725 292 41 45 0.790
320 313 32 38 0.789
722 202 28 33 0.788
625 369 44 53 0.787
654 403 56 63 0.786
134 245 27 33 0.785
578 313 38 47 0.781
641 195 24 29 0.780
438 194 25 30 0.778
300 358 38 48 0.778
77 287 33 38 0.777
562 263 38 46 0.773
607 187 22 27 0.769
336 286 28 36 0.764
89 195 23 27 0.761
828 194 28 33 0.758
20 199 25 29 0.754
829 248 29 35 0.753
732 90 14 18 0.740
716 124 15 19 0.735
687 79 15 18 0.735
229 291 31 39 0.735
13 162 20 26 0.732
699 98 15 18 0.727
652 147 18 21 0.727
239 63 17 20 0.724
924 220 25 30 0.724
571 46 14 16 0.722
418 102 15 19 0.721
433 52 13 16 0.721
252 270 27 33 0.718
660 118 16 20 0.717
206 197 21 25 0.716
726 48 14 16 0.715
610 160 19 22 0.713
420 38 14 17 0.704
424 160 18 21 0.691
994 160 16 19 0.690
409 67 14 18 0.687
373 199 23 29 0.686
803 204 25 29 0.678
426 235 32 38 0.677
773 159 18 21 0.675
705 172 19 23 0.674
466 81 15 18 0.671
962 50 13 16 0.666
739 168 18 22 0.658
469 39 15 17 0.655
639 64 14 18 0.645
414 140 17 21 0.642
672 45 14 16 0.640
59 245 26 32 0.639
724 154 17 21 0.635
978 77 14 16 0.633
75 348 36 43 0.631
387 53 14 17 0.627
646 105 14 17 0.621
643 226 26 29 0.620
264 9 13 16 0.618
619 49 13 16 0.617
587 188 18 25 0.611
602 33 13 15 0.610
73 72 19 25 0.598
857 488 39 71 0.594
518 29 13 16 0.580
755 256 27 32 0.576
938 18 13 16 0.561
533 43 13 15 0.557
227 49 13 15 0.555
122 290 29 34 0.555
408 350 45 55 0.547
343 8 12 16 0.535
1007 109 14 15 0.520
36 157 20 25 0.518
708 16 13 14 0.508
438 27 11 15 0.499
1012 174 12 21 0.498
391 2 13 15 0.497
422 21 12 14 0.492
14 143 18 24 0.491
767 182 25 26 0.490
139 219 22 25 0.485
437 7 13 15 0.482
1004 36 13 17 0.481
252 31 15 18 0.480
358 176 20 28 0.475
980 25 12 14 0.472
221 11 14 18 0.465
665 27 12 15 0.465
458 63 16 17 0.461
997 97 12 14 0.455
33 16 17 20 0.438
25 228 25 32 0.434
822 309 35 44 0.422
104 20 14 19 0.417
83 183 20 24 0.415
1004 62 13 16 0.413
385 77 17 21 0.401
912 7 14 17 0.398
910 28 12 15 0.397
561 31 12 15 0.394
858 219 23 29 0.392
682 65 13 15 0.389
33 25 16 19 0.381
1008 127 15 18 0.363
1016 78 8 15 0.354
238 5 12 15 0.346
648 45 12 16 0.345
407 330 40 44 0.343
465 25 12 14 0.333
94 393 45 61 0.328
625 83 15 18 0.324
857 354 48 55 0.295
414 146 21 28 0.293
619 27 13 15 0.292
270 29 15 16 0.291
486 156 20 28 0.286
222 27 13 15 0.282
648 2 14 15 0.279
457 108 17 22 0.275
378 140 20 21 0.275
96 327 40 45 0.275
464 8 12 15 0.269
385 107 15 19 0.265
300 8 15 15 0.260
615 65 13 20 0.257
483 8 13 15 0.257
676 292 37 43 0.254
687 209 25 31 0.252
187 228 19 21 0.252
2 417 59 71 0.252
230 211 17 22 0.250
611 70 14 18 0.250
340 261 26 31 0.247
698 48 14 15 0.246
720 185 21 21 0.245
233 240 28 34 0.237
642 36 15 17 0.236
993 116 12 15 0.229
768 196 24 26 0.228
666 174 18 23 0.221
50 45 17 21 0.219
707 185 20 24 0.217
939 39 14 19 0.211
706 66 13 15 0.211
432 287 32 45 0.208
911 16 13 21 0.207
351 186 24 30 0.204
97 164 18 24 0.199
386 111 18 21 0.195
188 22 13 15 0.190
1002 219 20 28 0.188
434 305 31 36 0.185
769 164 23 58 0.182
360 18 13 15 0.181
432 164 21 24 0.179
800 169 23 22 0.179
591 132 13 18 0.177
479 63 17 18 0.172
168 40 15 19 0.170
940 299 37 44 0.169
219 273 22 26 0.167
656 24 17 15 0.162
696 5 11 15 0.162
50 123 17 24 0.159
218 205 25 25 0.157
634 129 17 19 0.154
650 0 11 29 0.154
440 165 21 23 0.152
0 110 10 23 0.149
0 135 11 25 0.147
666 170 17 20 0.146
425 283 33 37 0.146
514 2 13 15 0.141
439 281 37 40 0.140
573 75 19 20 0.138
618 76 24 24 0.137
585 76 16 19 0.136
433 53 25 19 0.135
531 37 15 30 0.134
278 2 13 13 0.133
325 340 29 38 0.131
625 92 35 19 0.131
384 157 17 21 0.129
645 34 20 19 0.129
627 59 28 25 0.127
996 97 12 25 0.127
840 133 18 20 0.126
761 100 16 18 0.126
592 265 33 43 0.125
715 33 13 16 0.125
844 347 47 57 0.121
880 2 15 15 0.119
1005 99 15 40 0.119
211 50 15 16 0.119
673 281 32 37 0.118
301 11 20 19 0.115
371 33 13 16 0.115
700 151 19 21 0.113
84 341 46 47 0.112
977 29 13 18 0.112
573 58 14 19 0.111
0 51 9 18 0.109
197 11 15 18 0.107
192 226 20 23 0.106
621 3 11 14 0.105
1 89 15 31 0.105
675 140 16 20 0.104
177 209 18 23 0.104
465 8 30 15 0.102
1 138 15 28 0.100
383 30 15 16 0.100
132 204 22 27 0.100
192 10 14 26 0.099
25 410 52 65 0.098
213 2 12 14 0.098
562 72 19 20 0.097
193 6 13 16 0.096
383 83 13 18 0.096
422 293 37 44 0.094
625 132 19 21 0.094
498 28 11 14 0.094
677 5 13 15 0.093
202 16 13 14 0.093
480 86 14 18 0.092
711 10 13 32 0.092
641 4 14 15 0.092
607 32 20 27 0.091
429 5 17 24 0.090
466 33 17 37 0.089
393 116 17 21 0.088
1004 32 11 40 0.088
595 69 31 18 0.088
709 169 41 50 0.088
438 0 10 52 0.088
217 7 15 17 0.086
716 194 27 27 0.085
280 3 14 17 0.084
478 288 33 41 0.083
289 233 23 30 0.083
0 40 7 16 0.083
255 221 18 22 0.083
809 168 24 25 0.083
315 344 34 47 0.082
372 345 52 56 0.081
355 0 12 13 0.081
86 216 22 26 0.081
238 230 26 33 0.081
745 119 16 19 0.081
575 336 40 52 0.080
978 256 23 31 0.080
218 352 31 35 0.080
1005 21 12 66 0.079
568 62 16 21 0.079
996 291 28 57 0.077
432 68 13 18 0.075
265 109 14 19 0.075
829 294 37 45 0.074
584 182 27 35 0.073
236 252 25 31 0.072
665 25 21 14 0.072
37 147 22 29 0.072
639 23 26 16 0.071
780 183 19 24 0.071
700 40 24 17 0.071
448 132 16 21 0.070
391 140 23 21 0.070
770 175 50 33 0.069
332 236 27 31 0.068
805 248 27 35 0.067
32 18 21 32 0.066
92 171 23 49 0.066
261 108 20 29 0.066
562 473 47 62 0.065
669 180 18 23 0.064
278 391 40 50 0.064
955 69 11 18 0.064
363 20 23 23 0.064
7 47 15 19 0.063
975 91 14 16 0.061
224 260 27 31 0.060
450 164 19 23 0.060
793 163 21 26 0.060
303 16 22 20 0.060
968 3 15 16 0.060
567 72 31 25 0.059
953 30 12 15 0.059
984 248 29 38 0.059
376 120 38 47 0.059
369 60 12 17 0.059
0 223 12 30 0.058
665 22 12 14 0.058
459 52 15 24 0.058
397 338 44 51 0.057
995 221 24 37 0.057
180 215 19 24 0.057
336 247 28 39 0.057
99 24 15 20 0.056
369 52 14 19 0.056
362 285 31 39 0.056
562 16 16 16 0.056
163 253 21 28 0.056
641 40 14 99 0.056
546 28 17 19 0.056
435 294 51 42 0.054
680 120 15 21 0.053
945 182 21 25 0.053
961 5 16 16 0.053
990 119 17 19 0.053
484 23 17 18 0.053
388 142 18 22 0.052
1008 34 12 16 0.051
496 67 18 17 0.051
382 111 14 20 0.050
0 48 19 21 0.050
436 127 16 18 0.050
247 90 14 18 0.050
619 112 16 18 0.049
617 136 20 18 0.049
532 8 14 15 0.049
480 91 16 23 0.049
972 132 12 17 0.049
586 194 20 30 0.048
684 25 12 14 0.048
31 237 27 33 0.048
445 169 24 29 0.047
535 60 16 17 0.047
753 110 19 23 0.047
412 33 33 49 0.046
537 25 15 20 0.046
1016 250 8 40 0.046
1010 286 14 42 0.046
1011 191 12 24 0.045
257 0 23 62 0.045
362 18 30 35 0.044
457 6 39 29 0.044
1003 188 20 22 0.044
63 230 25 42 0.044
946 46 21 17 0.043
292 17 22 18 0.043
12 47 13 15 0.043
573 11 20 18 0.043
46 126 20 30 0.042
422 0 16 97 0.042
480 27 18 17 0.042
570 18 14 16 0.042
896 28 22 15 0.041
671 253 26 36 0.041
620 1 11 24 0.041
785 148 19 23 0.040
667 102 16 18 0.040
83 395 38 54 0.040
87 200 23 31 0.040
582 7 13 15 0.040
975 72 14 18 0.040
659 69 15 17 0.039
468 281 34 40 0.039
857 296 38 41 0.039
625 93 17 23 0.038
376 189 23 28 0.037
1003 230 19 36 0.037
1014 238 10 49 0.037
156 222 18 25 0.037
992 239 24 35 0.037
843 302 38 43 0.036
581 6 19 21 0.036
1004 129 15 18 0.036
157 234 20 27 0.036
21 237 26 31 0.036
215 2 16 15 0.035
693 37 16 20 0.035
827 260 29 33 0.035
420 196 36 26 0.035
609 16 30 60 0.034
864 5 12 18 0.034
971 4 15 29 0.034
399 124 15 18 0.034
807 213 25 33 0.033
257 222 26 24 0.033
90 31 16 19 0.033
585 3 13 16 0.033
767 134 20 22 0.033
837 346 38 50 0.033
166 260 20 26 0.033
103 340 40 49 0.032
644 239 28 37 0.032
629 33 21 24 0.032
243 77 17 27 0.032
671 212 30 31 0.032
470 0 15 14 0.032
660 190 20 26 0.031
607 97 15 19 0.031
410 285 27 33 0.031
0 426 33 58 0.031
326 0 13 16 0.031
901 257 22 29 0.031
636 14 42 47 0.031
0 69 7 19 0.030
582 275 35 45 0.030
112 193 16 23 0.030
173 19 38 27 0.030
549 12 20 17 0.030
982 47 22 18 0.030
382 100 21 38 0.030
393 23 23 17 0.030
597 20 13 19 0.030
76 74 23 26 0.030
582 329 39 42 0.029
392 178 21 27 0.029
492 300 30 40 0.029
266 17 47 24 0.029
366 12 24 21 0.029
531 58 15 19 0.029
328 283 27 34 0.028
500 305 39 41 0.028
123 59 14 17 0.028
563 13 31 21 0.028
358 2 17 13 0.028
768 126 17 25 0.028
434 241 35 44 0.028
247 92 17 30 0.027
454 166 21 27 0.027
883 29 17 16 0.027
607 69 14 18 0.027
433 159 19 21 0.027
536 454 45 53 0.027
946 313 35 40 0.027
40 234 30 34 0.027
79 154 20 26 0.027
929 13 52 20 0.026
280 0 13 10 0.026
878 24 15 16 0.026
464 125 15 20 0.026
0 240 13 35 0.025
276 228 23 23 0.025
504 67 18 18 0.025
993 193 21 21 0.025
601 341 35 45 0.025
350 176 22 27 0.025
555 240 29 36 0.025
453 65 12 15 0.025
1015 431 9 67 0.025
944 298 54 51 0.025
312 17 19 18 0.025
877 178 18 22 0.024
219 3 47 76 0.024
600 260 35 43 0.024
713 115 20 31 0.024
598 11 14 20 0.024
617 187 23 27 0.023
826 289 31 36 0.023
770 131 22 52 0.023
1000 315 24 41 0.023
798 228 32 37 0.023
947 4 17 15 0.023
495 243 28 35 0.023
1 260 18 34 0.023
383 171 18 29 0.022
830 262 30 67 0.022
817 181 25 26 0.022
97 159 17 22 0.022
650 223 28 31 0.022
454 102 18 19 0.022
565 76 17 19 0.022
359 347 42 57 0.022
480 140 26 42 0.022
998 29 12 117 0.021
375 213 24 28 0.021
1012 147 11 16 0.021
417 4 15 12 0.021
2 263 32 37 0.021
990 201 24 34 0.021
955 175 23 21 0.021
653 150 20 24 0.020
787 140 17 21 0.020
962 83 15 23 0.020
247 123 18 20 0.020
593 89 22 17 0.020
