7_Cheering_Cheering_7_445
46
861 887 70 91 0.842
590 879 51 69 0.839
845 825 57 66 0.828
773 868 27 33 0.817
654 864 24 30 0.768
722 873 20 24 0.740
598 842 28 33 0.738
713 858 18 19 0.718
969 927 32 48 0.564
562 841 19 23 0.357
746 880 18 24 0.290
641 853 16 21 0.220
627 841 17 21 0.104
638 847 19 21 0.101
749 874 16 22 0.100
738 857 14 16 0.086
555 839 22 28 0.082
559 829 19 31 0.078
728 850 12 13 0.073
554 912 24 26 0.070
743 868 18 22 0.068
679 878 18 24 0.061
651 880 23 30 0.055
761 834 15 18 0.053
556 826 18 22 0.051
784 844 18 21 0.051
715 852 35 24 0.046
761 837 13 25 0.044
684 878 18 21 0.042
569 843 26 27 0.041
741 854 13 13 0.040
609 841 35 25 0.036
579 842 16 22 0.036
660 858 20 26 0.036
672 883 21 23 0.034
550 901 24 32 0.032
687 871 16 21 0.032
591 846 27 27 0.030
783 840 33 27 0.028
667 848 13 18 0.026
807 826 27 33 0.026
551 845 21 26 0.025
788 847 19 22 0.025
754 851 16 21 0.023
760 852 15 20 0.022
681 868 17 22 0.021
