7_Cheering_Cheering_7_679
42
550 66 60 74 0.868
967 153 54 73 0.832
719 103 59 75 0.830
25 144 82 99 0.829
515 182 98 106 0.801
729 28 48 57 0.782
287 206 88 108 0.779
910 142 53 72 0.674
695 15 35 47 0.611
978 64 44 66 0.494
213 214 59 80 0.481
143 66 70 80 0.446
910 20 40 47 0.421
705 23 64 52 0.299
809 41 29 37 0.248
989 31 35 68 0.193
361 74 61 72 0.167
568 0 55 23 0.159
853 21 28 33 0.159
997 73 27 60 0.151
212 305 63 48 0.147
133 58 60 71 0.122
636 14 30 36 0.103
220 198 48 64 0.084
810 250 75 45 0.080
934 13 33 38 0.063
1001 37 23 51 0.059
895 24 43 51 0.051
746 0 24 18 0.049
557 0 51 36 0.047
514 26 28 46 0.046
964 69 44 56 0.042
925 135 68 93 0.037
1010 299 14 50 0.032
989 28 34 41 0.031
333 71 67 79 0.028
608 129 51 67 0.026
119 72 74 84 0.025
591 0 58 31 0.023
795 263 84 66 0.022
0 53 23 61 0.022
1 0 28 46 0.021
