7_Cheering_Cheering_7_365
154
752 358 29 31 0.821
590 331 23 28 0.811
845 338 30 38 0.809
666 321 24 29 0.803
259 297 20 26 0.793
637 355 24 30 0.792
434 306 24 29 0.789
391 255 17 21 0.785
344 316 21 26 0.785
186 302 22 26 0.774
276 334 23 28 0.774
560 290 21 28 0.773
730 266 20 27 0.768
714 291 22 27 0.766
320 270 18 23 0.765
446 284 17 22 0.761
320 303 19 24 0.756
995 304 24 30 0.748
501 287 19 23 0.747
843 286 21 25 0.739
387 291 20 23 0.731
247 267 17 21 0.727
71 242 17 20 0.725
173 224 15 18 0.716
291 293 16 22 0.713
518 314 22 27 0.713
48 260 17 21 0.710
101 230 18 20 0.708
588 272 19 22 0.701
999 237 19 23 0.691
790 282 18 22 0.679
644 268 19 22 0.673
273 219 14 17 0.651
827 259 18 24 0.638
460 267 14 19 0.632
849 314 22 25 0.631
662 242 12 14 0.605
898 245 18 21 0.597
889 190 15 18 0.583
358 243 10 12 0.549
523 272 15 19 0.543
791 233 11 13 0.539
207 233 14 18 0.521
235 225 12 15 0.519
138 236 18 20 0.512
595 235 10 11 0.498
726 235 12 14 0.491
129 233 14 18 0.488
754 264 14 18 0.484
841 233 13 16 0.480
759 232 12 15 0.480
428 228 11 13 0.474
534 233 10 13 0.467
893 285 23 27 0.465
453 234 10 12 0.452
1015 208 9 18 0.430
488 246 11 12 0.412
685 223 11 13 0.407
636 313 21 25 0.404
569 271 13 15 0.375
944 242 13 17 0.372
492 266 12 14 0.316
565 239 11 13 0.307
708 270 15 19 0.303
937 227 13 15 0.293
871 232 14 16 0.288
763 322 18 25 0.282
696 264 16 19 0.276
152 284 15 19 0.261
897 266 20 48 0.243
279 248 11 13 0.236
627 237 12 18 0.231
213 293 14 18 0.217
336 243 10 12 0.214
628 245 12 15 0.205
441 289 22 29 0.179
651 223 12 13 0.178
675 268 15 19 0.175
392 239 11 13 0.170
939 236 15 19 0.170
314 248 13 15 0.163
193 274 17 21 0.153
488 245 12 25 0.141
1000 279 21 27 0.141
670 279 17 20 0.140
661 222 12 15 0.136
904 286 24 28 0.110
688 266 32 19 0.107
238 211 16 59 0.105
793 254 13 14 0.098
875 231 14 15 0.095
546 277 15 19 0.093
612 274 20 17 0.086
630 249 13 14 0.084
759 329 25 53 0.081
431 279 11 17 0.079
990 235 21 21 0.079
632 322 20 24 0.078
993 286 26 39 0.073
951 237 14 17 0.068
752 237 14 16 0.067
618 282 14 19 0.067
485 248 12 15 0.066
727 239 13 16 0.066
734 264 32 25 0.066
753 232 38 14 0.061
694 261 14 15 0.061
755 233 58 15 0.056
314 245 22 22 0.054
345 259 15 16 0.054
939 279 16 20 0.052
557 285 20 26 0.050
836 225 18 26 0.049
432 229 10 12 0.047
982 278 21 24 0.047
532 249 10 15 0.047
986 233 15 17 0.045
617 275 13 14 0.045
208 231 14 16 0.042
711 281 18 24 0.041
725 232 12 14 0.041
522 268 14 17 0.041
240 223 13 15 0.041
642 220 36 63 0.040
565 230 18 44 0.040
781 244 16 16 0.039
102 238 17 22 0.036
1014 217 10 24 0.033
681 260 13 15 0.033
820 209 13 22 0.031
754 250 15 23 0.031
448 260 12 14 0.031
629 257 14 16 0.030
749 206 19 89 0.030
756 316 23 26 0.030
897 291 25 26 0.029
982 295 23 28 0.029
583 255 11 13 0.029
640 319 20 24 0.029
985 273 24 33 0.027
820 218 14 16 0.027
812 363 21 24 0.026
658 299 18 22 0.026
329 263 24 18 0.025
621 324 17 23 0.024
422 254 13 19 0.024
942 236 14 64 0.024
292 263 16 17 0.023
43 252 18 22 0.023
526 264 14 19 0.023
524 319 22 25 0.022
144 275 23 25 0.021
296 297 19 23 0.021
977 237 18 19 0.020
