7_Cheering_Cheering_7_328
371
87 385 57 80 0.833
827 563 59 83 0.826
358 525 51 70 0.821
959 611 57 68 0.806
476 605 65 74 0.804
291 600 67 79 0.791
391 446 52 59 0.791
541 516 51 66 0.786
83 513 60 78 0.780
314 290 30 36 0.779
15 570 68 92 0.778
815 452 39 52 0.768
629 371 35 44 0.766
920 406 33 41 0.746
439 240 20 24 0.740
34 317 32 39 0.738
83 269 26 34 0.732
522 584 51 69 0.727
559 430 45 58 0.724
268 347 34 44 0.717
449 420 35 46 0.686
885 429 35 43 0.677
532 467 39 58 0.665
686 456 46 65 0.665
334 358 36 42 0.657
419 342 37 47 0.656
953 499 52 74 0.654
341 327 30 36 0.644
24 199 17 21 0.642
204 572 57 94 0.633
224 380 48 56 0.630
427 317 29 37 0.602
801 379 39 42 0.589
450 213 17 20 0.578
427 292 26 31 0.577
247 432 51 64 0.571
289 429 44 61 0.570
840 528 42 48 0.564
127 187 13 15 0.533
96 196 12 16 0.532
478 227 20 25 0.517
863 342 25 28 0.514
701 570 48 60 0.507
54 207 18 20 0.502
110 194 14 17 0.499
447 515 51 78 0.483
222 264 27 34 0.474
152 357 32 41 0.435
877 305 20 22 0.431
757 306 25 30 0.423
179 258 21 27 0.423
226 431 57 66 0.420
53 643 64 36 0.417
849 448 34 43 0.410
255 482 49 66 0.394
569 243 21 23 0.373
635 606 44 62 0.360
600 272 16 20 0.358
48 230 18 22 0.352
263 257 21 26 0.333
719 621 51 59 0.326
987 267 11 15 0.324
365 219 16 18 0.324
542 234 14 19 0.318
974 435 34 43 0.314
225 530 50 75 0.297
697 345 32 36 0.294
237 307 27 33 0.294
732 247 12 15 0.293
568 329 27 36 0.285
661 265 15 19 0.277
498 370 33 39 0.265
686 384 29 38 0.251
0 231 8 28 0.251
134 218 23 25 0.247
610 300 24 31 0.246
695 258 14 19 0.243
451 295 26 31 0.237
679 302 25 33 0.231
691 480 42 54 0.226
605 408 42 54 0.223
555 327 31 36 0.215
523 253 22 24 0.211
105 305 29 32 0.211
509 345 39 37 0.200
258 200 13 16 0.193
920 304 18 20 0.192
641 270 19 22 0.186
95 196 27 16 0.184
498 394 42 49 0.184
505 214 13 17 0.183
840 504 48 54 0.181
182 222 16 20 0.180
648 266 29 22 0.168
606 246 16 19 0.167
754 276 16 20 0.167
572 184 13 16 0.162
428 300 26 34 0.161
797 292 15 18 0.160
525 347 27 33 0.159
162 241 18 22 0.155
855 380 31 36 0.154
707 343 33 37 0.154
320 218 17 22 0.151
49 221 18 27 0.149
970 503 39 54 0.146
556 372 34 47 0.143
640 338 27 35 0.141
1001 480 23 59 0.139
563 242 19 20 0.139
546 281 19 24 0.135
613 400 34 43 0.133
358 273 25 29 0.133
312 197 14 17 0.131
503 342 31 37 0.128
816 267 15 17 0.128
51 259 32 38 0.124
515 197 14 17 0.117
846 425 34 43 0.116
534 244 24 27 0.115
802 245 12 14 0.114
987 494 36 64 0.114
753 236 12 13 0.113
1008 309 15 29 0.110
286 242 17 25 0.108
512 201 15 19 0.105
706 644 67 35 0.105
432 263 19 22 0.103
155 192 12 14 0.102
633 195 11 13 0.102
683 232 15 18 0.098
707 241 12 14 0.095
183 182 13 15 0.095
675 313 22 29 0.094
758 274 15 17 0.094
441 545 59 72 0.094
192 278 26 30 0.093
1008 407 16 36 0.093
538 457 34 48 0.090
536 383 51 52 0.090
550 186 12 13 0.089
0 398 8 53 0.087
714 329 24 31 0.087
421 228 17 19 0.085
860 291 16 19 0.085
410 412 39 46 0.083
7 162 11 13 0.082
33 170 11 15 0.081
900 284 18 21 0.081
65 178 12 12 0.079
269 398 33 38 0.077
241 190 12 14 0.076
676 244 15 21 0.076
317 211 18 26 0.075
616 201 10 12 0.075
2 202 11 18 0.075
494 265 21 26 0.074
636 234 13 17 0.074
879 262 13 16 0.073
269 254 23 27 0.073
214 182 14 17 0.073
946 275 15 17 0.072
928 460 39 51 0.072
595 181 10 15 0.070
679 230 15 18 0.068
511 493 48 59 0.067
681 527 43 50 0.067
1005 475 19 37 0.065
752 274 22 46 0.064
841 443 30 43 0.063
336 259 24 28 0.062
729 231 13 16 0.060
781 289 15 16 0.060
18 226 22 26 0.058
705 239 13 26 0.058
978 289 14 16 0.058
30 147 9 10 0.057
355 205 15 20 0.056
1 164 9 17 0.056
931 335 29 31 0.056
897 253 12 14 0.055
747 258 14 17 0.054
542 243 30 21 0.054
267 404 45 66 0.054
298 184 11 13 0.054
142 218 18 22 0.053
925 234 11 12 0.053
254 287 24 34 0.052
606 213 13 14 0.052
1000 409 24 47 0.052
485 231 21 24 0.051
676 238 13 17 0.050
887 458 38 55 0.050
0 180 7 16 0.049
802 242 17 20 0.049
216 195 14 19 0.049
307 193 16 22 0.049
179 189 15 17 0.049
777 257 15 16 0.049
544 206 13 17 0.048
161 236 17 21 0.048
999 511 25 55 0.048
230 215 17 20 0.048
902 233 12 14 0.047
828 260 14 18 0.046
174 252 25 26 0.045
496 324 29 35 0.045
339 189 11 14 0.044
633 208 10 15 0.044
508 383 45 52 0.044
216 202 16 20 0.043
720 339 26 33 0.043
734 287 20 28 0.043
299 165 12 12 0.043
689 347 29 32 0.043
400 173 14 14 0.043
515 256 25 28 0.042
121 253 24 24 0.042
22 220 20 22 0.042
705 240 23 14 0.042
197 287 27 36 0.042
880 247 11 13 0.041
814 526 57 48 0.041
189 244 18 31 0.041
578 272 21 24 0.040
61 205 17 20 0.040
736 284 26 23 0.040
217 274 27 30 0.040
397 177 15 17 0.040
623 313 28 34 0.040
700 359 26 36 0.039
682 314 21 25 0.039
33 204 20 22 0.038
690 448 34 47 0.038
689 306 21 27 0.037
675 252 17 20 0.037
777 474 35 50 0.037
503 329 25 37 0.037
498 266 28 27 0.037
676 384 30 40 0.036
0 387 16 59 0.036
913 339 24 28 0.036
769 228 13 15 0.036
150 273 25 29 0.036
563 248 19 21 0.036
432 430 37 53 0.036
147 214 15 19 0.036
313 152 10 12 0.036
301 187 15 18 0.036
165 188 33 16 0.036
868 303 22 26 0.035
547 193 13 22 0.035
550 277 16 19 0.035
786 229 12 16 0.034
831 255 13 14 0.034
823 505 46 50 0.034
708 248 19 16 0.033
191 237 21 29 0.033
608 240 20 21 0.033
524 382 40 53 0.033
414 222 20 23 0.033
944 440 46 48 0.033
713 563 38 51 0.032
852 530 45 55 0.032
244 162 13 15 0.032
425 208 15 18 0.032
940 276 15 16 0.032
937 249 11 14 0.032
751 242 13 25 0.032
265 175 10 13 0.032
856 418 31 39 0.031
52 160 11 15 0.031
0 272 11 34 0.031
601 333 49 49 0.031
1010 294 13 35 0.031
5 160 16 17 0.031
0 515 27 52 0.031
607 216 13 21 0.031
142 321 35 38 0.031
163 194 19 14 0.031
188 231 19 26 0.031
281 182 11 13 0.030
14 201 25 22 0.030
520 201 16 17 0.030
1009 288 13 20 0.030
74 197 13 15 0.030
890 476 41 46 0.030
980 291 20 19 0.029
213 178 15 39 0.029
475 266 24 28 0.029
635 226 15 20 0.028
864 525 38 48 0.028
31 222 21 20 0.028
559 392 32 38 0.028
594 197 12 17 0.028
885 293 20 24 0.028
983 429 37 48 0.028
230 263 22 28 0.028
615 425 41 53 0.027
22 183 13 16 0.027
609 436 38 50 0.027
740 384 25 32 0.027
540 187 20 13 0.027
199 296 38 41 0.027
927 236 11 16 0.027
215 390 48 53 0.027
858 405 31 39 0.026
805 250 23 51 0.026
260 335 36 42 0.026
538 340 34 37 0.026
235 212 19 16 0.026
841 281 15 17 0.026
763 327 28 42 0.026
357 465 32 46 0.025
538 235 24 26 0.025
599 337 29 38 0.025
874 244 18 16 0.025
236 394 55 55 0.025
696 406 35 42 0.025
635 229 16 35 0.025
208 204 33 34 0.025
309 217 19 19 0.025
316 192 14 19 0.025
810 236 11 14 0.025
806 517 33 45 0.025
299 159 10 29 0.024
765 342 28 33 0.024
536 490 40 51 0.024
869 237 12 16 0.024
806 358 30 38 0.024
875 289 60 32 0.024
629 221 14 27 0.024
607 224 15 19 0.023
591 208 13 16 0.023
927 472 48 59 0.023
948 253 12 25 0.023
773 253 14 16 0.023
940 251 15 15 0.023
493 397 33 40 0.023
185 176 13 16 0.023
215 215 21 21 0.022
615 197 10 11 0.022
1002 428 22 46 0.022
401 421 38 54 0.022
321 172 12 13 0.022
671 216 21 77 0.022
496 353 33 42 0.022
25 181 14 31 0.021
823 265 19 24 0.021
184 311 34 38 0.021
562 213 16 17 0.021
391 222 20 23 0.021
421 406 33 42 0.021
483 264 24 26 0.021
301 424 41 54 0.021
1017 343 7 36 0.021
697 263 17 20 0.021
795 239 17 18 0.021
0 255 8 36 0.021
636 270 16 22 0.021
260 204 20 16 0.021
0 302 9 38 0.021
354 228 22 23 0.021
295 206 16 17 0.020
915 297 19 22 0.020
655 208 12 13 0.020
33 169 16 14 0.020
29 153 14 47 0.020
914 343 29 40 0.020
609 311 28 33 0.020
362 271 38 34 0.020
