7_Cheering_Cheering_7_289
157
47 241 52 60 0.877
232 354 59 76 0.873
81 479 78 106 0.872
153 639 96 115 0.867
554 535 110 142 0.866
390 392 87 108 0.864
67 112 34 46 0.863
88 213 43 64 0.859
413 295 64 83 0.857
802 286 66 91 0.854
872 442 69 92 0.852
238 154 41 50 0.851
210 240 53 64 0.850
605 328 60 70 0.845
395 116 54 68 0.844
117 140 37 46 0.834
533 171 40 49 0.832
655 427 74 88 0.828
866 605 87 107 0.817
255 220 41 54 0.814
711 125 32 38 0.813
282 159 38 43 0.810
35 96 29 36 0.807
813 133 33 39 0.805
560 222 42 52 0.799
755 159 34 43 0.794
776 107 27 33 0.791
977 88 47 56 0.782
157 20 32 41 0.775
863 69 25 32 0.767
811 84 22 27 0.763
609 143 28 35 0.757
440 79 24 32 0.748
858 160 29 35 0.747
550 295 50 54 0.747
491 152 36 44 0.743
440 106 25 31 0.737
613 98 24 29 0.734
258 91 25 30 0.732
693 65 18 23 0.713
784 68 21 24 0.705
561 67 22 26 0.699
248 62 17 22 0.680
693 112 23 30 0.679
718 78 18 22 0.674
83 75 20 25 0.669
445 53 21 26 0.668
555 52 16 20 0.660
877 81 37 57 0.659
758 98 20 27 0.659
784 201 36 43 0.644
755 60 25 26 0.631
498 78 19 26 0.619
111 108 23 30 0.613
618 71 16 21 0.567
295 81 22 29 0.558
725 104 21 25 0.555
360 76 21 26 0.508
830 61 18 22 0.465
296 54 18 23 0.453
618 118 26 31 0.443
664 88 21 27 0.419
518 143 27 34 0.320
524 93 20 26 0.319
955 91 22 31 0.318
383 54 23 26 0.314
666 63 16 20 0.306
224 113 24 29 0.281
662 128 27 36 0.280
587 80 21 26 0.265
720 82 22 49 0.234
577 108 23 30 0.231
298 92 27 35 0.218
389 50 20 24 0.207
665 70 19 35 0.193
830 64 21 27 0.185
741 67 18 20 0.172
373 170 25 30 0.166
485 125 27 32 0.157
483 38 17 20 0.153
378 63 20 22 0.152
414 87 27 30 0.151
443 145 28 41 0.148
597 77 30 26 0.135
341 99 27 34 0.130
469 121 19 26 0.123
276 57 15 18 0.123
306 0 34 20 0.115
221 175 23 35 0.114
0 103 9 37 0.112
426 79 19 26 0.109
839 72 18 28 0.105
241 88 18 26 0.102
664 232 47 57 0.101
759 132 19 23 0.099
17 56 24 32 0.091
257 106 30 35 0.086
1004 285 20 60 0.075
497 66 20 28 0.073
213 75 22 28 0.073
218 184 30 35 0.071
516 124 26 33 0.070
663 62 42 42 0.068
515 105 27 70 0.067
876 99 31 46 0.063
477 146 40 52 0.061
485 60 21 24 0.060
722 89 20 27 0.058
0 395 16 43 0.058
512 135 29 34 0.056
0 93 16 45 0.055
565 134 27 35 0.054
8 491 48 53 0.054
95 51 13 15 0.053
551 126 29 35 0.052
447 111 25 28 0.050
591 97 23 29 0.050
914 284 50 57 0.048
668 59 13 16 0.044
568 117 27 34 0.041
209 65 22 24 0.039
60 54 20 24 0.039
654 220 53 56 0.039
804 84 20 25 0.037
114 118 29 31 0.036
230 86 23 26 0.036
958 92 35 42 0.035
459 139 38 50 0.035
615 149 34 43 0.034
580 115 24 28 0.033
264 117 30 34 0.033
662 112 23 34 0.031
794 88 20 25 0.031
512 116 26 31 0.030
582 88 19 27 0.029
194 39 20 24 0.028
272 127 26 33 0.027
453 143 27 37 0.027
369 161 25 33 0.027
380 128 20 31 0.026
419 62 16 21 0.026
711 108 26 32 0.026
507 139 37 49 0.026
494 60 20 22 0.025
306 119 24 33 0.025
138 37 16 22 0.025
882 143 27 35 0.025
1008 332 16 72 0.024
293 31 13 29 0.024
955 83 20 28 0.024
200 52 25 34 0.024
996 209 28 59 0.023
756 68 22 28 0.023
343 97 21 25 0.022
514 118 51 34 0.021
114 50 12 13 0.021
379 56 18 21 0.021
