7_Cheering_Cheering_7_161
29
528 250 60 77 0.874
823 336 52 61 0.873
401 300 63 79 0.868
128 327 59 71 0.868
203 339 82 96 0.860
655 292 68 83 0.858
541 396 68 79 0.855
233 208 65 80 0.851
363 434 59 69 0.830
961 422 55 66 0.830
966 335 42 51 0.826
152 554 69 78 0.817
6 270 38 47 0.797
625 143 40 55 0.787
390 254 49 53 0.787
468 164 43 60 0.612
859 501 33 53 0.564
777 614 70 38 0.531
0 422 23 77 0.488
706 103 43 55 0.427
319 196 41 50 0.313
633 273 44 63 0.216
714 95 38 48 0.145
329 197 52 60 0.138
308 199 40 39 0.056
334 211 53 67 0.039
445 159 52 69 0.037
430 172 44 58 0.037
500 202 31 40 0.033
