7_Cheering_Cheering_7_620
617
740 473 49 60 0.811
240 483 39 58 0.648
137 452 10 13 0.595
138 409 10 12 0.587
848 490 10 12 0.580
451 505 10 13 0.580
99 422 10 12 0.580
440 470 9 12 0.575
817 489 10 12 0.567
50 423 9 12 0.554
201 422 9 11 0.547
481 467 24 42 0.539
163 383 8 10 0.511
229 437 10 11 0.511
189 400 8 10 0.500
393 439 9 11 0.488
34 437 9 11 0.484
466 459 10 12 0.473
123 421 9 11 0.471
818 462 10 12 0.470
8 432 10 11 0.468
167 437 9 11 0.462
714 490 10 14 0.462
2 471 11 13 0.461
922 495 12 15 0.455
198 442 10 11 0.454
420 511 9 11 0.448
17 386 9 10 0.429
672 439 9 10 0.424
441 428 8 9 0.414
22 447 9 12 0.403
265 423 9 11 0.402
363 440 9 11 0.398
94 354 8 9 0.398
240 416 9 10 0.388
987 491 11 15 0.377
131 434 10 12 0.370
473 401 8 10 0.358
403 476 9 11 0.350
453 403 8 10 0.340
327 390 8 9 0.339
606 426 9 10 0.339
303 390 7 10 0.338
339 416 9 11 0.333
382 456 9 10 0.330
749 435 8 11 0.324
69 268 8 8 0.323
635 464 10 13 0.322
863 452 9 11 0.318
152 424 9 10 0.315
590 436 9 11 0.315
869 490 10 12 0.309
486 466 29 50 0.304
402 529 10 12 0.304
4 415 8 10 0.302
624 508 10 12 0.297
12 348 8 9 0.296
634 454 10 10 0.295
286 387 8 9 0.291
618 409 8 9 0.287
466 432 8 11 0.286
480 452 9 12 0.286
600 469 8 11 0.285
63 348 8 9 0.279
592 453 10 11 0.275
123 382 8 10 0.274
404 406 9 10 0.273
33 368 8 9 0.272
664 466 8 10 0.272
555 454 9 10 0.269
101 385 8 10 0.267
258 402 7 8 0.267
410 452 9 11 0.265
135 365 8 12 0.262
474 290 7 8 0.259
383 426 8 10 0.248
249 386 9 10 0.247
873 478 9 11 0.241
179 391 8 10 0.239
942 452 8 10 0.238
229 365 8 9 0.238
491 397 7 9 0.237
451 433 9 11 0.233
242 442 8 10 0.227
96 377 8 9 0.226
2 283 7 9 0.226
482 435 9 11 0.225
311 408 9 11 0.213
419 439 8 10 0.213
599 404 8 10 0.212
386 312 7 9 0.212
655 433 9 10 0.212
37 393 11 11 0.207
351 429 8 11 0.207
689 410 9 11 0.207
1011 461 9 10 0.206
87 262 7 8 0.205
224 404 9 11 0.204
353 361 7 9 0.203
56 453 9 10 0.202
771 434 8 10 0.202
735 435 8 11 0.200
565 436 9 11 0.200
578 476 9 11 0.194
112 324 8 9 0.192
413 426 9 10 0.191
844 475 10 12 0.191
212 269 8 9 0.190
875 477 10 10 0.189
290 409 10 10 0.187
15 365 9 11 0.181
927 466 8 10 0.180
523 377 7 9 0.179
351 384 8 9 0.179
675 503 9 10 0.177
563 407 6 9 0.176
417 408 8 9 0.175
274 396 8 9 0.175
0 448 7 11 0.173
262 378 8 10 0.173
685 428 10 11 0.173
439 398 8 10 0.171
20 283 8 10 0.170
504 435 9 11 0.169
458 524 8 10 0.169
951 433 8 10 0.169
116 397 10 10 0.168
153 443 10 13 0.167
666 408 9 11 0.165
269 420 10 12 0.164
269 298 7 8 0.164
172 424 9 10 0.160
125 421 10 18 0.160
207 384 8 13 0.158
134 348 7 9 0.158
498 382 7 9 0.157
146 270 7 10 0.154
385 453 9 12 0.153
533 389 7 9 0.149
473 434 19 10 0.146
130 394 12 11 0.145
204 419 10 13 0.145
610 484 9 11 0.144
166 399 11 16 0.144
977 487 13 15 0.143
618 439 9 11 0.143
363 421 9 11 0.142
316 420 9 12 0.142
46 353 8 10 0.142
163 361 8 11 0.141
419 350 8 9 0.141
101 415 10 19 0.140
123 383 14 10 0.140
504 407 9 11 0.137
119 419 11 13 0.134
537 441 9 9 0.133
614 452 8 9 0.132
217 474 45 61 0.132
137 325 7 9 0.129
976 430 9 9 0.128
617 360 7 9 0.128
197 374 10 11 0.128
520 408 9 10 0.128
337 360 9 9 0.127
518 407 8 10 0.126
628 398 8 10 0.126
403 406 19 11 0.125
409 377 7 8 0.125
343 309 7 8 0.125
118 341 8 9 0.124
884 450 10 11 0.123
379 406 9 12 0.123
482 471 16 24 0.122
208 387 9 17 0.122
871 478 9 27 0.121
632 369 7 8 0.121
681 397 9 10 0.120
896 462 10 12 0.119
169 400 9 22 0.119
977 427 8 10 0.119
677 499 9 16 0.118
262 274 6 7 0.117
954 487 9 10 0.117
764 422 8 9 0.116
209 389 8 9 0.116
136 387 9 10 0.115
113 482 8 9 0.115
279 490 11 13 0.115
14 358 9 18 0.114
320 358 7 10 0.113
346 400 10 10 0.113
846 450 10 12 0.113
162 349 8 10 0.112
106 393 9 25 0.112
995 447 9 11 0.110
483 363 7 7 0.110
391 439 16 13 0.110
210 408 18 11 0.109
599 356 9 10 0.107
166 266 7 8 0.107
683 489 9 10 0.107
511 365 7 9 0.106
351 421 8 23 0.105
250 331 8 8 0.105
204 320 7 8 0.105
493 425 10 11 0.105
594 375 8 9 0.105
378 403 10 10 0.102
593 485 9 11 0.101
454 281 6 7 0.101
182 400 12 11 0.100
907 472 9 10 0.100
608 377 8 9 0.100
702 414 8 9 0.100
11 364 10 10 0.099
506 434 12 11 0.099
646 484 10 11 0.099
703 398 9 10 0.099
486 276 6 7 0.099
459 419 10 10 0.099
585 386 8 9 0.098
580 350 7 9 0.097
184 343 7 9 0.096
705 324 7 9 0.096
770 434 14 9 0.096
323 300 6 8 0.095
198 375 20 8 0.094
615 443 9 20 0.094
375 531 12 12 0.093
355 421 19 11 0.092
589 280 6 8 0.091
134 363 8 21 0.091
201 358 9 9 0.090
748 429 8 19 0.089
702 441 10 11 0.088
801 425 9 10 0.087
710 291 6 8 0.087
947 485 15 11 0.086
395 498 9 11 0.086
112 257 8 8 0.085
512 407 17 10 0.085
51 281 7 7 0.085
436 453 12 13 0.084
191 270 7 7 0.083
164 322 8 9 0.083
694 386 8 11 0.083
664 354 8 10 0.082
359 399 10 10 0.082
298 299 7 9 0.082
505 439 11 12 0.081
351 375 7 23 0.081
35 438 10 16 0.081
687 411 18 10 0.081
346 361 15 9 0.080
193 267 8 11 0.080
589 428 9 21 0.080
438 369 8 9 0.079
17 279 9 10 0.079
42 394 10 10 0.077
723 322 9 9 0.077
738 446 9 14 0.077
91 448 9 12 0.076
618 437 15 11 0.076
514 451 10 12 0.075
240 270 7 8 0.075
953 428 8 20 0.074
356 345 7 8 0.073
383 396 8 19 0.073
826 423 10 10 0.073
159 341 8 10 0.072
575 474 10 11 0.072
117 271 8 10 0.072
39 287 7 7 0.072
299 301 9 10 0.072
269 328 7 12 0.072
784 398 8 9 0.072
998 467 8 10 0.072
194 266 8 9 0.072
165 355 8 20 0.071
416 352 7 8 0.071
65 280 7 8 0.071
1016 421 7 11 0.071
642 387 13 10 0.070
165 437 22 12 0.070
198 433 12 24 0.070
445 382 8 13 0.070
336 358 9 9 0.070
487 426 15 11 0.070
257 363 8 9 0.069
314 338 8 9 0.068
634 459 12 22 0.068
464 386 11 14 0.068
452 364 8 7 0.068
283 430 10 12 0.068
949 481 10 14 0.067
642 347 8 9 0.067
284 337 8 10 0.067
660 503 10 11 0.067
434 295 7 7 0.066
632 490 10 12 0.066
834 462 11 13 0.066
662 356 8 10 0.066
128 431 10 12 0.066
7 429 15 19 0.066
243 268 6 8 0.066
547 435 21 10 0.065
216 269 5 8 0.065
964 466 9 14 0.065
171 452 9 11 0.065
581 289 5 20 0.065
876 428 10 19 0.063
308 394 8 25 0.063
283 353 9 15 0.063
332 274 6 7 0.063
693 507 12 12 0.063
959 424 10 10 0.063
608 369 7 29 0.062
247 381 10 13 0.062
437 506 17 12 0.062
743 417 8 11 0.061
11 453 11 13 0.061
931 434 10 20 0.061
522 422 12 11 0.061
963 419 7 13 0.061
514 426 14 10 0.060
3 286 8 10 0.060
163 399 10 13 0.060
579 452 14 11 0.059
818 450 9 28 0.059
175 286 7 9 0.059
436 370 7 10 0.058
814 365 7 8 0.058
685 428 16 16 0.058
417 427 9 29 0.058
416 445 11 17 0.058
465 365 10 8 0.057
859 411 9 15 0.057
647 290 7 8 0.057
461 458 29 19 0.056
269 295 7 8 0.056
336 396 22 9 0.055
531 383 9 24 0.055
156 479 10 10 0.055
578 507 9 11 0.055
479 422 10 25 0.054
563 404 7 21 0.054
571 504 9 11 0.054
382 284 7 8 0.054
249 381 26 11 0.054
521 375 11 13 0.053
660 323 8 12 0.053
181 358 8 11 0.053
235 473 38 53 0.052
854 413 8 10 0.052
597 376 21 9 0.052
967 446 8 11 0.052
902 368 6 20 0.051
941 486 14 14 0.051
435 319 6 7 0.050
684 454 9 10 0.050
494 379 8 28 0.049
714 441 8 16 0.049
795 427 11 16 0.049
860 475 24 11 0.049
27 421 9 12 0.049
844 488 10 13 0.049
289 354 12 12 0.049
466 447 12 30 0.048
113 254 7 15 0.048
237 270 7 7 0.048
336 283 7 12 0.048
626 347 12 9 0.048
700 460 9 9 0.047
611 382 9 11 0.047
1001 533 10 12 0.047
934 454 18 13 0.047
723 456 9 9 0.046
308 277 6 8 0.046
187 367 9 10 0.046
579 331 8 12 0.045
480 476 20 27 0.045
951 420 8 27 0.045
798 397 14 15 0.045
165 324 8 9 0.045
457 516 10 15 0.045
269 292 7 25 0.045
142 271 22 8 0.045
315 312 10 9 0.044
576 500 12 19 0.044
995 420 9 9 0.044
401 377 18 8 0.044
174 450 15 13 0.044
905 433 20 16 0.043
205 357 8 9 0.043
1012 496 11 18 0.043
441 462 10 13 0.043
0 395 8 18 0.043
826 416 8 22 0.043
115 322 8 25 0.043
372 367 8 22 0.042
280 424 12 18 0.042
832 431 8 26 0.042
652 390 8 30 0.042
769 422 9 27 0.042
60 389 9 10 0.042
662 467 9 17 0.042
70 306 9 8 0.042
496 468 24 34 0.042
161 313 7 10 0.042
60 370 9 11 0.041
392 273 8 10 0.041
282 385 14 26 0.041
454 294 11 7 0.041
306 273 7 11 0.041
515 376 8 25 0.041
671 434 11 17 0.041
641 408 13 15 0.040
339 406 19 22 0.040
46 352 15 16 0.040
108 323 9 14 0.040
543 406 8 19 0.040
295 297 8 11 0.039
338 359 7 22 0.039
225 417 9 13 0.039
703 404 11 22 0.039
365 271 7 8 0.039
730 296 7 18 0.038
188 397 10 18 0.038
895 434 21 13 0.038
971 489 21 18 0.038
926 419 9 24 0.038
884 456 17 24 0.037
284 344 8 22 0.037
800 445 9 11 0.037
832 443 12 21 0.037
682 361 8 14 0.037
18 282 10 18 0.037
44 414 13 30 0.036
813 361 7 14 0.036
644 416 10 24 0.036
443 449 23 13 0.036
236 394 8 10 0.036
295 476 10 11 0.036
740 452 8 11 0.036
57 367 13 13 0.035
892 486 13 14 0.035
273 466 10 11 0.035
907 451 9 35 0.035
195 371 16 27 0.035
544 457 9 25 0.035
23 474 12 14 0.035
701 444 20 12 0.035
262 426 10 12 0.035
403 463 8 28 0.035
283 363 7 28 0.034
266 417 14 22 0.034
34 284 23 9 0.034
301 268 6 7 0.034
165 265 10 15 0.034
582 470 26 22 0.034
356 339 8 17 0.033
32 358 19 21 0.033
107 294 8 12 0.033
1 521 7 15 0.033
725 524 9 11 0.033
376 354 7 30 0.033
552 385 10 10 0.033
1 474 10 15 0.033
256 298 26 8 0.033
0 380 7 20 0.033
715 408 16 12 0.033
655 372 12 14 0.032
782 373 8 17 0.032
250 293 6 18 0.032
199 358 26 9 0.032
578 452 9 30 0.032
266 316 8 15 0.032
491 398 24 22 0.032
366 383 23 8 0.031
483 461 13 27 0.031
108 178 7 12 0.031
117 295 12 14 0.031
508 362 9 16 0.031
974 474 12 26 0.031
804 390 12 29 0.030
498 363 7 31 0.030
384 379 11 24 0.030
876 412 8 34 0.030
403 529 14 17 0.030
378 351 11 24 0.030
763 403 8 20 0.030
736 345 8 10 0.030
453 512 11 17 0.029
367 482 11 14 0.029
542 396 9 23 0.029
682 442 9 28 0.029
60 458 9 11 0.029
795 320 9 13 0.029
50 491 37 40 0.029
317 314 6 19 0.029
961 495 10 17 0.029
173 437 42 18 0.029
803 379 8 23 0.029
963 502 10 12 0.029
501 284 7 18 0.029
663 370 17 11 0.029
670 328 9 18 0.029
231 414 16 31 0.029
548 463 12 21 0.028
25 402 7 30 0.028
725 360 8 18 0.028
470 377 14 28 0.028
13 100 8 9 0.028
909 443 14 24 0.028
505 310 6 9 0.028
394 378 9 24 0.028
666 349 7 34 0.028
392 353 10 8 0.028
541 467 11 13 0.028
193 443 14 14 0.027
333 322 7 22 0.027
678 373 11 37 0.027
633 421 9 29 0.027
54 346 8 8 0.027
850 317 6 33 0.027
116 271 16 10 0.027
877 392 6 28 0.027
438 278 6 27 0.027
576 410 14 17 0.027
412 479 8 22 0.027
707 369 7 26 0.027
241 358 9 8 0.027
364 270 6 6 0.026
583 397 8 18 0.026
552 282 7 7 0.026
806 374 8 31 0.026
946 454 10 26 0.026
823 380 7 27 0.026
987 496 30 16 0.026
455 289 6 19 0.026
724 329 7 24 0.026
438 354 7 8 0.026
649 450 12 17 0.026
753 357 7 11 0.026
713 445 17 17 0.026
527 377 15 26 0.026
742 397 13 13 0.026
174 286 8 14 0.026
7 300 9 11 0.026
350 381 21 16 0.026
223 353 9 9 0.026
378 339 6 35 0.026
945 473 9 16 0.026
663 413 16 31 0.026
876 402 7 28 0.025
832 367 7 13 0.025
821 330 9 10 0.025
562 414 11 36 0.025
704 377 10 30 0.025
440 376 9 36 0.025
572 417 21 15 0.025
921 429 17 25 0.025
907 413 9 39 0.025
340 534 11 13 0.025
847 329 10 17 0.025
1013 435 8 24 0.024
38 464 12 14 0.024
731 493 14 25 0.024
487 318 8 8 0.024
878 428 22 26 0.024
988 241 8 9 0.024
849 426 11 34 0.024
778 420 13 14 0.024
378 453 12 20 0.024
367 478 12 13 0.023
590 375 14 29 0.023
41 453 10 18 0.023
705 368 8 11 0.023
580 509 10 10 0.023
893 493 11 13 0.023
861 444 11 24 0.023
689 388 19 34 0.023
374 308 6 39 0.023
474 365 12 28 0.023
320 454 11 12 0.023
730 290 7 38 0.023
882 483 19 20 0.023
658 388 25 11 0.023
16 382 11 16 0.023
412 487 14 10 0.022
630 434 34 12 0.022
799 446 24 11 0.022
533 485 11 20 0.022
246 333 36 6 0.022
384 280 5 20 0.022
846 450 12 37 0.022
322 292 6 37 0.022
400 422 21 12 0.022
648 381 21 19 0.022
412 275 9 14 0.022
404 512 29 19 0.022
22 446 14 23 0.021
603 306 7 45 0.021
747 376 8 16 0.021
1 364 12 30 0.021
419 513 10 13 0.021
827 403 8 26 0.021
672 494 19 24 0.021
493 479 31 46 0.021
550 417 14 30 0.021
95 398 21 60 0.021
301 268 9 13 0.021
413 498 11 24 0.020
570 373 11 16 0.020
336 282 10 20 0.020
615 325 8 33 0.020
200 389 9 83 0.020
