7_Cheering_Cheering_7_722
33
254 509 97 117 0.878
907 442 84 106 0.826
832 407 48 68 0.798
295 440 44 56 0.690
414 430 44 61 0.682
199 496 50 61 0.681
765 402 31 42 0.672
626 422 21 30 0.579
721 456 51 66 0.471
639 445 39 50 0.344
159 479 20 25 0.316
33 422 82 94 0.283
502 423 60 75 0.239
815 410 36 51 0.150
378 455 24 30 0.150
0 481 10 24 0.133
218 481 38 50 0.124
1018 342 6 27 0.063
248 464 28 32 0.050
645 449 44 62 0.039
106 314 48 49 0.038
33 440 47 63 0.036
54 414 59 74 0.036
252 463 21 21 0.034
631 419 19 25 0.030
120 459 14 21 0.027
1 467 15 29 0.026
125 482 27 33 0.025
402 478 24 33 0.025
237 464 26 38 0.024
242 462 23 24 0.023
0 461 9 26 0.021
557 422 33 43 0.021
