7_Cheering_Cheering_7_535
24
680 304 35 45 0.872
511 195 37 46 0.870
117 289 38 47 0.867
213 185 35 44 0.865
550 249 37 48 0.863
156 217 37 47 0.862
462 257 33 40 0.856
584 312 35 43 0.854
420 197 32 42 0.853
799 203 34 44 0.853
306 293 38 49 0.853
614 209 33 39 0.853
330 192 35 44 0.853
770 314 34 42 0.851
368 237 37 45 0.850
828 255 34 46 0.849
212 278 39 48 0.848
636 246 37 49 0.847
504 313 38 49 0.847
403 316 39 49 0.840
725 250 35 45 0.836
279 218 33 46 0.832
892 205 37 45 0.831
700 212 35 46 0.830
