7_Cheering_Cheering_7_165
42
743 354 59 72 0.890
506 262 47 57 0.860
788 141 45 58 0.857
428 150 48 62 0.856
676 228 51 65 0.842
340 133 30 37 0.834
659 162 39 49 0.833
81 232 32 39 0.830
235 169 34 38 0.822
652 124 31 42 0.821
159 213 42 50 0.815
306 97 22 27 0.803
560 383 54 60 0.803
494 155 33 45 0.783
853 152 30 42 0.777
570 139 23 33 0.775
8 163 22 27 0.765
87 163 23 27 0.759
28 215 21 25 0.759
192 185 29 34 0.754
282 127 26 30 0.736
116 172 22 27 0.717
195 151 21 23 0.706
41 149 11 14 0.486
5 141 8 12 0.449
54 146 13 16 0.418
682 141 25 30 0.405
24 148 11 13 0.378
74 160 14 20 0.309
114 152 19 30 0.307
217 150 18 21 0.268
242 150 22 25 0.251
44 147 24 15 0.251
2 143 10 16 0.167
112 152 16 19 0.078
498 142 25 40 0.064
395 200 23 31 0.057
282 105 20 27 0.048
501 138 28 30 0.038
72 165 15 23 0.036
0 261 7 20 0.030
4 166 18 25 0.021
