7_Cheering_Cheering_7_554
62
499 493 94 114 0.876
751 649 117 118 0.865
362 418 80 97 0.862
605 430 91 107 0.860
950 436 74 97 0.860
797 500 104 134 0.859
130 619 112 146 0.859
504 225 64 75 0.857
319 251 68 82 0.856
284 340 70 84 0.855
125 409 79 91 0.855
518 670 108 98 0.852
269 45 48 62 0.846
134 206 65 79 0.846
45 501 84 94 0.844
674 365 77 92 0.842
392 261 62 74 0.841
725 147 52 63 0.837
490 340 71 81 0.836
471 100 46 58 0.832
587 241 65 78 0.832
85 255 67 86 0.831
337 123 51 63 0.820
89 140 50 65 0.819
644 59 45 58 0.814
546 150 51 64 0.812
906 99 49 61 0.810
147 83 43 55 0.805
92 345 66 74 0.803
392 136 55 70 0.798
814 42 38 53 0.795
35 157 47 55 0.790
689 118 44 58 0.787
975 595 49 128 0.786
892 313 73 99 0.784
997 219 27 95 0.768
250 177 42 56 0.765
432 197 57 58 0.763
697 601 100 123 0.743
215 190 50 60 0.741
291 488 84 94 0.740
48 103 49 56 0.722
188 229 39 57 0.702
968 172 52 75 0.680
63 226 51 63 0.568
808 315 55 77 0.555
0 247 16 66 0.519
720 249 74 77 0.491
0 132 13 62 0.220
979 155 45 79 0.164
322 92 33 41 0.112
990 140 34 60 0.106
0 338 20 73 0.091
760 255 52 59 0.078
619 201 54 57 0.072
734 0 48 18 0.065
1000 110 24 71 0.044
765 0 45 13 0.040
747 272 55 64 0.032
424 172 62 72 0.025
1000 99 24 54 0.022
664 0 46 32 0.021
