39_Ice_Skating_Ice_Skating_39_186
76
348 576 39 48 0.547
206 609 25 27 0.510
731 603 11 13 0.324
364 592 26 34 0.306
473 585 10 12 0.298
252 590 13 14 0.291
138 598 20 24 0.259
1 596 14 18 0.223
797 589 10 12 0.221
889 596 12 15 0.217
843 579 10 12 0.197
159 594 18 23 0.193
517 584 10 11 0.176
300 588 13 15 0.162
446 592 10 13 0.161
368 600 20 23 0.155
423 595 9 12 0.146
592 588 8 9 0.135
409 601 8 8 0.133
403 600 15 9 0.122
608 588 8 9 0.115
560 582 15 18 0.107
519 583 10 11 0.093
716 588 9 10 0.086
642 579 12 13 0.084
792 589 11 13 0.083
459 593 10 11 0.073
388 597 10 12 0.071
396 600 10 9 0.071
190 593 12 14 0.067
621 591 9 10 0.065
22 602 14 16 0.065
492 594 9 10 0.061
598 588 21 10 0.057
714 588 10 12 0.057
682 583 10 9 0.056
606 589 24 9 0.052
158 588 17 21 0.049
836 573 10 12 0.044
708 592 9 12 0.044
447 588 9 9 0.043
856 592 9 11 0.040
769 585 8 9 0.039
440 597 12 10 0.038
761 595 8 11 0.038
376 596 30 17 0.037
54 596 18 20 0.036
762 590 10 11 0.034
674 624 23 27 0.033
530 594 9 10 0.033
532 592 17 12 0.033
616 588 10 10 0.032
835 581 12 12 0.031
871 585 12 17 0.031
639 578 11 12 0.030
766 587 10 15 0.027
870 585 11 12 0.027
253 596 17 18 0.026
50 585 18 24 0.025
438 593 24 13 0.025
607 593 9 9 0.024
424 589 9 8 0.024
922 574 11 9 0.023
163 585 15 16 0.023
193 565 10 13 0.023
562 594 14 16 0.022
488 593 27 8 0.022
513 592 9 9 0.022
691 593 10 11 0.022
907 576 16 12 0.021
49 581 15 17 0.021
837 576 13 15 0.021
965 579 13 15 0.021
499 594 10 9 0.021
58 591 16 20 0.021
17 597 36 21 0.020
