39_Ice_Skating_Ice_Skating_39_445
77
135 429 13 17 0.689
320 606 21 24 0.569
830 422 11 13 0.503
532 512 15 18 0.462
294 363 11 14 0.357
412 350 11 13 0.326
432 528 16 23 0.308
950 373 10 12 0.290
996 396 13 16 0.282
762 319 10 12 0.265
893 377 11 13 0.262
267 559 16 20 0.258
546 322 8 9 0.256
717 313 9 9 0.256
992 588 15 21 0.229
260 271 10 12 0.215
868 450 12 13 0.209
509 313 8 9 0.191
500 182 7 8 0.185
870 317 11 13 0.170
762 400 11 13 0.164
857 237 6 8 0.136
282 626 19 22 0.136
522 217 6 6 0.129
712 254 6 7 0.126
650 371 13 13 0.112
454 213 7 8 0.109
214 260 9 10 0.093
316 610 19 23 0.090
652 368 12 13 0.083
101 322 10 12 0.081
264 277 8 12 0.070
4 440 14 17 0.067
607 199 7 9 0.066
519 214 7 9 0.060
297 362 11 13 0.058
780 198 7 8 0.051
258 266 10 13 0.049
723 267 10 11 0.046
412 233 9 10 0.046
304 217 7 9 0.043
137 506 16 18 0.043
662 217 7 9 0.040
873 442 14 16 0.040
854 268 7 9 0.040
878 443 13 15 0.038
489 223 7 6 0.038
548 324 9 11 0.038
650 374 16 16 0.037
852 264 7 8 0.036
871 322 10 12 0.035
484 221 16 7 0.035
759 322 11 12 0.034
655 369 12 15 0.034
507 184 8 7 0.034
306 217 7 6 0.032
498 178 8 10 0.030
834 421 10 13 0.030
216 230 10 10 0.028
257 269 8 10 0.027
883 434 12 17 0.026
212 262 8 9 0.025
410 349 10 12 0.024
492 219 13 8 0.023
825 425 12 13 0.023
748 424 11 14 0.023
350 201 7 8 0.022
863 421 11 13 0.022
164 198 12 14 0.022
607 204 7 11 0.021
213 215 11 13 0.021
164 261 9 8 0.021
658 216 7 8 0.021
64 288 11 11 0.021
534 516 14 20 0.020
647 375 11 14 0.020
883 429 12 15 0.020
