39_Ice_Skating_iceskiing_39_588
61
842 460 23 30 0.687
905 504 25 31 0.575
751 472 13 17 0.430
684 480 21 26 0.427
668 438 21 26 0.392
724 466 22 27 0.332
578 460 25 29 0.311
459 439 12 15 0.280
892 481 22 24 0.262
719 470 23 29 0.208
902 481 27 26 0.204
742 471 23 19 0.200
19 492 27 34 0.198
427 496 19 22 0.158
69 522 22 29 0.144
403 502 16 21 0.140
457 438 14 24 0.132
88 488 24 27 0.132
713 477 22 27 0.121
1008 459 16 32 0.106
735 467 18 21 0.096
338 465 21 29 0.096
886 480 21 24 0.096
159 476 25 29 0.087
410 498 36 21 0.076
961 474 18 24 0.074
675 470 23 32 0.073
157 481 19 29 0.065
588 459 20 27 0.065
446 461 19 23 0.062
784 486 20 22 0.060
513 478 21 25 0.055
964 474 24 25 0.053
70 514 18 24 0.050
893 502 27 33 0.047
172 472 27 25 0.043
792 479 18 20 0.039
401 510 16 19 0.038
672 434 18 22 0.035
1002 457 20 26 0.033
911 480 18 21 0.032
976 474 24 26 0.031
38 458 20 27 0.030
442 464 16 22 0.030
343 461 26 30 0.030
709 482 20 24 0.028
454 475 20 32 0.028
642 437 17 23 0.027
960 470 16 19 0.027
119 487 18 24 0.027
878 476 17 22 0.027
458 487 19 22 0.026
300 499 19 23 0.026
399 495 17 20 0.024
0 481 10 28 0.023
645 422 11 13 0.023
698 477 26 23 0.023
781 485 16 18 0.023
140 507 14 17 0.021
351 469 22 26 0.021
0 495 13 40 0.020
