39_Ice_Skating_iceskiing_39_621
36
458 307 24 28 0.761
642 286 22 25 0.754
829 303 20 23 0.750
239 328 31 35 0.714
321 271 26 30 0.640
61 368 23 27 0.611
970 395 11 15 0.605
498 286 21 25 0.480
597 263 20 26 0.369
1010 415 8 10 0.363
901 390 10 13 0.342
741 316 24 27 0.191
499 299 22 28 0.177
500 310 22 26 0.162
376 291 18 23 0.151
501 293 20 23 0.138
305 290 27 33 0.132
896 391 14 16 0.122
887 393 13 16 0.107
744 312 21 23 0.105
332 298 22 26 0.101
1001 430 9 11 0.096
649 300 22 25 0.083
730 320 22 27 0.080
891 381 12 14 0.071
706 331 20 22 0.068
742 308 19 18 0.061
508 313 23 28 0.060
889 390 12 15 0.058
491 296 19 21 0.058
712 333 18 22 0.048
737 324 23 27 0.040
499 276 19 25 0.039
711 328 36 24 0.036
1008 412 13 15 0.036
658 303 20 23 0.024
