39_Ice_Skating_Ice_Skating_39_530
48
244 109 24 29 0.782
625 81 17 20 0.709
539 83 18 20 0.637
922 120 19 22 0.617
742 93 19 22 0.546
940 225 25 34 0.347
868 103 18 23 0.203
749 96 18 20 0.147
485 88 19 20 0.145
341 123 21 22 0.130
546 43 18 20 0.123
459 75 17 20 0.121
368 109 17 21 0.110
132 178 28 25 0.102
935 202 24 28 0.099
877 210 23 21 0.085
347 116 31 25 0.081
346 126 21 22 0.076
934 197 23 59 0.074
674 99 17 20 0.070
756 97 15 18 0.059
678 107 14 17 0.058
932 161 22 25 0.056
161 179 21 24 0.054
893 116 20 27 0.053
667 93 15 17 0.048
876 215 19 25 0.048
141 167 32 34 0.047
847 128 19 23 0.046
116 150 23 34 0.043
337 126 15 16 0.042
931 233 25 31 0.038
157 133 20 23 0.033
476 83 30 27 0.032
887 205 21 24 0.032
883 124 21 25 0.032
128 162 27 34 0.031
445 48 20 23 0.031
454 67 20 25 0.028
449 50 21 38 0.028
898 169 23 26 0.027
946 221 28 36 0.026
548 111 18 21 0.026
545 55 20 27 0.023
894 117 36 27 0.021
941 127 18 25 0.021
163 135 18 23 0.021
117 146 41 34 0.020
