39_Ice_Skating_Ice_Skating_39_500
28
283 232 28 32 0.574
499 236 25 27 0.567
375 211 29 33 0.563
385 191 31 33 0.356
381 200 31 34 0.204
392 244 27 30 0.166
129 243 19 22 0.130
174 269 13 16 0.110
489 234 27 28 0.096
133 247 23 26 0.095
126 241 18 20 0.077
505 215 28 30 0.066
493 217 27 28 0.062
210 264 14 17 0.062
511 238 26 26 0.048
387 176 33 39 0.047
357 213 25 27 0.047
419 241 23 24 0.044
142 249 22 22 0.035
276 222 31 30 0.034
396 237 28 28 0.032
383 167 30 35 0.029
400 237 46 28 0.027
516 216 23 27 0.023
518 221 22 35 0.023
131 254 17 19 0.022
117 223 15 19 0.021
425 239 24 28 0.021
