39_Ice_Skating_Ice_Skating_39_133
25
603 32 37 51 0.835
337 32 24 30 0.821
891 22 30 36 0.812
35 66 23 27 0.810
792 12 20 26 0.809
86 88 34 40 0.783
171 33 21 27 0.763
818 13 18 24 0.763
130 75 22 28 0.760
537 52 18 20 0.735
418 44 36 46 0.729
309 76 15 19 0.720
715 26 19 24 0.719
241 87 17 21 0.716
676 34 16 21 0.713
108 54 21 26 0.700
737 29 13 17 0.600
366 35 15 21 0.512
654 35 13 17 0.502
717 25 36 21 0.273
512 103 11 12 0.038
578 62 11 13 0.035
400 64 13 20 0.030
662 31 15 18 0.024
369 41 15 20 0.022
