39_Ice_Skating_Ice_Skating_39_478
247
636 647 10 12 0.657
911 650 10 12 0.588
479 616 10 12 0.540
950 588 8 10 0.487
852 551 9 9 0.482
827 536 7 10 0.470
358 587 8 8 0.466
349 670 9 11 0.463
434 529 7 8 0.456
1 527 7 9 0.455
539 634 11 13 0.455
967 613 10 11 0.447
647 573 7 8 0.445
816 568 8 9 0.439
880 655 11 13 0.430
597 649 9 11 0.416
301 546 7 8 0.406
132 593 9 10 0.398
127 632 10 11 0.387
448 564 8 9 0.384
910 569 9 10 0.372
385 527 8 9 0.369
795 658 11 13 0.364
606 522 7 8 0.363
652 517 7 8 0.356
510 520 6 8 0.353
716 513 7 8 0.339
646 495 6 7 0.335
756 588 8 9 0.314
323 511 7 6 0.313
683 509 7 10 0.311
336 505 6 7 0.311
906 563 8 9 0.307
688 597 8 8 0.305
664 601 9 11 0.293
274 502 7 7 0.292
511 536 7 8 0.284
913 571 8 9 0.283
621 532 7 9 0.283
169 542 8 10 0.273
172 507 7 8 0.259
203 522 6 8 0.251
475 514 7 7 0.249
450 503 7 8 0.247
24 527 7 9 0.245
170 611 9 11 0.245
280 549 6 8 0.235
930 603 10 11 0.234
217 500 6 7 0.231
603 539 8 9 0.231
133 513 7 8 0.215
543 516 6 7 0.206
295 618 9 11 0.197
495 568 7 8 0.194
141 481 6 8 0.193
443 617 9 10 0.189
54 509 8 10 0.187
485 500 5 7 0.184
438 477 6 6 0.184
295 503 7 8 0.183
245 637 10 11 0.182
116 494 6 9 0.181
737 633 10 12 0.181
368 629 9 11 0.177
305 567 7 10 0.166
254 511 6 6 0.165
407 579 7 10 0.164
963 493 6 8 0.164
468 610 9 10 0.143
71 586 8 10 0.140
912 497 7 7 0.139
14 476 8 8 0.134
680 515 7 9 0.132
420 640 9 12 0.132
992 496 7 8 0.128
84 537 7 8 0.125
146 513 6 8 0.125
188 603 9 10 0.124
330 638 10 12 0.124
656 483 5 7 0.121
969 524 6 7 0.120
687 495 6 7 0.120
926 605 10 10 0.119
519 456 5 6 0.116
205 498 6 8 0.112
553 500 8 8 0.112
605 565 7 8 0.110
959 509 6 7 0.109
906 561 7 9 0.108
822 654 10 12 0.107
167 540 8 9 0.107
53 563 8 9 0.106
969 612 10 10 0.104
340 482 5 6 0.102
437 508 9 8 0.100
444 505 9 8 0.099
37 481 6 8 0.096
53 584 11 11 0.094
354 670 12 11 0.094
368 671 10 11 0.092
990 496 7 8 0.092
294 623 9 12 0.090
232 476 7 8 0.088
556 498 7 8 0.088
607 522 12 18 0.086
103 476 7 8 0.086
254 507 8 10 0.085
452 502 6 7 0.085
404 583 9 10 0.083
646 576 8 10 0.083
411 640 18 12 0.083
774 490 6 7 0.082
890 477 5 6 0.082
962 486 6 25 0.082
546 510 7 12 0.079
300 472 6 8 0.077
740 486 6 8 0.074
337 504 7 7 0.073
713 515 6 8 0.068
20 454 6 7 0.068
897 501 6 6 0.066
552 500 6 7 0.065
890 475 9 6 0.064
776 488 6 8 0.064
88 615 9 10 0.063
756 602 10 12 0.063
200 543 7 8 0.062
164 479 8 8 0.062
827 543 8 10 0.061
403 642 9 11 0.060
222 430 6 7 0.060
251 486 6 8 0.059
838 432 5 7 0.059
58 584 21 11 0.059
11 473 8 9 0.059
483 503 8 8 0.059
300 469 6 8 0.058
475 640 10 12 0.057
895 500 13 7 0.055
388 527 6 8 0.055
315 661 9 11 0.054
24 590 9 9 0.054
452 563 7 8 0.054
440 476 5 7 0.054
5 469 7 8 0.052
302 567 8 10 0.050
663 583 9 10 0.050
297 480 6 7 0.050
250 481 6 7 0.049
421 638 8 9 0.049
661 582 9 15 0.049
987 516 6 13 0.047
518 537 7 9 0.047
664 586 10 25 0.047
413 644 13 15 0.046
322 512 7 7 0.046
125 514 31 7 0.045
718 509 7 10 0.045
783 489 6 9 0.045
190 604 9 13 0.045
77 504 8 9 0.044
149 440 7 7 0.044
232 475 7 16 0.043
0 582 5 11 0.043
202 500 25 7 0.043
163 477 8 9 0.043
129 528 7 7 0.042
180 483 8 7 0.041
53 511 9 9 0.041
492 568 18 9 0.041
385 524 6 7 0.040
791 651 10 14 0.040
668 466 6 7 0.040
379 568 8 9 0.039
678 513 11 9 0.039
604 523 6 7 0.038
298 617 8 10 0.037
338 508 6 6 0.037
461 444 5 6 0.037
127 460 7 11 0.035
348 669 15 13 0.034
147 496 6 8 0.034
998 445 6 7 0.034
98 464 6 8 0.034
129 456 6 19 0.033
356 585 11 13 0.033
961 502 7 21 0.033
41 541 9 11 0.033
628 470 6 6 0.033
811 471 9 8 0.032
347 668 8 10 0.032
801 445 6 7 0.032
928 498 5 7 0.031
195 479 7 8 0.030
203 511 6 12 0.030
89 616 10 12 0.030
162 612 15 10 0.030
934 657 9 9 0.029
448 561 8 8 0.029
960 488 6 11 0.028
219 470 5 37 0.028
938 444 7 7 0.028
91 494 7 16 0.028
222 429 6 13 0.028
298 627 9 11 0.028
968 526 7 7 0.028
840 456 5 6 0.027
823 492 8 9 0.027
692 667 10 12 0.027
788 468 8 10 0.027
221 530 6 6 0.026
1013 452 9 8 0.026
204 457 5 7 0.026
511 575 11 8 0.026
544 521 6 7 0.026
678 519 8 7 0.026
621 529 6 11 0.026
196 434 6 6 0.026
667 465 6 6 0.026
851 468 5 19 0.025
202 532 5 19 0.025
290 482 12 6 0.025
477 618 12 15 0.025
758 599 10 12 0.024
300 462 6 29 0.024
94 462 8 8 0.024
488 539 7 9 0.024
9 542 10 12 0.024
129 458 7 33 0.024
826 484 7 8 0.023
313 657 9 12 0.023
96 431 7 8 0.023
852 547 8 10 0.023
205 498 6 32 0.023
966 596 11 38 0.023
906 564 11 13 0.023
7 539 15 16 0.023
102 465 7 26 0.022
294 628 12 15 0.022
160 461 7 7 0.022
126 465 8 22 0.021
988 468 8 13 0.021
170 544 9 9 0.021
816 426 7 8 0.021
198 615 8 10 0.020
630 468 6 10 0.020
751 496 8 9 0.020
