39_Ice_Skating_Ice_Skating_39_726
283
154 463 8 11 0.576
386 721 11 13 0.548
580 675 9 10 0.547
281 611 8 10 0.543
58 730 10 12 0.542
97 580 8 10 0.540
229 402 8 10 0.500
394 758 10 13 0.480
32 718 10 13 0.450
415 746 11 13 0.433
149 620 9 11 0.415
131 456 8 9 0.388
94 447 8 10 0.385
623 676 10 11 0.380
803 371 8 9 0.375
482 587 9 10 0.353
170 496 7 9 0.336
189 489 8 9 0.330
30 444 8 10 0.310
750 726 12 13 0.297
902 483 8 10 0.296
737 679 10 11 0.292
376 425 8 8 0.290
263 495 8 10 0.287
471 658 9 12 0.286
375 579 9 10 0.279
497 714 10 11 0.276
373 491 8 9 0.269
52 495 9 11 0.266
19 594 9 11 0.263
85 493 7 9 0.261
462 544 8 8 0.252
186 638 9 11 0.251
578 403 8 10 0.235
726 440 8 10 0.235
261 448 8 9 0.228
212 651 8 10 0.218
473 443 8 9 0.211
638 711 9 11 0.199
407 645 10 13 0.198
539 304 7 8 0.186
22 539 9 10 0.184
495 433 7 7 0.183
677 365 7 9 0.175
199 387 8 10 0.174
438 303 6 6 0.173
370 492 8 8 0.169
471 654 9 11 0.168
498 308 6 8 0.158
533 728 11 14 0.152
802 623 10 12 0.151
598 752 9 11 0.149
305 560 8 9 0.139
633 738 11 11 0.137
634 374 7 8 0.137
702 719 9 10 0.136
55 494 8 10 0.130
1 409 6 9 0.130
32 409 6 8 0.128
743 480 9 10 0.127
524 389 6 8 0.127
251 369 8 10 0.121
616 278 7 8 0.119
168 687 10 10 0.119
590 276 6 8 0.117
770 692 12 16 0.116
50 499 9 9 0.115
288 380 6 7 0.115
11 383 8 10 0.115
49 474 8 10 0.113
322 472 7 8 0.110
280 448 9 9 0.108
301 484 8 9 0.108
578 741 11 12 0.107
91 388 7 8 0.107
696 383 8 10 0.106
25 384 5 8 0.106
578 342 6 8 0.105
406 748 22 14 0.105
117 375 8 9 0.104
379 427 11 8 0.101
390 471 10 13 0.098
510 218 6 7 0.097
240 282 7 7 0.095
193 673 11 15 0.095
866 492 10 11 0.094
586 707 11 12 0.091
879 448 9 10 0.091
346 577 7 9 0.089
188 356 7 7 0.088
0 643 6 13 0.088
44 571 10 11 0.088
714 418 8 11 0.088
891 415 10 13 0.087
460 449 7 8 0.086
537 305 8 10 0.084
178 491 13 11 0.084
49 486 12 20 0.083
26 499 8 10 0.083
673 543 10 10 0.082
869 435 8 9 0.081
878 717 11 12 0.081
116 433 6 7 0.080
286 388 8 8 0.079
334 718 11 12 0.078
22 591 8 11 0.078
882 489 7 9 0.077
92 444 8 8 0.077
834 378 8 12 0.075
533 314 6 8 0.075
679 340 8 8 0.073
578 347 8 10 0.073
934 546 10 13 0.072
91 447 8 9 0.072
408 651 10 10 0.070
471 663 10 10 0.070
609 448 7 9 0.070
463 584 8 9 0.069
582 737 14 13 0.069
385 429 14 8 0.069
350 735 10 12 0.068
191 671 11 12 0.068
363 384 10 12 0.067
390 428 7 9 0.066
102 348 7 8 0.066
371 325 8 9 0.065
363 430 7 7 0.064
417 737 10 14 0.064
15 378 7 7 0.064
578 340 7 19 0.063
362 380 10 12 0.063
405 639 10 13 0.063
515 345 7 9 0.062
24 566 10 12 0.061
575 739 10 13 0.061
493 435 8 10 0.061
314 280 6 7 0.061
242 284 7 8 0.060
90 392 6 8 0.060
476 265 5 6 0.059
595 737 10 13 0.057
890 412 9 11 0.056
182 378 7 8 0.056
301 480 8 22 0.055
835 382 9 11 0.054
308 360 7 7 0.054
359 379 9 9 0.053
542 306 6 8 0.053
367 753 11 12 0.052
154 355 6 6 0.052
468 219 5 6 0.052
342 702 11 15 0.051
867 763 15 16 0.051
726 499 10 11 0.051
238 284 7 8 0.050
419 735 9 11 0.049
288 374 6 24 0.049
440 270 7 7 0.048
452 467 8 8 0.048
483 749 10 12 0.048
440 615 8 10 0.047
541 248 7 8 0.047
152 366 7 8 0.046
1000 351 15 21 0.044
376 492 8 9 0.044
440 304 7 7 0.044
638 729 11 13 0.044
295 491 13 11 0.044
377 480 15 16 0.043
371 489 7 9 0.043
116 371 7 9 0.043
285 495 15 9 0.043
45 483 10 13 0.043
933 543 9 11 0.042
6 384 9 12 0.042
707 460 10 11 0.041
293 274 7 8 0.041
214 654 9 12 0.041
497 311 7 10 0.041
382 319 7 9 0.040
689 713 10 12 0.040
11 428 8 9 0.040
785 594 11 13 0.040
893 422 10 12 0.039
10 382 20 11 0.039
177 456 10 10 0.038
294 276 8 8 0.038
198 432 7 9 0.038
623 302 9 8 0.038
573 728 11 15 0.038
694 380 8 8 0.038
317 492 8 8 0.037
750 354 6 7 0.036
315 278 6 7 0.036
138 688 10 11 0.035
537 699 9 9 0.035
59 733 12 14 0.034
542 250 7 8 0.034
772 708 10 18 0.034
346 667 9 11 0.034
498 302 6 8 0.033
383 325 8 10 0.033
640 302 6 7 0.033
336 708 12 19 0.033
771 576 11 11 0.033
393 256 7 7 0.033
533 305 8 25 0.032
633 377 7 9 0.032
154 358 5 28 0.032
186 639 12 13 0.032
580 343 7 9 0.032
180 378 7 7 0.032
918 528 9 10 0.031
439 267 7 13 0.031
188 701 12 16 0.031
287 447 7 9 0.031
285 612 8 10 0.030
626 301 9 10 0.030
580 352 7 8 0.030
268 498 9 10 0.030
853 734 12 14 0.030
116 379 7 9 0.030
854 642 10 12 0.029
710 462 11 11 0.029
752 508 10 11 0.029
153 355 6 9 0.029
183 365 6 25 0.029
782 592 12 15 0.029
619 363 7 9 0.028
508 588 7 9 0.028
125 346 8 8 0.028
634 723 12 28 0.027
90 360 7 8 0.027
120 378 6 8 0.027
290 270 7 7 0.027
611 451 8 9 0.026
210 228 6 8 0.026
760 591 10 11 0.026
746 690 9 11 0.026
624 675 8 9 0.025
584 698 11 13 0.025
674 306 6 7 0.025
188 665 10 12 0.024
775 576 11 11 0.024
775 674 11 13 0.024
402 352 7 7 0.024
938 550 8 11 0.024
153 373 7 13 0.024
819 580 8 11 0.024
917 526 8 11 0.024
189 718 11 13 0.024
832 369 8 10 0.024
699 476 11 11 0.023
290 416 8 8 0.023
521 383 8 10 0.023
153 349 6 25 0.023
850 688 10 11 0.023
499 742 11 12 0.023
300 578 10 12 0.022
189 706 12 21 0.022
244 354 8 12 0.022
833 319 9 10 0.022
698 717 13 14 0.022
237 278 7 8 0.022
856 677 10 12 0.022
705 463 10 18 0.022
186 235 6 6 0.022
364 385 12 14 0.022
644 735 9 11 0.021
595 266 5 7 0.021
12 425 9 16 0.021
497 432 6 8 0.021
579 408 8 9 0.021
406 588 8 10 0.021
191 356 6 7 0.021
688 719 19 11 0.021
756 550 10 11 0.021
244 354 7 7 0.021
130 458 8 13 0.021
322 469 7 8 0.021
90 386 7 8 0.020
50 468 7 9 0.020
507 218 6 7 0.020
