39_Ice_Skating_iceskiing_39_637
42
236 420 25 30 0.781
692 338 12 15 0.586
477 354 15 17 0.492
653 377 14 15 0.360
866 513 25 31 0.249
636 426 19 23 0.239
79 370 11 13 0.219
626 342 12 13 0.203
747 434 29 41 0.168
376 345 14 19 0.165
617 409 21 26 0.125
506 384 14 17 0.111
931 325 19 23 0.105
360 350 16 18 0.095
475 383 18 22 0.092
870 589 40 70 0.088
375 373 14 16 0.068
897 486 34 34 0.062
378 342 18 19 0.054
145 380 15 18 0.053
894 382 17 20 0.051
493 374 18 19 0.047
445 332 15 17 0.047
377 353 16 35 0.045
482 375 23 17 0.043
389 358 14 18 0.039
1015 365 9 21 0.038
476 371 15 25 0.038
913 484 25 30 0.034
452 357 15 17 0.032
73 371 13 14 0.032
386 353 15 19 0.032
371 360 14 27 0.030
474 383 51 22 0.028
479 389 16 18 0.027
863 524 36 42 0.027
851 521 34 37 0.027
614 377 18 24 0.025
4 366 11 13 0.025
655 383 16 17 0.024
508 389 15 17 0.022
208 390 8 10 0.020
