39_Ice_Skating_iceskiing_39_308
199
447 312 28 36 0.822
50 196 28 32 0.821
635 227 27 30 0.819
253 251 25 32 0.805
310 135 23 30 0.783
249 163 22 26 0.782
929 267 27 32 0.775
404 274 24 29 0.771
868 48 23 28 0.766
273 105 25 31 0.765
804 222 25 30 0.763
990 179 25 31 0.762
198 123 21 28 0.762
395 1 22 25 0.759
471 273 25 30 0.756
959 261 26 32 0.751
956 217 27 30 0.750
490 53 24 28 0.749
985 145 24 26 0.748
801 278 27 33 0.747
292 215 24 27 0.741
585 227 25 28 0.737
99 176 24 27 0.732
662 203 24 28 0.731
697 262 28 30 0.731
630 31 18 22 0.728
799 72 23 28 0.727
646 178 22 28 0.726
129 222 25 35 0.724
554 142 23 27 0.723
253 17 25 30 0.716
281 73 19 25 0.709
702 7 23 25 0.702
508 214 24 26 0.667
560 36 20 26 0.656
316 0 24 25 0.654
931 111 21 27 0.652
325 46 20 26 0.652
834 206 24 27 0.651
75 237 23 30 0.645
154 140 23 27 0.636
805 3 20 25 0.617
645 110 21 26 0.616
64 152 24 30 0.596
372 248 20 28 0.583
898 93 20 26 0.561
554 82 22 27 0.561
456 249 23 26 0.552
853 221 22 32 0.494
452 30 18 23 0.455
43 96 19 25 0.454
138 52 18 26 0.449
735 197 21 27 0.427
987 16 20 22 0.426
207 54 20 27 0.423
549 2 21 20 0.409
597 24 18 22 0.399
1008 82 15 22 0.393
620 69 20 23 0.391
164 49 19 27 0.384
738 70 23 27 0.346
159 10 18 23 0.335
942 60 16 25 0.330
950 140 20 25 0.295
748 171 21 27 0.292
1016 135 8 27 0.284
736 25 19 23 0.283
408 54 20 23 0.281
942 183 23 28 0.259
120 150 21 27 0.252
350 206 19 22 0.246
150 182 20 25 0.242
858 27 19 20 0.236
240 201 20 27 0.233
318 206 20 29 0.232
869 158 19 26 0.223
845 133 20 25 0.197
84 42 19 23 0.196
457 78 24 28 0.186
520 52 20 23 0.168
918 61 19 26 0.167
231 0 19 17 0.161
660 35 18 23 0.160
635 71 24 24 0.160
1006 216 17 30 0.151
953 104 19 24 0.149
563 198 21 26 0.148
597 147 21 30 0.147
590 186 19 24 0.139
451 0 18 16 0.138
738 149 25 31 0.133
483 0 24 12 0.130
142 19 19 25 0.126
861 255 24 35 0.118
157 98 21 25 0.118
799 172 19 25 0.108
944 123 21 26 0.106
472 21 18 22 0.105
982 5 19 22 0.102
74 155 24 30 0.098
898 135 19 26 0.096
744 145 30 29 0.092
725 141 25 35 0.091
871 9 15 21 0.091
441 227 22 30 0.087
980 2 18 18 0.085
24 193 19 26 0.085
762 144 22 31 0.085
649 2 18 20 0.084
752 33 21 25 0.084
144 121 18 25 0.083
776 6 21 25 0.082
602 136 18 24 0.082
770 54 18 25 0.080
1011 135 13 25 0.077
967 25 18 23 0.074
764 47 22 25 0.074
232 28 19 25 0.074
88 5 30 30 0.072
110 215 25 29 0.071
726 153 32 33 0.070
537 105 23 27 0.069
221 178 23 26 0.068
18 135 21 27 0.068
997 52 21 27 0.068
743 79 24 28 0.067
801 159 20 31 0.066
561 29 20 25 0.065
545 0 19 18 0.062
897 30 19 22 0.061
337 238 21 28 0.058
321 62 19 26 0.058
199 208 25 30 0.057
74 38 24 25 0.055
592 156 20 60 0.055
741 111 25 34 0.054
123 217 27 32 0.051
277 77 20 38 0.051
761 154 26 29 0.051
934 62 22 25 0.047
985 23 21 28 0.044
1004 48 16 24 0.044
473 0 29 45 0.044
495 0 17 11 0.044
771 2 21 20 0.043
530 102 25 25 0.041
733 123 23 31 0.041
150 101 24 30 0.041
992 18 21 59 0.040
636 2 26 45 0.039
493 40 21 23 0.039
766 1 20 12 0.039
746 27 22 24 0.037
690 102 20 25 0.037
777 46 25 24 0.037
803 150 21 29 0.036
499 0 18 11 0.036
789 42 17 21 0.036
734 77 20 27 0.035
746 134 24 34 0.035
636 62 22 27 0.034
872 110 23 31 0.034
615 73 22 25 0.033
721 142 21 30 0.033
20 181 23 32 0.033
10 180 18 32 0.033
549 87 24 27 0.032
572 16 20 22 0.031
744 106 25 27 0.031
548 125 24 41 0.031
734 132 27 33 0.031
225 13 20 27 0.030
544 114 20 24 0.029
733 65 21 25 0.028
83 127 22 27 0.028
317 0 22 15 0.026
1003 73 19 26 0.026
478 266 25 32 0.026
852 54 20 22 0.026
768 149 26 29 0.025
595 156 18 22 0.025
985 40 25 30 0.025
492 0 23 17 0.024
642 75 21 26 0.024
245 206 19 24 0.024
750 87 25 30 0.024
946 60 20 26 0.024
451 255 25 29 0.023
568 84 22 24 0.023
755 93 23 26 0.023
525 100 20 25 0.022
234 5 24 27 0.022
90 127 23 30 0.021
469 253 28 28 0.020
190 201 24 27 0.020
401 50 21 23 0.020
97 13 22 23 0.020
873 21 18 22 0.020
333 185 21 27 0.020
