39_Ice_Skating_Ice_Skating_39_973
35
490 177 41 55 0.837
318 258 33 38 0.819
17 249 32 42 0.818
235 313 25 33 0.807
764 272 31 40 0.785
648 297 27 32 0.701
963 361 17 23 0.592
429 377 17 20 0.538
1004 359 18 24 0.475
942 308 16 21 0.472
901 310 16 20 0.470
880 363 18 23 0.354
982 304 18 22 0.326
920 364 16 20 0.325
461 377 16 19 0.250
962 255 17 21 0.241
859 311 16 20 0.184
1000 250 17 22 0.178
921 258 16 19 0.133
747 312 15 19 0.119
632 303 27 27 0.106
489 327 15 19 0.085
743 319 15 15 0.077
748 306 16 18 0.058
1001 364 20 27 0.056
882 259 15 18 0.055
627 273 16 20 0.052
802 268 16 23 0.049
642 301 24 28 0.049
717 343 13 15 0.047
969 203 18 21 0.031
629 269 19 58 0.030
842 264 13 15 0.029
989 248 32 26 0.026
1010 201 14 23 0.021
