39_Ice_Skating_Ice_Skating_39_774
35
612 195 36 50 0.753
693 227 34 37 0.699
737 311 34 37 0.643
129 241 16 19 0.540
167 237 14 17 0.421
331 328 25 27 0.408
475 322 22 25 0.331
184 287 16 20 0.318
329 293 17 20 0.203
214 262 16 18 0.193
313 274 17 22 0.144
339 323 28 30 0.125
801 281 23 28 0.118
348 316 26 28 0.111
500 51 26 31 0.089
314 280 31 29 0.084
82 244 21 26 0.048
220 261 17 19 0.045
88 339 19 22 0.045
315 257 19 31 0.044
238 270 17 19 0.044
382 331 23 26 0.039
326 328 21 24 0.037
226 267 23 20 0.036
80 287 21 23 0.029
338 333 21 25 0.028
311 316 19 21 0.027
307 281 19 24 0.027
567 281 30 36 0.026
354 313 21 24 0.025
257 291 17 26 0.025
809 282 22 27 0.023
310 312 37 30 0.023
321 253 18 22 0.022
93 221 13 19 0.021
