46_Jockey_Jockey_46_81
36
568 196 31 33 0.769
814 202 34 36 0.756
423 189 29 30 0.675
265 207 32 32 0.588
108 211 30 33 0.433
641 211 35 36 0.369
640 236 38 43 0.351
718 198 24 26 0.340
452 274 31 30 0.253
255 204 29 39 0.224
680 197 28 31 0.127
639 215 41 52 0.121
446 208 30 27 0.119
534 181 19 21 0.095
711 212 29 28 0.092
691 201 54 33 0.079
432 197 36 31 0.070
699 205 31 33 0.062
632 201 30 35 0.049
261 228 33 36 0.045
645 202 35 30 0.044
464 275 25 28 0.043
245 202 31 39 0.043
77 246 34 47 0.040
73 270 32 35 0.039
715 205 23 27 0.036
387 236 27 31 0.034
665 196 34 30 0.031
128 231 41 56 0.029
563 322 26 30 0.028
222 264 31 32 0.028
638 195 36 33 0.027
112 225 45 44 0.027
558 243 31 35 0.026
71 280 26 27 0.022
105 223 36 39 0.022
