46_Jockey_Jockey_46_698
41
223 174 33 43 0.881
425 164 32 37 0.867
375 250 36 44 0.863
508 168 31 38 0.859
182 234 37 43 0.859
486 242 39 48 0.858
828 225 35 46 0.852
924 246 35 47 0.851
81 244 36 44 0.850
777 154 30 38 0.850
866 160 31 37 0.839
321 170 32 40 0.839
684 180 31 37 0.834
588 186 29 36 0.834
284 284 36 43 0.833
609 235 36 46 0.829
714 211 33 48 0.823
328 107 20 23 0.807
569 153 19 22 0.786
658 142 20 22 0.785
876 62 21 25 0.784
710 138 18 24 0.778
259 116 20 22 0.771
22 142 18 22 0.761
459 138 22 24 0.746
832 41 19 25 0.694
535 162 14 19 0.679
373 144 21 24 0.636
662 191 23 29 0.628
948 82 19 20 0.621
130 199 25 30 0.520
527 162 24 27 0.309
758 158 17 27 0.184
353 145 22 24 0.181
483 177 23 28 0.131
749 147 13 14 0.122
615 183 19 22 0.107
752 150 21 34 0.080
297 127 17 21 0.060
35 153 16 20 0.049
985 146 13 14 0.028
