46_Jockey_Jockey_46_56
27
377 68 91 110 0.793
894 376 23 27 0.702
870 376 21 24 0.700
972 405 26 30 0.584
745 299 24 33 0.407
810 389 35 31 0.335
799 382 38 33 0.082
937 410 17 19 0.076
628 351 29 40 0.059
649 331 28 34 0.058
940 413 19 24 0.050
909 376 21 27 0.049
978 402 29 28 0.047
764 330 18 23 0.040
995 407 19 24 0.038
646 279 20 23 0.038
820 395 23 27 0.036
796 375 33 34 0.032
948 425 17 20 0.030
754 298 20 28 0.027
621 291 24 28 0.026
758 325 21 27 0.025
761 333 22 30 0.025
665 285 19 21 0.023
395 95 64 73 0.022
1005 407 16 24 0.022
1010 397 13 33 0.022
