30_Surgeons_Surgeons_30_663
41
664 65 33 40 0.856
612 64 34 39 0.843
752 548 28 38 0.833
706 571 28 35 0.832
649 575 25 29 0.812
602 544 29 37 0.800
207 547 23 30 0.728
690 36 29 32 0.727
178 540 20 27 0.650
307 119 10 12 0.638
288 105 10 12 0.616
465 55 15 18 0.572
353 105 10 13 0.556
253 109 10 12 0.527
397 60 18 23 0.458
324 108 10 12 0.399
365 63 14 17 0.361
350 107 10 12 0.357
400 58 25 24 0.354
411 55 23 24 0.348
485 41 95 76 0.301
337 100 9 12 0.173
178 23 11 11 0.156
332 105 15 12 0.141
322 112 18 11 0.122
272 109 9 9 0.104
233 535 22 27 0.088
153 56 8 10 0.057
549 45 33 26 0.055
244 121 9 10 0.039
704 504 31 24 0.036
512 53 62 43 0.034
182 23 10 12 0.031
529 49 54 33 0.030
272 103 9 8 0.029
160 40 10 12 0.029
448 65 12 13 0.027
334 123 9 10 0.025
309 103 15 12 0.024
442 61 14 15 0.023
247 106 12 14 0.021
