32_Worker_Laborer_Worker_Laborer_32_668
46
252 208 16 20 0.777
323 266 18 21 0.740
503 213 14 16 0.729
968 219 17 20 0.729
493 273 18 20 0.709
175 211 15 19 0.697
88 250 20 23 0.695
540 220 13 16 0.671
859 218 16 20 0.643
464 329 19 21 0.633
565 226 14 17 0.632
273 260 18 23 0.627
731 220 13 16 0.478
364 268 16 22 0.442
454 294 16 18 0.442
750 244 13 17 0.442
257 267 14 18 0.411
680 218 12 17 0.337
257 263 29 21 0.252
585 226 12 16 0.243
583 220 12 16 0.240
572 278 14 19 0.195
512 331 16 20 0.193
848 245 14 16 0.182
538 221 46 16 0.144
581 213 11 15 0.105
743 221 13 16 0.086
813 226 13 17 0.078
510 213 14 17 0.071
810 248 14 15 0.058
95 249 17 22 0.053
707 235 12 14 0.052
464 392 19 25 0.051
363 265 13 18 0.049
518 218 23 16 0.049
876 229 15 20 0.048
276 237 13 20 0.048
812 220 14 40 0.043
13 221 18 22 0.042
859 209 15 22 0.040
587 232 12 14 0.034
868 224 23 21 0.031
301 264 14 20 0.029
474 326 15 22 0.028
62 272 15 21 0.026
751 248 14 20 0.024
