32_Worker_Laborer_Worker_Laborer_32_805
27
440 148 46 67 0.792
543 83 20 23 0.768
343 54 15 18 0.444
711 135 14 18 0.148
602 125 10 12 0.118
789 71 12 13 0.097
727 80 12 12 0.063
826 455 20 23 0.056
1017 66 7 20 0.053
218 416 28 34 0.044
798 411 22 27 0.043
628 128 10 11 0.033
1013 160 10 23 0.033
728 135 13 17 0.032
1018 44 6 30 0.032
659 147 15 18 0.031
161 123 24 26 0.031
371 43 11 14 0.030
974 497 28 33 0.028
767 83 10 10 0.028
779 167 13 16 0.028
980 471 20 24 0.027
734 104 11 14 0.025
743 159 11 14 0.024
743 148 12 21 0.024
794 155 13 16 0.023
744 138 12 14 0.023
