32_Worker_Laborer_Worker_Laborer_32_649
98
126 83 33 36 0.798
45 73 30 35 0.796
859 95 13 16 0.604
692 61 9 10 0.496
468 122 8 9 0.491
331 154 6 8 0.485
264 152 8 9 0.467
253 125 8 9 0.462
455 110 7 8 0.440
422 149 7 9 0.436
302 145 8 10 0.425
443 125 7 8 0.422
380 145 7 8 0.384
326 131 7 8 0.379
997 115 11 12 0.368
93 96 9 10 0.364
440 141 8 11 0.334
582 41 8 10 0.328
167 88 11 12 0.319
482 108 6 8 0.314
414 124 7 8 0.286
955 124 12 17 0.257
277 125 8 8 0.250
589 91 9 10 0.245
364 124 6 9 0.240
0 88 11 19 0.231
354 149 7 8 0.225
395 149 7 9 0.207
360 124 8 10 0.201
399 125 8 8 0.176
460 120 11 10 0.160
949 127 13 16 0.143
339 125 8 8 0.137
537 118 7 9 0.132
284 121 8 9 0.132
302 126 6 7 0.127
409 124 13 8 0.127
643 86 7 9 0.123
521 111 6 7 0.122
717 78 8 8 0.108
297 126 15 8 0.105
729 65 7 9 0.103
312 125 7 8 0.102
340 125 16 10 0.101
593 48 10 11 0.099
164 85 16 18 0.099
913 101 10 11 0.092
376 125 7 8 0.089
385 147 15 8 0.084
743 72 8 9 0.083
300 128 23 8 0.080
344 121 9 10 0.079
1001 115 9 12 0.078
927 82 8 10 0.068
250 128 8 9 0.067
396 126 16 11 0.067
431 99 8 8 0.066
277 123 16 11 0.064
323 127 28 9 0.063
360 125 31 8 0.057
234 114 7 9 0.055
523 111 9 9 0.053
426 113 7 16 0.053
566 68 9 10 0.052
954 114 11 16 0.051
92 94 11 14 0.049
245 123 11 11 0.048
730 67 10 16 0.047
291 135 8 8 0.047
611 100 7 9 0.046
533 125 8 10 0.043
326 126 7 7 0.042
386 126 7 7 0.042
946 125 11 16 0.041
375 125 30 9 0.040
328 153 7 10 0.040
395 128 9 30 0.035
331 128 10 15 0.033
0 115 15 33 0.031
992 119 11 14 0.031
348 159 9 10 0.030
494 120 9 13 0.028
497 118 8 10 0.028
263 128 6 35 0.028
357 119 5 34 0.028
429 98 8 9 0.026
669 76 9 11 0.026
601 69 7 8 0.025
490 124 13 10 0.025
89 96 10 13 0.024
532 129 7 9 0.024
755 94 7 11 0.024
543 135 7 9 0.022
914 98 12 16 0.022
537 117 10 22 0.022
263 150 11 13 0.021
264 129 16 29 0.021
676 88 8 12 0.020
