5_Car_Accident_Accident_5_425
32
522 208 51 59 0.821
918 213 95 102 0.820
682 195 81 90 0.790
404 196 36 45 0.723
243 229 28 29 0.328
313 264 32 35 0.244
233 222 30 34 0.237
315 34 33 36 0.172
20 69 24 26 0.163
82 110 18 21 0.160
298 326 45 40 0.149
230 213 22 29 0.140
223 210 25 21 0.099
228 229 28 38 0.094
215 207 18 20 0.090
162 212 21 23 0.066
173 44 29 31 0.057
159 209 17 23 0.042
177 203 20 23 0.042
283 237 28 29 0.034
44 71 20 22 0.033
205 211 24 17 0.032
277 244 27 28 0.028
201 209 15 17 0.027
42 121 18 22 0.027
66 44 29 34 0.027
254 233 21 24 0.026
139 60 25 26 0.025
156 201 17 21 0.024
161 218 17 20 0.022
22 72 39 23 0.022
44 147 17 22 0.021
