5_Car_Accident_Accident_5_339
31
485 278 20 25 0.716
328 286 15 18 0.706
509 286 21 24 0.676
392 280 16 18 0.674
723 255 24 29 0.647
574 275 16 19 0.613
417 279 18 20 0.558
453 278 19 22 0.505
355 288 13 14 0.458
448 279 18 23 0.356
297 287 12 13 0.329
928 360 17 23 0.264
509 274 16 18 0.227
6 295 28 30 0.188
86 261 25 27 0.139
50 264 26 30 0.116
238 249 20 23 0.094
326 271 15 18 0.060
322 276 15 20 0.047
293 282 15 17 0.046
1 290 20 31 0.045
738 323 17 22 0.045
177 269 19 22 0.041
857 370 17 18 0.035
182 266 16 16 0.034
718 256 20 27 0.032
93 259 21 24 0.029
543 291 15 18 0.026
170 273 22 30 0.023
571 272 14 19 0.023
356 284 16 16 0.021
