5_Car_Accident_Car_Crash_5_11
113
266 687 16 21 0.770
421 459 12 15 0.716
196 510 14 17 0.699
583 271 9 12 0.683
664 294 11 14 0.681
728 298 9 12 0.676
433 384 12 13 0.675
544 303 10 12 0.673
781 324 11 12 0.656
635 458 12 13 0.655
752 386 12 13 0.653
555 323 11 13 0.634
931 218 9 10 0.629
510 333 10 12 0.625
586 495 14 17 0.615
504 436 12 13 0.615
540 279 10 12 0.592
564 384 11 13 0.592
663 328 11 12 0.589
613 270 9 12 0.588
448 268 9 9 0.578
626 321 10 11 0.577
484 279 9 11 0.569
547 340 10 12 0.555
228 417 10 12 0.539
508 283 10 12 0.531
249 331 10 12 0.522
598 315 9 11 0.517
523 304 8 12 0.516
320 286 8 9 0.477
167 468 12 13 0.468
441 296 8 10 0.381
296 307 10 12 0.348
371 328 9 12 0.317
139 421 9 10 0.290
225 319 9 12 0.263
585 297 9 11 0.243
552 326 10 19 0.234
785 170 7 9 0.223
196 408 10 12 0.200
664 291 10 27 0.184
401 516 13 15 0.172
905 453 11 13 0.164
508 273 10 11 0.131
874 348 9 11 0.125
914 67 8 9 0.106
254 223 7 9 0.100
531 336 9 11 0.097
660 470 12 13 0.094
251 325 9 12 0.092
434 274 9 9 0.091
908 90 7 8 0.091
568 445 12 13 0.091
532 279 18 11 0.087
172 363 10 11 0.076
346 705 11 21 0.071
211 270 8 9 0.071
849 500 15 16 0.070
783 169 6 9 0.066
185 112 8 10 0.066
558 432 10 12 0.062
885 303 9 9 0.062
451 269 8 10 0.061
830 32 8 9 0.059
912 72 9 12 0.059
722 452 12 13 0.057
437 288 11 15 0.055
785 167 8 8 0.054
408 186 8 9 0.053
971 333 9 11 0.052
560 279 9 11 0.048
66 420 20 16 0.048
588 298 11 27 0.048
536 322 9 12 0.048
333 184 7 8 0.047
798 293 9 10 0.046
325 175 7 9 0.046
554 327 10 14 0.044
230 184 8 12 0.043
330 181 7 9 0.043
559 434 15 18 0.039
226 244 10 12 0.036
489 546 14 17 0.035
563 399 11 13 0.033
446 264 10 21 0.033
949 178 9 10 0.032
217 162 8 9 0.031
564 440 13 15 0.031
306 297 11 12 0.030
476 546 25 19 0.030
196 412 11 14 0.030
10 170 10 11 0.028
323 338 9 10 0.028
971 332 12 10 0.028
734 19 9 9 0.027
566 450 12 13 0.027
230 261 9 12 0.027
216 109 7 8 0.027
560 275 8 10 0.026
546 284 16 76 0.025
109 420 13 15 0.025
63 411 17 24 0.025
29 422 16 16 0.024
466 196 7 9 0.024
397 468 14 13 0.023
251 529 9 10 0.023
236 193 8 9 0.023
572 438 11 17 0.023
79 419 17 16 0.023
630 321 9 11 0.022
412 75 6 8 0.022
759 378 12 15 0.021
192 408 10 12 0.020
