5_Car_Accident_Accident_5_490
32
451 322 20 27 0.743
156 294 16 21 0.670
361 312 15 19 0.312
200 296 16 20 0.299
177 286 15 18 0.272
145 280 10 11 0.248
214 297 20 22 0.205
200 295 33 21 0.155
151 264 9 10 0.127
156 292 26 21 0.124
123 277 9 10 0.100
649 328 20 23 0.091
762 311 21 21 0.075
182 289 27 19 0.060
213 282 13 14 0.059
536 320 12 16 0.055
115 259 7 8 0.055
102 279 9 9 0.050
118 306 9 12 0.049
85 295 8 9 0.047
207 289 18 20 0.046
74 280 8 9 0.045
128 295 13 15 0.044
753 316 17 23 0.031
123 300 15 12 0.030
186 283 14 17 0.029
103 271 8 22 0.029
672 309 16 22 0.027
690 424 17 18 0.027
645 322 20 25 0.026
381 343 18 20 0.026
120 349 9 11 0.022
