5_Car_Accident_Car_Crash_5_560
34
761 51 42 61 0.831
238 138 15 17 0.746
3 165 16 20 0.734
66 156 16 19 0.709
1002 91 21 52 0.699
178 197 14 17 0.691
185 148 12 17 0.636
29 159 11 14 0.627
382 128 16 18 0.579
504 123 17 20 0.521
151 148 13 16 0.442
104 158 15 17 0.417
315 132 14 16 0.396
135 154 14 20 0.394
971 147 9 11 0.217
507 118 16 19 0.174
136 152 21 21 0.167
349 126 12 13 0.159
42 158 13 15 0.144
95 161 15 17 0.116
147 146 22 20 0.102
353 124 11 13 0.093
181 140 12 78 0.089
777 112 22 31 0.080
101 162 15 17 0.071
143 146 15 17 0.037
501 128 20 22 0.037
578 196 23 32 0.036
198 142 11 16 0.035
636 196 31 36 0.034
9 164 15 18 0.029
102 151 14 16 0.026
136 148 13 17 0.025
341 127 14 14 0.021
