5_Car_Accident_Car_Crash_5_165
41
935 365 21 23 0.751
647 362 16 21 0.706
894 354 14 18 0.697
401 337 17 20 0.693
699 334 14 17 0.686
781 343 14 19 0.665
531 328 13 16 0.624
197 323 13 20 0.607
470 311 14 18 0.593
482 346 15 17 0.494
392 368 15 20 0.453
568 318 13 17 0.442
628 384 15 19 0.433
756 355 13 15 0.425
649 356 15 19 0.372
192 366 17 22 0.363
345 293 11 14 0.311
298 316 14 19 0.252
281 335 15 17 0.185
297 308 15 22 0.170
570 323 15 17 0.149
301 298 12 19 0.121
684 351 12 15 0.099
471 307 13 16 0.077
364 295 10 12 0.065
344 325 12 17 0.061
578 331 15 18 0.059
483 352 15 18 0.058
694 378 14 17 0.055
672 431 12 14 0.044
569 315 10 13 0.043
266 295 15 20 0.035
582 334 16 19 0.035
690 362 14 34 0.030
555 420 22 24 0.028
567 330 14 17 0.024
632 376 16 21 0.023
193 315 19 38 0.022
280 294 15 16 0.022
785 431 10 12 0.022
759 355 18 19 0.021
