10_People_Marching_People_Marching_2_787.jpg
377
880 342 16 21 -0.13897746801376343
745 359 13 21 -0.8678233623504639
754 365 11 20 -0.9100438356399536
981 353 25 32 -1.4101660251617432
764 368 22 31 -1.4670597314834595
945 403 15 20 -1.4686708450317383
914 383 24 31 -1.5487754344940186
326 418 16 26 -1.6367802619934082
799 526 9 11 -1.9701002836227417
888 351 7 9 -1.9843809604644775
953 335 14 16 -2.0664162635803223
334 416 17 26 -2.148983955383301
909 387 16 22 -2.2332165241241455
817 523 8 10 -2.253699541091919
874 336 14 17 -2.3867931365966797
779 491 9 10 -2.4033360481262207
755 377 27 38 -2.5614094734191895
759 438 17 18 -2.5883371829986572
975 350 15 19 -2.5916497707366943
801 463 13 17 -2.6370949745178223
936 351 8 9 -2.646625280380249
812 524 8 9 -2.6750261783599854
609 365 15 18 -2.6770846843719482
975 350 9 11 -2.6797292232513428
322 425 33 27 -2.6859450340270996
362 412 14 19 -2.688973903656006
380 371 8 10 -2.7000272274017334
928 395 8 11 -2.720015525817871
840 522 7 10 -2.7232344150543213
770 525 12 15 -2.7262024879455566
623 382 16 19 -2.728797435760498
748 486 8 11 -2.75886869430542
764 464 8 9 -2.76914644241333
504 392 15 18 -2.7757925987243652
927 374 16 19 -2.7909021377563477
921 294 15 19 -2.8400397300720215
864 382 14 19 -2.865102529525757
111 444 32 37 -2.873776435852051
968 702 9 9 -2.889038562774658
844 495 7 9 -2.904910087585449
820 542 9 11 -2.913240909576416
557 192 8 9 -2.9229862689971924
794 518 14 18 -2.926018238067627
697 375 29 31 -2.9332005977630615
784 335 7 9 -2.9484071731567383
928 432 16 20 -2.9490432739257812
755 491 8 9 -2.972235679626465
750 361 23 32 -2.9808812141418457
848 363 8 10 -2.9880025386810303
336 379 8 8 -2.99281907081604
808 382 15 19 -2.993086814880371
428 724 7 9 -2.996656656265259
463 439 15 18 -2.9984755516052246
965 347 7 9 -3.0028436183929443
359 368 8 9 -3.0034193992614746
980 362 8 11 -3.0069499015808105
357 546 105 150 -3.0073065757751465
366 590 179 268 -3.0074141025543213
317 382 8 9 -3.011214256286621
816 343 8 9 -3.0132176876068115
108 286 50 72 -3.013456106185913
510 674 104 137 -3.0239875316619873
873 349 14 16 -3.028134822845459
106 394 61 79 -3.0364599227905273
812 571 8 10 -3.046659231185913
943 382 9 10 -3.04691481590271
689 635 7 9 -3.0473666191101074
761 380 40 57 -3.0561084747314453
815 581 14 14 -3.0616750717163086
571 696 93 135 -3.073737621307373
784 487 8 10 -3.0753865242004395
894 336 12 15 -3.083371639251709
840 479 7 9 -3.084831476211548
747 748 26 41 -3.087573528289795
933 343 8 10 -3.0999133586883545
768 579 9 11 -3.100053071975708
575 381 15 17 -3.109565258026123
991 348 23 27 -3.113105297088623
801 481 12 18 -3.119810104370117
972 336 7 9 -3.1248860359191895
770 489 13 17 -3.130497455596924
542 629 197 246 -3.133068323135376
774 519 11 14 -3.1394176483154297
705 368 15 18 -3.1530120372772217
343 421 16 20 -3.1530256271362305
787 328 7 8 -3.1531381607055664
688 652 187 197 -3.1554675102233887
712 724 8 9 -3.158128261566162
792 331 7 9 -3.164457321166992
776 358 14 20 -3.1684763431549072
903 377 10 14 -3.1687302589416504
981 344 17 17 -3.173496723175049
841 494 7 10 -3.174208641052246
731 728 68 87 -3.174356698989868
460 444 8 9 -3.1788690090179443
824 519 8 9 -3.1789729595184326
422 424 16 17 -3.179741144180298
837 729 45 54 -3.180589437484741
998 364 14 16 -3.1937828063964844
837 571 8 10 -3.194316864013672
824 351 8 10 -3.1959266662597656
871 379 11 15 -3.1965301036834717
995 371 8 10 -3.198084592819214
627 749 27 38 -3.1992392539978027
444 737 48 60 -3.202204704284668
718 523 10 13 -3.2106704711914062
799 368 15 19 -3.2162556648254395
697 389 15 18 -3.2175426483154297
929 331 8 10 -3.2179808616638184
956 332 8 8 -3.2183358669281006
960 328 7 8 -3.219740867614746
976 356 8 10 -3.2204365730285645
507 431 8 10 -3.2265448570251465
836 367 8 10 -3.2266478538513184
729 612 7 9 -3.2267253398895264
815 495 12 20 -3.2285566329956055
946 750 26 30 -3.2311959266662598
282 385 10 14 -3.2323882579803467
730 547 7 8 -3.236085891723633
765 732 33 50 -3.24261736869812
602 372 45 53 -3.244478940963745
784 359 14 19 -3.2463459968566895
756 476 8 8 -3.246462106704712
969 344 26 37 -3.246703624725342
636 723 76 86 -3.2470600605010986
825 460 8 9 -3.2507452964782715
824 451 8 10 -3.2580513954162598
896 748 19 28 -3.2618813514709473
729 476 7 9 -3.2624588012695312
755 485 11 13 -3.26438570022583
255 525 16 20 -3.264647960662842
905 367 13 18 -3.265803813934326
959 746 27 35 -3.2675304412841797
404 720 77 89 -3.2688684463500977
729 746 34 32 -3.269148826599121
752 363 9 13 -3.2702994346618652
956 336 8 8 -3.27067232131958
749 542 16 23 -3.2743749618530273
436 749 34 35 -3.2756898403167725
805 340 7 9 -3.277353048324585
716 572 7 9 -3.2793734073638916
770 732 80 80 -3.2799525260925293
189 543 24 23 -3.284029006958008
123 382 94 125 -3.2854199409484863
888 351 14 18 -3.2856860160827637
976 336 7 9 -3.286010265350342
880 381 10 14 -3.287881374359131
551 747 28 41 -3.2889456748962402
741 583 13 15 -3.291078567504883
855 395 9 10 -3.292184352874756
803 746 27 43 -3.2936410903930664
793 376 27 36 -3.293799877166748
792 347 8 10 -3.2950377464294434
494 366 21 25 -3.2952656745910645
841 755 24 28 -3.295286178588867
770 280 13 16 -3.2968997955322266
821 349 15 15 -3.2973105907440186
723 491 17 19 -3.2984611988067627
842 386 13 16 -3.3000619411468506
678 746 18 29 -3.3011281490325928
345 368 7 8 -3.3042988777160645
860 352 8 8 -3.3053030967712402
751 512 8 9 -3.306631565093994
388 506 32 40 -3.309455633163452
318 560 7 9 -3.310535192489624
249 589 14 17 -3.315730571746826
858 754 13 23 -3.3194403648376465
929 294 15 18 -3.3209738731384277
822 711 14 15 -3.3219387531280518
770 583 26 32 -3.323725461959839
839 367 12 16 -3.3314208984375
612 336 7 9 -3.333016872406006
718 749 28 41 -3.3330743312835693
833 542 8 10 -3.3331339359283447
154 610 37 45 -3.3340461254119873
852 363 8 10 -3.334470748901367
742 556 13 16 -3.334594249725342
741 537 15 17 -3.335982322692871
792 367 14 18 -3.336629629135132
655 23 16 18 -3.3383593559265137
960 334 14 16 -3.338505744934082
358 403 14 14 -3.3392441272735596
373 522 15 16 -3.3444366455078125
812 447 8 10 -3.346156597137451
800 559 8 10 -3.3478386402130127
836 559 8 9 -3.3484435081481934
930 368 30 32 -3.3485281467437744
8 686 123 128 -3.3491060733795166
209 653 181 258 -3.3500592708587646
966 678 47 63 -3.352384328842163
824 471 8 9 -3.35286021232605
356 372 7 9 -3.353142261505127
881 451 8 10 -3.3552069664001465
201 541 33 40 -3.356652021408081
768 613 10 14 -3.3572702407836914
102 436 72 82 -3.360335350036621
519 745 37 42 -3.3603415489196777
602 730 48 50 -3.3604166507720947
749 353 16 22 -3.363828659057617
952 387 8 10 -3.3647778034210205
465 312 14 18 -3.365173816680908
506 233 7 8 -3.36552357673645
381 91 205 269 -3.3666434288024902
816 531 8 10 -3.3676199913024902
531 219 724 898 -3.367739200592041
250 512 24 25 -3.3684184551239014
563 402 8 10 -3.3687424659729004
617 246 14 19 -3.369420051574707
800 375 8 10 -3.3697547912597656
783 479 9 9 -3.370018720626831
376 175 8 9 -3.3701257705688477
936 382 8 10 -3.3702292442321777
690 505 44 56 -3.371372938156128
805 485 15 17 -3.3714399337768555
903 748 25 35 -3.3720638751983643
751 750 14 23 -3.3742728233337402
444 52 8 8 -3.3758633136749268
929 391 29 42 -3.376312732696533
624 362 24 28 -3.3781707286834717
928 303 15 17 -3.380342721939087
888 439 7 10 -3.383979320526123
712 518 9 10 -3.384249210357666
129 330 7 9 -3.384493589401245
384 328 15 15 -3.3846802711486816
940 347 7 9 -3.3851380348205566
740 499 11 12 -3.3860208988189697
816 362 8 10 -3.386345863342285
728 480 39 56 -3.3872835636138916
980 355 8 10 -3.3908231258392334
654 603 364 380 -3.390885353088379
373 441 12 15 -3.3910269737243652
287 608 34 47 -3.392557144165039
260 600 184 200 -3.3948323726654053
669 747 43 40 -3.3950014114379883
851 379 26 33 -3.396679401397705
179 437 27 33 -3.3970394134521484
277 511 16 23 -3.3979685306549072
828 491 14 20 -3.398073196411133
462 55 7 8 -3.3993847370147705
381 363 15 16 -3.399975538253784
936 366 15 19 -3.4005041122436523
868 375 8 10 -3.4005279541015625
869 503 7 9 -3.4011995792388916
811 543 13 16 -3.4030632972717285
819 676 94 145 -3.404681444168091
80 716 14 18 -3.404916286468506
704 747 32 29 -3.4052324295043945
328 357 98 104 -3.4058446884155273
351 466 11 14 -3.4062998294830322
815 413 18 22 -3.406883716583252
308 749 37 36 -3.4073150157928467
528 439 8 10 -3.4093263149261475
893 384 15 20 -3.409777879714966
263 501 15 19 -3.4113917350769043
882 752 27 31 -3.4116315841674805
904 335 15 18 -3.413815975189209
885 351 7 9 -3.4151768684387207
344 505 55 61 -3.416334867477417
728 400 29 37 -3.416409492492676
732 361 54 76 -3.416759967803955
892 352 7 9 -3.4181652069091797
806 390 22 31 -3.4196577072143555
977 360 15 17 -3.4203615188598633
904 370 21 32 -3.420393228530884
226 750 27 40 -3.4218156337738037
356 510 25 33 -3.4220681190490723
721 564 8 9 -3.422372579574585
663 6 10 13 -3.4227168560028076
292 578 39 46 -3.423074960708618
591 433 12 15 -3.423430919647217
737 577 14 15 -3.4245223999023438
267 144 8 10 -3.4248321056365967
300 442 21 28 -3.4251837730407715
932 350 10 11 -3.426238536834717
783 751 27 33 -3.426288604736328
673 344 15 16 -3.4265353679656982
449 449 359 459 -3.427556037902832
896 572 15 19 -3.427612066268921
815 460 28 36 -3.42771315574646
514 487 20 31 -3.427755832672119
387 746 34 36 -3.427873134613037
937 317 107 137 -3.4284932613372803
768 375 8 10 -3.429135322570801
913 341 14 17 -3.430128574371338
807 367 18 23 -3.4303343296051025
864 3 8 10 -3.4304616451263428
391 331 51 73 -3.4310302734375
329 562 33 40 -3.431335926055908
902 310 46 70 -3.431501626968384
815 534 16 19 -3.4320569038391113
824 486 7 10 -3.4327218532562256
568 35 7 8 -3.432811737060547
819 348 8 9 -3.433166027069092
821 459 8 10 -3.4337358474731445
152 501 98 127 -3.4344682693481445
954 327 15 15 -3.434702157974243
746 464 52 61 -3.4372975826263428
356 380 8 8 -3.43745756149292
825 373 13 19 -3.4376041889190674
992 360 23 33 -3.4384098052978516
942 372 13 19 -3.438821315765381
338 424 31 39 -3.4390358924865723
20 717 51 87 -3.4396228790283203
991 374 15 13 -3.4396560192108154
866 571 21 28 -3.4398655891418457
744 485 17 23 -3.4413645267486572
650 359 15 17 -3.441821813583374
621 351 24 27 -3.4420692920684814
28 247 106 146 -3.442568063735962
788 568 50 72 -3.442662000656128
719 514 10 12 -3.4428930282592773
506 465 22 29 -3.4430928230285645
536 405 23 29 -3.443452835083008
276 372 7 8 -3.443722724914551
816 446 14 19 -3.44398832321167
807 361 11 14 -3.4442172050476074
-1 747 34 34 -3.444355010986328
311 369 12 14 -3.444357395172119
258 450 30 37 -3.4446773529052734
938 680 43 60 -3.4447896480560303
855 362 12 14 -3.4459073543548584
365 365 8 9 -3.4462947845458984
934 753 18 27 -3.447549819946289
755 398 22 26 -3.4477312564849854
516 412 8 9 -3.448302745819092
268 398 47 70 -3.448887348175049
731 495 20 23 -3.452610492706299
916 79 107 113 -3.456347703933716
257 27 79 116 -3.4563851356506348
489 357 41 55 -3.4564192295074463
995 357 12 14 -3.4564244747161865
814 422 25 26 -3.456725597381592
335 715 74 91 -3.4569971561431885
659 342 50 66 -3.4572367668151855
918 275 18 23 -3.457944869995117
329 224 13 16 -3.458460569381714
770 492 96 119 -3.459245204925537
934 682 80 138 -3.459855556488037
893 149 23 26 -3.460085391998291
860 320 8 8 -3.4603357315063477
300 625 17 22 -3.460664987564087
751 508 17 25 -3.460766077041626
846 556 37 44 -3.461024761199951
362 498 21 28 -3.4610416889190674
905 357 44 59 -3.461447238922119
459 505 28 37 -3.461820602416992
801 287 14 17 -3.4621312618255615
784 588 18 21 -3.4629693031311035
441 538 102 134 -3.4631361961364746
1012 320 19 33 -3.4638571739196777
198 614 27 31 -3.4640347957611084
187 341 19 26 -3.465567111968994
459 301 24 27 -3.4659485816955566
696 416 34 43 -3.4660353660583496
717 479 7 9 -3.466219425201416
977 335 32 31 -3.4670307636260986
932 387 8 10 -3.468106269836426
832 353 29 29 -3.468763828277588
823 457 15 16 -3.469050645828247
873 355 7 9 -3.469088315963745
813 748 17 22 -3.4699459075927734
456 387 24 28 -3.4703028202056885
937 400 183 238 -3.4703609943389893
897 350 14 17 -3.470576524734497
844 359 14 17 -3.470696449279785
311 450 25 27 -3.471160888671875
499 747 28 41 -3.4714958667755127
410 373 31 34 -3.471850872039795
176 452 44 60 -3.4719934463500977
912 332 8 9 -3.4721264839172363
522 401 26 28 -3.4732041358947754
768 494 35 34 -3.4741454124450684
94 356 21 28 -3.4750113487243652
630 314 46 84 -3.47515869140625
825 22 173 242 -3.4759316444396973
456 432 14 18 -3.4759340286254883
352 422 16 20 -3.475959300994873
