10_People_Marching_People_Marching_10_People_Marching_People_Marching_10_420.jpg
77
636 141 156 228 2.9186058044433594
492 59 366 462 1.1775281429290771
604 206 110 141 -1.0970271825790405
675 63 170 216 -1.5090844631195068
417 562 43 42 -1.6896467208862305
114 93 11 15 -2.6822521686553955
120 112 8 10 -2.806971549987793
148 96 8 9 -2.9224894046783447
296 295 8 10 -3.0788533687591553
913 467 7 10 -3.1500847339630127
916 468 8 10 -3.237407684326172
381 338 182 235 -3.2611896991729736
571 662 183 197 -3.30471134185791
849 182 13 19 -3.3155410289764404
257 256 7 9 -3.3321166038513184
326 509 14 13 -3.349942684173584
466 614 26 38 -3.3638916015625
302 269 15 17 -3.367732048034668
384 676 8 9 -3.371448516845703
639 266 103 132 -3.37247896194458
139 186 31 32 -3.3838045597076416
442 622 10 13 -3.385129690170288
311 294 12 13 -3.3936409950256348
1007 212 37 47 -3.3939383029937744
168 -29 174 256 -3.4043288230895996
341 326 56 63 -3.405409336090088
314 493 22 29 -3.4056599140167236
339 602 48 61 -3.407651662826538
393 482 402 509 -3.4089887142181396
187 66 56 66 -3.409679412841797
94 326 44 84 -3.4109890460968018
895 10 42 45 -3.415893077850342
819 139 92 142 -3.418548107147217
839 170 24 28 -3.4189043045043945
269 17 55 60 -3.4211177825927734
507 560 24 22 -3.4221012592315674
908 419 7 9 -3.4259095191955566
823 434 74 97 -3.4315390586853027
80 159 36 48 -3.4320266246795654
345 458 8 10 -3.43546724319458
266 511 48 58 -3.435802459716797
926 16 54 69 -3.437370538711548
333 448 38 37 -3.4379749298095703
309 465 55 69 -3.439821481704712
364 472 40 47 -3.4421753883361816
121 112 21 30 -3.442688465118408
356 264 107 109 -3.4430105686187744
530 509 55 65 -3.4455156326293945
608 605 106 129 -3.44561767578125
547 35 69 95 -3.44584321975708
499 284 109 138 -3.4463260173797607
273 55 31 42 -3.449354887008667
553 320 94 114 -3.451962471008301
908 112 30 40 -3.452951431274414
112 57 37 41 -3.454706907272339
695 677 105 173 -3.455758571624756
523 562 9 9 -3.4568309783935547
110 80 48 73 -3.4595932960510254
509 181 179 237 -3.4597597122192383
130 68 50 65 -3.459829807281494
364 621 58 63 -3.4609832763671875
906 188 10 15 -3.461276054382324
953 299 95 92 -3.4625911712646484
368 341 19 27 -3.462907314300537
116 109 11 16 -3.4632627964019775
368 -17 105 162 -3.4641475677490234
212 41 97 124 -3.465029716491699
807 333 114 129 -3.4652552604675293
333 428 97 120 -3.4678475856781006
85 110 34 42 -3.468705654144287
427 -2 173 219 -3.4691860675811768
514 11 44 69 -3.4696850776672363
264 183 23 24 -3.470521926879883
475 632 25 33 -3.4714412689208984
352 642 16 16 -3.4717745780944824
776 592 187 307 -3.4727494716644287
22 42 215 277 -3.472774028778076
