10_People_Marching_People_Marching_2_41.jpg
60
193 94 13 16 -2.7764925956726074
132 360 183 213 -2.8449795246124268
508 42 14 17 -2.9024786949157715
273 108 7 8 -3.059471607208252
308 124 8 9 -3.0648155212402344
946 7 13 17 -3.0769095420837402
112 540 8 9 -3.1138482093811035
216 124 8 9 -3.1729824542999268
157 48 7 8 -3.1894567012786865
143 529 176 315 -3.21399188041687
500 523 194 262 -3.215801477432251
157 252 8 9 -3.2333426475524902
665 8 8 10 -3.246051549911499
670 197 12 15 -3.2511394023895264
-127 85 730 960 -3.2537014484405518
225 152 8 10 -3.2853050231933594
1011 339 17 28 -3.3027729988098145
268 7 7 9 -3.3216331005096436
109 41 7 9 -3.3229293823242188
573 638 69 85 -3.3249146938323975
914 642 49 85 -3.3404529094696045
237 332 179 222 -3.349594831466675
519 640 78 96 -3.3554723262786865
985 89 15 15 -3.3560147285461426
817 536 192 252 -3.3573060035705566
529 294 13 15 -3.359238624572754
973 92 7 9 -3.361807346343994
22 535 7 9 -3.3630099296569824
253 93 8 9 -3.3750061988830566
237 107 8 10 -3.3751401901245117
106 543 28 34 -3.3765830993652344
156 92 8 9 -3.3872556686401367
452 60 8 8 -3.3966500759124756
25 494 13 18 -3.3978826999664307
387 635 83 89 -3.398481607437134
908 72 8 9 -3.4050891399383545
520 37 7 8 -3.415512800216675
299 137 767 1022 -3.422184467315674
44 1 34 44 -3.4243581295013428
223 507 267 336 -3.4247171878814697
433 119 57 71 -3.441953420639038
1001 330 35 45 -3.4425013065338135
241 51 8 9 -3.446381092071533
400 648 43 50 -3.447005271911621
482 362 29 39 -3.4527933597564697
534 375 88 136 -3.4580395221710205
364 319 194 243 -3.459409475326538
86 557 32 29 -3.460083484649658
-15 466 285 411 -3.460233688354492
212 150 24 36 -3.4607183933258057
313 311 13 16 -3.4619221687316895
92 30 29 31 -3.463169574737549
968 348 30 30 -3.4645187854766846
87 360 49 65 -3.4665520191192627
1015 232 16 24 -3.467874526977539
146 361 21 29 -3.4697742462158203
418 411 26 28 -3.471208095550537
346 92 16 15 -3.4716107845306396
769 632 8 9 -3.471705675125122
609 233 14 15 -3.472508430480957
