10_People_Marching_People_Marching_2_246.jpg
51
448 548 8 10 -1.9470387697219849
599 416 9 9 -2.6342270374298096
256 377 15 16 -2.738424062728882
171 440 13 16 -2.874634265899658
451 332 25 31 -2.9203639030456543
821 427 7 9 -3.0225229263305664
452 536 7 9 -3.0616843700408936
577 365 29 34 -3.115168333053589
784 191 8 9 -3.1496474742889404
752 608 7 8 -3.156873941421509
672 487 14 17 -3.1622700691223145
432 519 16 18 -3.1677236557006836
825 433 14 17 -3.1701340675354004
708 283 8 10 -3.184633493423462
732 148 92 115 -3.202380895614624
742 584 8 9 -3.2587084770202637
752 185 52 61 -3.29072642326355
903 392 15 16 -3.299137830734253
684 613 176 270 -3.3044474124908447
888 592 7 9 -3.3097712993621826
21 625 246 283 -3.331296682357788
517 415 25 29 -3.3410356044769287
1010 261 23 29 -3.341853141784668
1011 315 17 29 -3.3437411785125732
912 403 7 8 -3.3462681770324707
437 234 14 20 -3.3657970428466797
241 408 14 15 -3.373587131500244
911 193 52 66 -3.37504506111145
753 128 7 8 -3.377622365951538
352 440 14 18 -3.380664348602295
989 475 51 70 -3.395671844482422
759 245 23 30 -3.407000780105591
567 632 19 30 -3.4210915565490723
426 181 51 67 -3.4329752922058105
800 361 100 138 -3.4370274543762207
404 78 106 127 -3.4383914470672607
744 211 53 67 -3.4412312507629395
676 278 53 73 -3.445483684539795
991 68 57 77 -3.445782423019409
770 148 202 205 -3.4460015296936035
208 266 34 49 -3.4476613998413086
1012 247 18 25 -3.4576196670532227
581 226 105 159 -3.457700490951538
610 180 19 27 -3.4588310718536377
815 385 45 82 -3.462660789489746
741 699 86 98 -3.467118740081787
616 176 11 15 -3.468273162841797
1008 332 27 36 -3.4696221351623535
-216 206 758 941 -3.4710803031921387
253 362 27 40 -3.4728705883026123
174 706 50 76 -3.4733786582946777
