10_People_Marching_People_Marching_2_942.jpg
54
56 5 72 90 -3.0314621925354004
666 650 182 222 -3.152926445007324
386 726 53 63 -3.1608023643493652
98 744 37 48 -3.1820507049560547
447 750 24 39 -3.190746307373047
408 697 109 124 -3.2060036659240723
321 507 376 430 -3.2303264141082764
514 747 26 42 -3.234708786010742
323 654 175 205 -3.2348148822784424
360 720 49 86 -3.235194683074951
370 748 26 39 -3.2407851219177246
257 748 32 34 -3.240839719772339
120 671 98 146 -3.2438855171203613
472 712 94 109 -3.2632973194122314
855 748 30 34 -3.2666423320770264
154 661 182 200 -3.269930362701416
429 723 55 57 -3.272362232208252
232 723 45 77 -3.2750465869903564
779 579 213 256 -3.2798173427581787
11 749 26 32 -3.286440849304199
57 706 99 116 -3.2902441024780273
819 754 31 28 -3.3163843154907227
117 748 27 32 -3.323164463043213
282 751 29 36 -3.3373637199401855
30 747 29 30 -3.338475465774536
91 752 25 32 -3.3412139415740967
295 73 14 18 -3.350031614303589
721 723 51 62 -3.3532931804656982
5 510 358 441 -3.3593835830688477
783 736 62 59 -3.3632497787475586
835 741 42 51 -3.3654327392578125
336 721 51 60 -3.3663761615753174
-77 251 827 930 -3.374765396118164
103 754 22 21 -3.3790221214294434
314 730 46 79 -3.3819797039031982
433 748 24 36 -3.3861687183380127
626 743 28 41 -3.3897666931152344
5 671 95 168 -3.398911952972412
607 627 14 18 -3.4028356075286865
332 744 31 33 -3.4043614864349365
716 716 94 113 -3.4059765338897705
780 744 30 34 -3.417266845703125
813 480 24 31 -3.4173789024353027
865 719 50 80 -3.430647373199463
30 733 55 67 -3.431793689727783
385 645 33 39 -3.431976556777954
746 734 55 57 -3.4375078678131104
357 750 25 38 -3.438084125518799
568 314 108 124 -3.442385673522949
470 748 27 36 -3.442601203918457
205 728 47 80 -3.447643518447876
-34 706 93 116 -3.457984209060669
323 752 26 32 -3.469046115875244
789 708 95 121 -3.4729180335998535
