10_People_Marching_People_Marching_10_People_Marching_People_Marching_10_416.jpg
22
224 444 8 8 -2.9240453243255615
436 403 27 31 -3.1026523113250732
142 596 200 306 -3.1942434310913086
116 421 8 9 -3.2325873374938965
152 443 8 9 -3.2588629722595215
465 359 14 16 -3.2698287963867188
256 404 8 9 -3.358762264251709
81 648 160 212 -3.3690989017486572
927 8 9 9 -3.3723247051239014
-196 238 717 896 -3.386777400970459
648 483 8 8 -3.390965223312378
-11 535 269 429 -3.4065046310424805
41 207 59 74 -3.4170188903808594
1005 395 32 31 -3.4246270656585693
144 436 8 9 -3.432251214981079
146 206 20 25 -3.44067645072937
426 -7 107 138 -3.4410948753356934
236 449 7 9 -3.445396900177002
695 290 185 234 -3.449765205383301
821 -27 285 366 -3.463308811187744
24 336 16 27 -3.4724974632263184
634 565 31 35 -3.473564386367798
