10_People_Marching_People_Marching_2_367.jpg
122
216 164 9 9 -2.603327751159668
932 531 7 9 -2.954134702682495
207 217 13 16 -2.978604793548584
24 320 9 9 -2.978983163833618
201 158 14 19 -3.0026888847351074
374 302 225 254 -3.0923011302948
714 628 108 106 -3.109583854675293
640 664 26 43 -3.111186981201172
730 569 217 235 -3.1483399868011475
748 669 25 42 -3.1690492630004883
806 642 47 68 -3.177854537963867
284 665 41 47 -3.1850132942199707
820 176 8 9 -3.1993889808654785
295 519 192 245 -3.2103612422943115
613 541 212 268 -3.2177391052246094
800 665 27 39 -3.227255344390869
25 671 30 35 -3.2378835678100586
936 650 59 56 -3.2429909706115723
304 670 29 31 -3.2504429817199707
219 650 46 56 -3.2709686756134033
873 660 43 56 -3.272941827774048
761 584 14 15 -3.2805044651031494
568 663 27 44 -3.280561685562134
346 650 44 54 -3.2847900390625
760 662 26 42 -3.2870750427246094
216 203 9 10 -3.2986183166503906
594 149 73 83 -3.299072265625
537 97 7 8 -3.3083486557006836
239 670 26 28 -3.3085756301879883
193 158 16 18 -3.312551498413086
190 610 109 130 -3.3145925998687744
254 667 24 36 -3.315633773803711
1004 210 30 40 -3.3182756900787354
462 364 29 33 -3.318514347076416
599 630 87 128 -3.328907012939453
647 9 37 54 -3.3290796279907227
712 649 50 68 -3.3317387104034424
228 202 14 19 -3.3346869945526123
977 664 28 45 -3.3380260467529297
844 619 91 110 -3.338074207305908
376 296 798 880 -3.3382325172424316
984 520 16 19 -3.3417608737945557
-11 673 41 46 -3.345465898513794
149 531 7 9 -3.355417251586914
-8 626 88 122 -3.3640215396881104
256 129 7 8 -3.366377115249634
146 672 32 32 -3.3671176433563232
879 672 20 33 -3.3704755306243896
320 649 45 83 -3.3708174228668213
763 647 68 62 -3.372835874557495
542 618 103 124 -3.3742382526397705
524 76 136 182 -3.3858349323272705
903 631 67 93 -3.3921890258789062
123 368 17 19 -3.3955304622650146
597 136 8 8 -3.400897264480591
583 667 27 41 -3.403064012527466
605 117 54 71 -3.40385103225708
651 669 19 23 -3.4071857929229736
808 180 8 9 -3.407510757446289
175 671 33 29 -3.408147096633911
358 668 54 66 -3.4089221954345703
892 531 27 38 -3.4098122119903564
197 191 27 31 -3.4179248809814453
828 644 17 22 -3.419093608856201
0 310 56 79 -3.419416666030884
195 671 26 33 -3.4205660820007324
265 623 93 124 -3.4217729568481445
713 299 51 59 -3.4225494861602783
980 369 132 179 -3.425856590270996
646 137 56 64 -3.427318811416626
722 218 41 40 -3.427333116531372
1011 265 20 34 -3.4304375648498535
870 123 27 31 -3.431706190109253
916 38 16 17 -3.4319534301757812
332 667 22 32 -3.4331071376800537
209 168 14 16 -3.4341840744018555
990 77 20 24 -3.436002731323242
8 560 19 23 -3.4378433227539062
688 238 30 34 -3.4398109912872314
688 662 47 62 -3.4405105113983154
238 159 15 19 -3.44122052192688
86 671 21 27 -3.4415249824523926
578 153 28 33 -3.4440579414367676
210 196 11 14 -3.448251247406006
225 176 14 17 -3.4483439922332764
611 92 104 145 -3.4495275020599365
591 157 16 18 -3.4505670070648193
766 155 19 25 -3.451220989227295
78 662 38 53 -3.4518542289733887
469 479 8 9 -3.4543707370758057
573 642 52 70 -3.454930067062378
1010 545 17 25 -3.4555811882019043
858 135 28 30 -3.4581706523895264
19 556 18 20 -3.4591798782348633
699 664 26 33 -3.4593567848205566
754 421 25 24 -3.460066795349121
541 660 43 54 -3.4606051445007324
214 164 19 22 -3.460630178451538
670 182 63 65 -3.4619107246398926
478 127 48 54 -3.461975574493408
186 461 121 113 -3.462326765060425
199 162 21 28 -3.4629061222076416
792 612 92 114 -3.4640755653381348
649 38 17 22 -3.4642879962921143
963 655 22 24 -3.467966318130493
114 373 18 21 -3.4680745601654053
598 487 17 19 -3.468075752258301
370 659 32 40 -3.469849109649658
193 277 95 158 -3.470294952392578
845 95 61 76 -3.470684289932251
953 365 43 50 -3.471285343170166
879 91 31 37 -3.471686840057373
31 465 341 391 -3.4719107151031494
900 658 31 43 -3.472102642059326
869 532 17 22 -3.4722557067871094
837 131 55 65 -3.472620964050293
974 340 51 71 -3.4727299213409424
469 646 43 82 -3.4729855060577393
291 674 23 25 -3.473007917404175
342 672 23 30 -3.473085641860962
607 234 92 150 -3.4732351303100586
825 654 20 25 -3.474717855453491
