10_People_Marching_People_Marching_2_687.jpg
133
520 260 92 143 3.083852529525757
572 292 72 118 -0.2970588803291321
96 164 96 133 -1.6875817775726318
985 568 13 14 -2.9142215251922607
95 41 102 116 -2.922992706298828
872 332 13 19 -2.991044282913208
727 368 17 16 -3.067131757736206
881 290 13 14 -3.120631694793701
604 536 14 17 -3.127532720565796
221 408 23 28 -3.1684603691101074
1014 299 12 17 -3.1766104698181152
898 253 12 16 -3.182835340499878
986 287 7 9 -3.2086126804351807
292 1267 512 486 -3.2205166816711426
819 344 34 38 -3.2238597869873047
968 262 9 9 -3.2313692569732666
323 1280 7 9 -3.246054172515869
469 599 14 18 -3.259857654571533
132 156 14 16 -3.277843952178955
495 1455 130 115 -3.288168430328369
968 212 7 9 -3.2994003295898438
969 528 14 16 -3.3201560974121094
876 198 14 18 -3.3246936798095703
350 494 81 112 -3.3266336917877197
408 592 28 35 -3.327510356903076
839 1196 28 32 -3.32784104347229
936 320 8 9 -3.3299503326416016
984 591 15 18 -3.336869716644287
888 486 26 36 -3.339357376098633
840 572 92 129 -3.34684419631958
609 808 13 16 -3.3513267040252686
232 489 13 15 -3.3584604263305664
387 551 25 32 -3.3584680557250977
912 572 29 34 -3.358790874481201
969 574 14 18 -3.3622207641601562
1001 382 30 36 -3.363867998123169
332 58 112 160 -3.368752956390381
753 178 10 12 -3.369398593902588
891 259 17 20 -3.372894525527954
1014 394 12 19 -3.3749289512634277
897 574 12 16 -3.376042604446411
40 100 8 9 -3.3792970180511475
877 266 16 24 -3.3829526901245117
-81 1224 414 488 -3.3855748176574707
852 487 19 21 -3.3916802406311035
25 554 95 138 -3.394136428833008
100 460 8 9 -3.3967041969299316
754 135 57 72 -3.396824836730957
893 589 98 121 -3.3980307579040527
714 104 68 58 -3.4021828174591064
600 282 32 40 -3.4036850929260254
820 196 17 23 -3.406026601791382
118 452 52 69 -3.408174514770508
646 345 27 26 -3.409658193588257
1000 684 39 51 -3.4107327461242676
897 546 29 41 -3.4135565757751465
386 1031 176 222 -3.4200921058654785
252 840 43 57 -3.422356367111206
200 745 14 17 -3.4236583709716797
960 527 25 33 -3.4238486289978027
174 512 103 141 -3.4248440265655518
1008 862 31 43 -3.4257888793945312
212 358 19 24 -3.428614377975464
162 619 40 46 -3.4303739070892334
877 535 98 115 -3.4307332038879395
796 493 26 23 -3.432948112487793
299 484 99 157 -3.4333276748657227
926 716 138 201 -3.4343490600585938
993 398 9 9 -3.4343631267547607
375 1447 97 155 -3.4351868629455566
988 285 8 9 -3.436560869216919
790 512 13 19 -3.436671495437622
217 1087 107 121 -3.438061237335205
935 341 14 19 -3.4387638568878174
804 486 15 19 -3.438831329345703
894 562 52 66 -3.4394359588623047
-304 857 812 1061 -3.4406850337982178
746 177 14 16 -3.440717935562134
974 296 11 18 -3.442042112350464
225 1386 12 17 -3.4422380924224854
969 136 17 15 -3.4431142807006836
844 479 48 64 -3.4433138370513916
-1 555 43 59 -3.443373918533325
207 606 55 70 -3.443821907043457
676 270 28 36 -3.4444661140441895
833 296 13 16 -3.4454381465911865
242 464 14 16 -3.4456896781921387
921 173 32 36 -3.446579933166504
879 95 112 117 -3.4504833221435547
867 615 48 71 -3.451286792755127
854 1314 104 153 -3.452133893966675
911 582 15 17 -3.4525487422943115
436 1267 96 149 -3.452807903289795
1010 542 15 25 -3.456376552581787
1002 769 41 51 -3.4570043087005615
230 483 25 34 -3.4571731090545654
616 307 24 31 -3.4576416015625
532 1372 219 229 -3.458535671234131
982 396 17 21 -3.458717107772827
800 582 19 29 -3.4604732990264893
981 279 7 9 -3.460690975189209
906 613 35 41 -3.461740255355835
839 264 17 20 -3.4619882106781006
23 884 19 24 -3.46211314201355
626 356 29 40 -3.462494134902954
548 558 98 140 -3.463909387588501
899 375 11 16 -3.464627504348755
498 534 37 43 -3.4651362895965576
897 651 59 70 -3.465360164642334
790 235 51 79 -3.465409755706787
931 232 11 15 -3.466810703277588
784 165 10 15 -3.4673171043395996
377 583 57 84 -3.4675724506378174
61 1364 110 142 -3.4678053855895996
767 5 16 17 -3.468029022216797
927 64 41 40 -3.4685840606689453
418 526 100 132 -3.469141960144043
86 431 52 70 -3.4693799018859863
195 730 33 33 -3.4694817066192627
334 431 153 202 -3.4705216884613037
841 248 7 8 -3.47060489654541
415 1416 170 213 -3.470776081085205
934 919 49 68 -3.4711499214172363
1008 1075 20 23 -3.471358299255371
879 568 17 19 -3.4715569019317627
812 621 64 114 -3.4716854095458984
594 1436 26 29 -3.4719290733337402
791 279 15 18 -3.472257614135742
637 860 15 14 -3.4723973274230957
285 375 109 129 -3.47373366355896
804 731 37 45 -3.474059820175171
251 329 14 20 -3.4742045402526855
728 1108 56 63 -3.475114583969116
