10_People_Marching_People_Marching_2_712.jpg
208
450 131 87 96 6.524581432342529
475 91 103 115 -0.05052486062049866
826 145 24 30 -1.4463363885879517
684 45 23 22 -1.6776922941207886
452 187 93 101 -1.7910468578338623
694 50 20 24 -2.0593972206115723
602 172 29 34 -2.21429705619812
21 52 17 20 -2.224221706390381
643 318 28 33 -2.388737678527832
561 154 28 33 -2.442899703979492
499 152 65 85 -2.6325297355651855
205 391 8 8 -2.7191450595855713
373 -4 18 25 -2.7775518894195557
382 50 30 30 -2.794747829437256
559 88 103 149 -2.829508066177368
704 32 29 33 -2.8529672622680664
864 439 17 17 -2.8813319206237793
745 177 23 28 -2.8910863399505615
706 91 23 30 -2.892850399017334
835 138 14 21 -2.905566930770874
860 444 13 17 -2.94807767868042
690 33 22 27 -3.0226356983184814
352 56 53 75 -3.030668258666992
876 225 49 59 -3.051433563232422
289 7 36 45 -3.1166110038757324
686 56 19 21 -3.1176953315734863
344 171 15 20 -3.131582260131836
368 58 175 224 -3.1550307273864746
838 251 11 16 -3.1626315116882324
712 59 50 72 -3.1679112911224365
283 654 60 72 -3.1721954345703125
558 133 168 208 -3.1965134143829346
1002 564 35 33 -3.1971051692962646
615 276 100 118 -3.1994478702545166
623 316 29 35 -3.200080633163452
666 340 12 14 -3.2037441730499268
309 308 55 64 -3.2074880599975586
231 195 104 109 -3.2132673263549805
251 194 52 61 -3.2155404090881348
756 644 51 62 -3.219449281692505
11 41 34 44 -3.2210984230041504
794 188 12 14 -3.2228927612304688
924 0 106 136 -3.2259011268615723
423 155 35 46 -3.2389397621154785
311 184 12 18 -3.2415058612823486
837 151 21 31 -3.241798162460327
681 23 106 118 -3.254027843475342
989 534 52 83 -3.2593631744384766
167 504 97 118 -3.266188144683838
885 640 48 95 -3.268904685974121
340 160 18 19 -3.271915912628174
724 141 50 72 -3.2734973430633545
451 6 23 26 -3.2768239974975586
724 304 26 30 -3.280426263809204
454 94 11 13 -3.2868001461029053
10 655 59 72 -3.2869532108306885
701 123 100 123 -3.287135124206543
461 657 53 69 -3.289717197418213
337 5 99 141 -3.291114330291748
817 288 28 31 -3.2930209636688232
874 305 91 112 -3.2954294681549072
181 457 103 109 -3.2956812381744385
163 521 44 55 -3.29601788520813
896 156 16 15 -3.302767276763916
545 35 26 31 -3.304819107055664
487 654 58 74 -3.30830454826355
834 255 53 59 -3.3113138675689697
730 177 27 38 -3.3163187503814697
542 -36 203 225 -3.3197574615478516
787 141 13 17 -3.321431875228882
462 5 29 32 -3.32326340675354
887 133 34 34 -3.3274004459381104
1011 574 15 23 -3.3296778202056885
404 650 63 70 -3.3302245140075684
964 23 56 69 -3.3340251445770264
946 298 14 20 -3.334684133529663
827 103 12 16 -3.3396477699279785
835 298 27 33 -3.339873790740967
816 152 30 43 -3.3413379192352295
983 403 18 25 -3.3423571586608887
640 218 113 134 -3.344468116760254
856 179 91 116 -3.3470370769500732
415 219 32 42 -3.348193883895874
684 656 57 72 -3.3501267433166504
977 229 40 45 -3.3519840240478516
937 94 93 104 -3.3527004718780518
908 246 56 79 -3.3593337535858154
367 139 43 60 -3.3599045276641846
817 135 23 32 -3.361562728881836
252 322 26 31 -3.3624050617218018
432 210 40 62 -3.363621473312378
697 478 8 10 -3.364976406097412
162 354 60 82 -3.373870849609375
300 341 33 45 -3.381774425506592
686 320 27 44 -3.387178659439087
185 385 35 40 -3.3894755840301514
822 -4 67 84 -3.3895421028137207
210 532 175 276 -3.3903632164001465
987 400 69 86 -3.3917770385742188
391 290 18 27 -3.3919010162353516
208 425 16 18 -3.3923330307006836
761 21 39 35 -3.3930156230926514
198 409 12 13 -3.393482208251953
838 170 32 36 -3.398969888687134
198 167 83 102 -3.3991212844848633
903 22 58 69 -3.4011740684509277
801 649 60 64 -3.4017446041107178
943 156 94 134 -3.402536630630493
785 187 24 26 -3.4025604724884033
337 293 12 15 -3.4026498794555664
931 423 26 28 -3.402874708175659
985 345 41 75 -3.4031238555908203
173 415 18 22 -3.4045276641845703
549 46 95 113 -3.4054946899414062
720 575 175 233 -3.407848358154297
787 71 16 20 -3.4083051681518555
377 283 26 33 -3.4085092544555664
926 336 25 32 -3.409824848175049
770 121 23 27 -3.410384178161621
824 229 40 47 -3.4112331867218018
198 396 17 17 -3.412557363510132
377 80 85 126 -3.412567138671875
967 393 19 24 -3.4130423069000244
411 116 39 47 -3.4133992195129395
976 369 18 21 -3.4141311645507812
631 84 56 78 -3.4152681827545166
376 97 27 39 -3.4199295043945312
802 29 26 32 -3.4206480979919434
414 655 31 43 -3.4208247661590576
657 407 16 27 -3.423257827758789
910 162 27 38 -3.4252471923828125
864 390 20 31 -3.426194906234741
308 639 53 68 -3.4279818534851074
151 388 112 118 -3.4283180236816406
408 15 16 17 -3.430523157119751
348 109 36 40 -3.4306135177612305
23 36 40 63 -3.430656671524048
859 640 47 90 -3.4309661388397217
670 49 51 80 -3.4310407638549805
322 335 51 63 -3.431117057800293
171 345 158 261 -3.4318530559539795
714 162 36 45 -3.4322495460510254
429 138 59 70 -3.4323551654815674
735 73 37 43 -3.433229446411133
661 93 50 63 -3.4333367347717285
313 113 91 125 -3.4334492683410645
514 243 51 76 -3.4335556030273438
354 427 51 70 -3.434025287628174
891 272 33 43 -3.434399127960205
95 397 15 16 -3.438579797744751
28 66 24 27 -3.440317153930664
762 245 87 104 -3.440796375274658
979 418 26 39 -3.44118595123291
259 346 35 46 -3.4427390098571777
867 375 31 39 -3.443254232406616
716 322 103 121 -3.443549633026123
954 437 30 40 -3.445064067840576
644 318 53 67 -3.4461169242858887
829 28 18 24 -3.4477007389068604
148 639 81 97 -3.4482882022857666
602 81 57 69 -3.448444128036499
762 167 18 24 -3.449392557144165
651 321 15 15 -3.4498419761657715
632 193 48 43 -3.4499435424804688
684 459 36 52 -3.45009708404541
196 501 49 65 -3.450575828552246
302 286 13 19 -3.4506642818450928
549 196 26 36 -3.4516215324401855
819 170 37 53 -3.451997995376587
452 171 22 32 -3.4521453380584717
816 196 93 135 -3.4527153968811035
967 389 48 80 -3.4535017013549805
735 195 29 37 -3.455382823944092
888 543 15 18 -3.4554977416992188
543 223 29 34 -3.456448793411255
379 410 42 58 -3.456909418106079
758 143 28 38 -3.4571003913879395
339 364 15 17 -3.457772970199585
828 21 42 39 -3.4579432010650635
327 392 104 120 -3.4587297439575195
635 6 19 27 -3.4597654342651367
657 376 36 45 -3.459902286529541
373 266 26 29 -3.4606056213378906
611 310 27 38 -3.4609696865081787
922 132 37 43 -3.4620361328125
838 450 18 22 -3.462172031402588
230 319 103 122 -3.4647204875946045
1014 546 30 43 -3.465421676635742
259 423 19 26 -3.465487480163574
663 125 23 28 -3.465765953063965
917 470 45 58 -3.4658052921295166
784 134 25 33 -3.4664840698242188
579 240 52 77 -3.466571569442749
996 424 17 21 -3.466615676879883
279 389 33 47 -3.467200994491577
398 135 36 46 -3.4672298431396484
319 432 50 72 -3.4673500061035156
642 54 17 21 -3.4680421352386475
250 432 74 96 -3.468977928161621
791 15 50 79 -3.469322443008423
232 471 50 59 -3.471021890640259
625 337 18 25 -3.4717156887054443
298 273 92 148 -3.4727261066436768
277 294 13 18 -3.4728925228118896
686 72 25 34 -3.4736998081207275
333 161 15 17 -3.473855972290039
330 176 11 17 -3.4744269847869873
465 252 30 34 -3.475872755050659
