10_People_Marching_People_Marching_10_People_Marching_People_Marching_10_228.jpg
123
943 185 8 9 -2.228868246078491
948 12 7 10 -2.3313348293304443
322 179 7 10 -2.532947540283203
132 252 8 10 -2.5697150230407715
144 251 8 9 -2.737661361694336
460 143 8 10 -2.760333299636841
457 253 34 36 -2.8771655559539795
297 274 7 9 -2.889528274536133
209 95 7 8 -2.9733223915100098
544 161 7 8 -2.9740819931030273
16 7 8 9 -3.098832607269287
885 240 189 252 -3.1274805068969727
523 223 8 10 -3.1501965522766113
17 175 7 8 -3.160677671432495
951 339 45 79 -3.1765546798706055
186 125 12 13 -3.2060344219207764
329 192 7 9 -3.225003719329834
995 254 10 12 -3.227491617202759
395 286 113 133 -3.2378926277160645
924 33 8 9 -3.2389614582061768
193 35 8 9 -3.2429659366607666
97 191 8 9 -3.245215892791748
532 156 8 9 -3.2458550930023193
543 231 192 238 -3.248311758041382
246 78 401 490 -3.248598575592041
427 235 16 20 -3.2494707107543945
251 288 16 21 -3.251311779022217
208 270 15 18 -3.2538819313049316
339 63 8 9 -3.259779930114746
926 137 48 65 -3.274747610092163
771 352 75 66 -3.2789759635925293
257 64 7 9 -3.2860116958618164
971 238 29 35 -3.28745436668396
396 346 64 70 -3.2879247665405273
18 343 61 63 -3.2920703887939453
1010 86 21 28 -3.293830633163452
522 300 115 128 -3.2942662239074707
410 252 12 16 -3.309065103530884
224 172 9 9 -3.3165063858032227
524 208 7 9 -3.319809913635254
585 335 53 66 -3.3218495845794678
689 311 14 16 -3.323052167892456
247 140 49 80 -3.3350868225097656
802 76 27 31 -3.337386131286621
337 92 8 9 -3.338266134262085
10 223 12 15 -3.33951735496521
637 350 61 57 -3.3403830528259277
100 203 15 15 -3.343442440032959
739 359 56 60 -3.34523344039917
760 164 8 9 -3.349358558654785
246 269 13 17 -3.351047992706299
1000 67 8 9 -3.352724075317383
178 209 239 243 -3.354022264480591
440 250 36 49 -3.3588013648986816
177 229 77 82 -3.3622303009033203
752 152 7 8 -3.3649160861968994
442 350 63 57 -3.3668160438537598
463 192 15 18 -3.369657516479492
574 54 13 18 -3.3718323707580566
607 350 49 82 -3.3720715045928955
786 353 33 40 -3.3721694946289062
444 243 94 133 -3.374143362045288
964 224 68 99 -3.376133918762207
-70 -236 690 930 -3.3797903060913086
312 60 7 8 -3.3828322887420654
974 342 43 89 -3.3848235607147217
265 162 36 35 -3.3879270553588867
216 14 14 17 -3.39402174949646
695 343 82 86 -3.3964996337890625
382 216 15 16 -3.402534008026123
160 92 8 8 -3.402564525604248
204 88 7 9 -3.4041242599487305
701 224 21 29 -3.405146598815918
101 192 22 31 -3.405362367630005
854 340 49 79 -3.4088025093078613
287 285 26 26 -3.411466121673584
52 349 37 45 -3.4118223190307617
679 219 41 58 -3.414686679840088
935 15 7 8 -3.4159257411956787
921 299 105 137 -3.418121337890625
29 258 34 38 -3.4185214042663574
743 165 13 14 -3.4246771335601807
698 245 15 22 -3.424750328063965
494 266 44 67 -3.4255740642547607
512 205 7 9 -3.4294228553771973
781 233 184 255 -3.430565595626831
553 248 48 65 -3.4345498085021973
319 159 31 27 -3.4358978271484375
760 148 21 31 -3.4370272159576416
209 249 36 45 -3.437760353088379
592 179 7 9 -3.4396777153015137
25 188 7 8 -3.4401421546936035
695 279 21 25 -3.440558671951294
761 332 47 64 -3.442495822906494
468 276 14 20 -3.442613124847412
532 295 27 37 -3.4427733421325684
148 161 11 15 -3.445011854171753
676 255 193 201 -3.4475324153900146
84 180 35 41 -3.448509454727173
22 180 38 47 -3.449030876159668
237 104 7 8 -3.451232433319092
469 237 24 27 -3.4519295692443848
616 71 15 19 -3.454329013824463
451 193 20 33 -3.4544057846069336
487 233 14 14 -3.455989360809326
767 190 14 18 -3.458153247833252
127 258 21 28 -3.458895206451416
372 221 23 25 -3.4613401889801025
931 181 31 37 -3.461508274078369
671 321 68 90 -3.462653875350952
801 145 15 16 -3.4642419815063477
352 65 56 82 -3.4662868976593018
210 273 31 38 -3.4676942825317383
393 68 7 9 -3.4687514305114746
389 237 12 18 -3.469569206237793
505 116 8 8 -3.4696879386901855
180 220 8 8 -3.470003604888916
140 10 53 78 -3.4709532260894775
311 354 12 13 -3.471564292907715
761 231 14 18 -3.471658706665039
458 135 13 16 -3.4732885360717773
168 62 25 41 -3.4744904041290283
363 330 40 46 -3.475391387939453
