10_People_Marching_People_Marching_10_People_Marching_People_Marching_10_706.jpg
111
670 126 103 141 4.837728023529053
168 37 120 168 3.510742664337158
544 101 76 113 -0.13144239783287048
503 158 16 19 -1.601136565208435
890 85 15 19 -1.6828958988189697
873 84 14 20 -2.019141435623169
530 125 53 68 -2.2454404830932617
486 311 18 17 -2.595336437225342
880 84 17 22 -2.7402350902557373
223 163 63 67 -2.8716235160827637
354 763 41 50 -3.0290451049804688
832 152 7 9 -3.0665335655212402
809 110 8 9 -3.0781564712524414
591 304 15 16 -3.1036837100982666
376 696 7 9 -3.1079838275909424
97 73 157 263 -3.1982905864715576
938 773 26 40 -3.2000322341918945
623 411 357 510 -3.2091684341430664
501 765 27 46 -3.211210250854492
265 773 24 30 -3.214724063873291
1004 227 7 9 -3.2193408012390137
1012 217 15 22 -3.2304272651672363
511 168 15 17 -3.2336678504943848
890 772 31 36 -3.2596275806427
516 767 31 34 -3.260805368423462
679 769 28 42 -3.2633056640625
638 743 104 104 -3.263634204864502
637 177 90 111 -3.2642929553985596
742 685 135 184 -3.2672905921936035
640 305 14 15 -3.2701258659362793
952 778 30 35 -3.2845401763916016
584 287 14 18 -3.285475254058838
568 303 14 16 -3.292701244354248
801 93 13 18 -3.302518606185913
577 301 29 33 -3.322709321975708
1013 232 13 18 -3.3269803524017334
538 773 32 33 -3.340374231338501
496 236 29 33 -3.340859889984131
888 304 9 10 -3.3455963134765625
478 304 29 36 -3.35054349899292
875 64 30 41 -3.35595703125
991 693 49 53 -3.356031656265259
1010 261 19 24 -3.3574752807617188
488 767 26 35 -3.3649983406066895
816 771 34 44 -3.366713047027588
906 769 28 35 -3.368337392807007
491 21 67 84 -3.371483325958252
773 120 7 9 -3.375511646270752
-88 487 427 611 -3.379002332687378
247 635 49 63 -3.3791158199310303
833 726 96 124 -3.3792800903320312
464 279 58 62 -3.3811497688293457
1010 716 20 28 -3.3819046020507812
708 771 31 33 -3.3820242881774902
996 454 65 85 -3.3837099075317383
132 253 50 61 -3.3873186111450195
750 772 24 31 -3.390596866607666
662 772 28 34 -3.3934099674224854
845 125 7 8 -3.393484115600586
246 614 92 120 -3.395617961883545
625 138 22 25 -3.403047800064087
1009 242 18 26 -3.4035258293151855
323 730 104 126 -3.404778003692627
515 152 14 17 -3.4101786613464355
932 187 23 28 -3.4111783504486084
949 55 43 51 -3.414863109588623
227 709 95 127 -3.4150753021240234
825 547 12 16 -3.4179036617279053
44 672 169 235 -3.4186108112335205
613 638 41 42 -3.4193313121795654
861 756 44 51 -3.420677661895752
601 104 57 67 -3.4251065254211426
502 145 20 20 -3.4256081581115723
13 335 15 20 -3.427082061767578
475 288 35 30 -3.4313321113586426
388 225 58 90 -3.4354233741760254
997 74 18 26 -3.4373528957366943
992 640 37 54 -3.4385600090026855
366 772 20 29 -3.442660331726074
244 757 54 62 -3.442964553833008
21 440 9 10 -3.4454851150512695
425 515 24 28 -3.4467761516571045
428 11 7 8 -3.447845458984375
18 125 20 27 -3.44954776763916
801 116 7 9 -3.4497554302215576
13 244 7 9 -3.4509825706481934
718 596 94 145 -3.451230525970459
769 110 20 29 -3.454270362854004
633 773 27 30 -3.4545114040374756
1012 684 17 26 -3.4547858238220215
149 277 8 8 -3.4555792808532715
502 236 118 144 -3.4559736251831055
850 463 25 30 -3.457240581512451
1007 601 32 55 -3.457606315612793
690 455 24 29 -3.459111452102661
44 505 22 36 -3.4592931270599365
-2 436 30 31 -3.462993621826172
69 455 32 25 -3.4640185832977295
771 464 83 101 -3.4641687870025635
859 453 42 48 -3.46429705619812
306 530 19 28 -3.4645144939422607
906 68 17 23 -3.4646785259246826
734 146 11 18 -3.466716766357422
376 403 58 63 -3.4674129486083984
507 751 49 73 -3.469831705093384
21 385 137 187 -3.470029592514038
124 299 47 73 -3.472395896911621
850 93 11 16 -3.4738781452178955
693 769 30 33 -3.4749748706817627
228 432 17 26 -3.475118637084961
503 776 18 20 -3.475666046142578
