10_People_Marching_People_Marching_2_297.jpg
128
940 15 13 16 -2.1990551948547363
296 467 94 111 -2.293402910232544
232 13 16 18 -2.6092097759246826
681 276 9 11 -2.851499319076538
140 455 8 10 -2.9062633514404297
869 420 7 9 -2.9416394233703613
682 432 21 22 -2.9875621795654297
669 264 7 9 -3.073568105697632
623 17 16 16 -3.1128129959106445
500 336 7 9 -3.1340885162353516
489 367 13 16 -3.1538844108581543
548 450 23 25 -3.1545724868774414
674 440 24 28 -3.171628475189209
675 422 13 16 -3.1882760524749756
743 423 20 24 -3.194178819656372
815 433 10 14 -3.2009072303771973
717 644 56 82 -3.203272819519043
387 416 24 31 -3.2058939933776855
474 84 28 32 -3.229921340942383
250 415 98 164 -3.231778144836426
528 17 18 16 -3.2469801902770996
1005 89 32 41 -3.27164626121521
237 195 35 43 -3.2738821506500244
662 259 7 8 -3.2769365310668945
432 6 18 19 -3.278022289276123
440 455 8 10 -3.283212423324585
752 415 8 9 -3.3047046661376953
618 555 184 254 -3.3057212829589844
224 0 31 35 -3.3069920539855957
424 455 14 23 -3.3091814517974854
441 479 7 9 -3.3105249404907227
61 640 53 63 -3.3115828037261963
404 528 184 271 -3.313588857650757
256 137 17 16 -3.324362277984619
475 425 11 14 -3.32895827293396
224 635 80 84 -3.330932378768921
846 648 55 72 -3.3375980854034424
218 443 23 24 -3.3380472660064697
936 637 55 60 -3.3428494930267334
716 408 13 16 -3.3522088527679443
640 422 16 18 -3.3539843559265137
372 142 13 19 -3.3546345233917236
320 213 24 37 -3.356802463531494
732 422 19 26 -3.3573505878448486
471 447 23 26 -3.3587560653686523
105 438 7 9 -3.36274790763855
193 215 7 9 -3.3635025024414062
729 78 15 17 -3.3647029399871826
645 411 17 27 -3.3748466968536377
748 435 9 11 -3.3784947395324707
307 276 12 15 -3.3833940029144287
833 388 8 9 -3.384036064147949
219 -9 59 84 -3.386207103729248
1000 7 8 9 -3.386713981628418
589 205 30 37 -3.388115882873535
807 425 15 15 -3.3912317752838135
566 356 30 36 -3.391408681869507
488 451 8 10 -3.392162799835205
433 21 61 65 -3.393503189086914
752 431 14 19 -3.3936429023742676
568 177 49 72 -3.3964743614196777
741 415 8 9 -3.3964836597442627
1010 457 17 27 -3.3966140747070312
627 21 8 9 -3.4002225399017334
851 396 27 36 -3.401416063308716
559 15 45 56 -3.4033942222595215
401 68 100 129 -3.4045231342315674
690 441 16 22 -3.4064717292785645
26 662 56 52 -3.4066972732543945
770 408 11 15 -3.4108448028564453
928 76 37 57 -3.413771867752075
329 227 15 15 -3.415099859237671
327 22 98 106 -3.4165048599243164
534 438 30 32 -3.4165523052215576
763 402 29 38 -3.4171156883239746
993 67 59 76 -3.417938709259033
515 378 40 40 -3.421637535095215
698 393 19 23 -3.422382354736328
484 2 31 39 -3.42405104637146
455 39 83 104 -3.425952196121216
197 13 17 20 -3.4263861179351807
322 16 16 20 -3.4273247718811035
723 403 38 46 -3.427611827850342
415 443 25 25 -3.427823066711426
237 424 13 17 -3.432610511779785
570 11 184 237 -3.4326846599578857
424 89 15 26 -3.4373841285705566
736 64 14 15 -3.4377429485321045
676 398 19 21 -3.438009023666382
425 466 9 11 -3.4383058547973633
758 390 15 16 -3.439211130142212
572 460 27 37 -3.4394853115081787
778 415 14 20 -3.442439079284668
490 357 44 50 -3.442645311355591
613 433 33 36 -3.442795515060425
895 382 10 14 -3.4460277557373047
198 60 182 210 -3.4497787952423096
1012 239 13 23 -3.451507806777954
-19 616 90 99 -3.4517838954925537
424 410 36 47 -3.4533958435058594
346 280 7 8 -3.453803777694702
729 194 8 9 -3.4546499252319336
672 376 103 113 -3.455690383911133
505 632 64 94 -3.4558446407318115
391 219 22 26 -3.4564881324768066
173 401 119 126 -3.4591798782348633
455 206 30 38 -3.4593710899353027
686 380 39 52 -3.459947109222412
750 80 17 27 -3.461742877960205
825 383 14 16 -3.461984157562256
332 433 22 28 -3.462445020675659
296 422 27 31 -3.4639525413513184
324 443 53 73 -3.465178966522217
809 419 20 31 -3.46592378616333
245 653 42 49 -3.4672670364379883
758 170 47 70 -3.46760630607605
885 158 57 68 -3.468421697616577
577 374 30 42 -3.4686779975891113
1007 140 30 33 -3.468796968460083
620 396 22 25 -3.4692139625549316
244 100 18 27 -3.4698216915130615
483 461 11 16 -3.470913887023926
275 427 22 27 -3.4716591835021973
329 77 99 138 -3.471794843673706
721 16 14 16 -3.4724740982055664
213 21 15 19 -3.473693370819092
554 399 34 46 -3.4738247394561768
259 46 21 30 -3.474990129470825
