10_People_Marching_People_Marching_2_344.jpg
101
257 476 8 9 -1.8019461631774902
112 403 8 10 -2.3500733375549316
747 236 9 9 -2.50870943069458
493 524 8 10 -2.5316286087036133
649 299 8 10 -2.865729331970215
233 244 10 14 -2.8988547325134277
247 285 11 13 -3.0294666290283203
580 356 8 8 -3.0317916870117188
855 645 50 86 -3.111408233642578
345 148 7 8 -3.1241273880004883
712 235 8 9 -3.1247353553771973
268 135 101 161 -3.1311848163604736
769 236 8 9 -3.1508941650390625
-167 113 736 970 -3.180396795272827
251 467 95 127 -3.199511766433716
741 269 8 9 -3.2046518325805664
560 434 8 10 -3.214010000228882
575 644 60 61 -3.2161881923675537
770 238 10 12 -3.222869396209717
270 519 10 9 -3.2399725914001465
280 492 8 10 -3.2402913570404053
946 651 66 61 -3.2419545650482178
650 628 71 74 -3.2503623962402344
797 583 187 234 -3.268079996109009
672 388 8 10 -3.281480073928833
713 238 13 17 -3.2841269969940186
333 70 15 19 -3.2885329723358154
526 123 31 48 -3.2994565963745117
1 633 85 85 -3.3004379272460938
691 241 20 29 -3.301987648010254
234 107 11 15 -3.30552339553833
964 16 91 99 -3.3118855953216553
742 238 10 13 -3.3134055137634277
793 248 8 9 -3.3206582069396973
512 444 8 9 -3.3227946758270264
535 393 47 75 -3.3240342140197754
160 443 8 9 -3.3358864784240723
186 70 54 69 -3.3429789543151855
240 357 191 237 -3.3478567600250244
104 320 8 8 -3.3490962982177734
967 31 12 17 -3.3545544147491455
240 487 51 63 -3.359604835510254
217 199 29 31 -3.359889030456543
534 640 54 66 -3.363429307937622
723 124 13 16 -3.3646388053894043
194 292 12 17 -3.3647024631500244
512 276 48 79 -3.367555618286133
764 247 7 9 -3.3684473037719727
222 649 64 58 -3.371774196624756
-58 513 357 399 -3.3720715045928955
345 532 7 9 -3.376732349395752
197 646 49 91 -3.396545886993408
469 402 65 71 -3.3968505859375
820 472 53 70 -3.398155689239502
306 656 64 59 -3.4007649421691895
596 543 175 244 -3.401259183883667
155 523 182 224 -3.4034461975097656
208 427 88 169 -3.4050326347351074
187 354 26 37 -3.4113121032714844
553 429 101 102 -3.4117918014526367
35 358 18 19 -3.4131810665130615
232 203 25 26 -3.4139657020568848
713 225 7 8 -3.4160256385803223
207 214 15 19 -3.421480894088745
885 643 47 67 -3.424227714538574
269 478 45 73 -3.426210403442383
554 421 19 24 -3.4268808364868164
557 599 108 145 -3.4278407096862793
602 287 48 60 -3.4314591884613037
684 231 21 28 -3.431753635406494
443 332 105 133 -3.432138204574585
218 554 39 43 -3.435443639755249
815 593 15 22 -3.4380738735198975
222 226 24 41 -3.439960479736328
132 331 8 8 -3.439988136291504
823 21 36 32 -3.4402847290039062
493 502 16 20 -3.4414196014404297
598 464 7 9 -3.4436182975769043
301 284 100 126 -3.443765878677368
224 183 59 74 -3.4446144104003906
298 543 90 117 -3.4489197731018066
939 259 18 24 -3.4505491256713867
340 159 838 957 -3.453338623046875
605 658 40 63 -3.454061985015869
630 304 57 70 -3.45487380027771
787 525 20 20 -3.4551730155944824
1008 432 21 31 -3.4555137157440186
390 418 21 28 -3.4561448097229004
704 228 15 15 -3.460984468460083
179 344 53 79 -3.461082696914673
770 321 94 144 -3.4617128372192383
198 49 94 108 -3.4630749225616455
839 245 50 65 -3.463792324066162
409 379 99 126 -3.463906764984131
936 215 40 60 -3.464994430541992
512 432 8 9 -3.4682559967041016
947 190 93 97 -3.4699008464813232
803 222 45 52 -3.4707536697387695
205 226 50 71 -3.4726061820983887
642 211 34 39 -3.475327968597412
204 431 56 67 -3.4755802154541016
