10_People_Marching_People_Marching_2_458.jpg
67
802 181 47 54 3.2250308990478516
533 139 42 62 3.1042957305908203
878 167 44 50 -1.313861608505249
635 200 43 53 -1.8610477447509766
147 201 28 37 -1.8752903938293457
441 204 7 8 -2.569549560546875
590 145 42 48 -2.865427255630493
691 533 228 279 -2.9542834758758545
50 242 26 31 -3.0054192543029785
434 259 27 33 -3.013009548187256
549 213 25 28 -3.020193099975586
826 197 33 52 -3.0385313034057617
891 188 36 47 -3.1384785175323486
648 303 15 16 -3.149142265319824
445 145 28 30 -3.19169545173645
792 176 15 17 -3.2033050060272217
814 564 208 265 -3.2121100425720215
607 519 193 228 -3.2130849361419678
471 546 196 234 -3.2461624145507812
800 637 50 87 -3.2591943740844727
144 191 54 70 -3.270237445831299
362 530 187 261 -3.2786524295806885
-285 104 922 1038 -3.2806649208068848
901 624 99 107 -3.289736270904541
739 641 91 93 -3.2900359630584717
959 184 14 17 -3.29598069190979
-71 563 190 228 -3.3364126682281494
518 350 14 20 -3.3456172943115234
656 304 15 16 -3.346930503845215
848 627 86 103 -3.3528637886047363
686 640 51 73 -3.35331392288208
316 487 7 9 -3.3554322719573975
815 295 15 17 -3.3590826988220215
1005 94 30 31 -3.3638503551483154
63 287 31 34 -3.366166830062866
369 247 14 15 -3.368326425552368
534 646 62 64 -3.3800244331359863
994 76 54 71 -3.3806140422821045
547 222 13 17 -3.383087158203125
987 72 14 16 -3.386073589324951
427 645 57 65 -3.386387348175049
477 302 34 36 -3.398460626602173
191 155 29 28 -3.403263568878174
156 175 28 52 -3.405294895172119
949 170 27 28 -3.4128804206848145
432 216 14 16 -3.4193265438079834
713 64 14 17 -3.4232852458953857
64 649 50 80 -3.423609495162964
592 185 48 67 -3.424283981323242
582 650 54 71 -3.4276986122131348
-5 655 59 55 -3.4332685470581055
967 651 49 75 -3.4333393573760986
-32 526 320 380 -3.4344935417175293
105 58 187 248 -3.4372944831848145
479 70 104 126 -3.44791316986084
108 341 17 25 -3.4494118690490723
52 164 116 145 -3.4515655040740967
586 336 31 41 -3.451801300048828
431 272 52 75 -3.4558463096618652
552 609 106 121 -3.458162307739258
226 494 113 144 -3.4590506553649902
708 559 112 137 -3.4594852924346924
461 343 13 16 -3.4627907276153564
936 158 50 66 -3.4695215225219727
455 -28 112 148 -3.4733803272247314
548 372 28 34 -3.474135637283325
721 303 14 15 -3.4757847785949707
