10_People_Marching_People_Marching_2_286.jpg
104
785 219 15 16 -1.9663121700286865
4 233 28 37 -2.5903406143188477
351 620 43 44 -2.995218515396118
250 613 42 50 -3.027165412902832
760 191 8 9 -3.0388455390930176
944 615 40 46 -3.0497169494628906
776 151 15 17 -3.053907632827759
96 629 25 44 -3.0740082263946533
140 248 7 9 -3.0922913551330566
551 617 41 48 -3.1071829795837402
422 614 43 48 -3.1250908374786377
3 626 29 40 -3.1347556114196777
626 624 42 45 -3.139718532562256
769 168 15 18 -3.149580240249634
912 208 210 291 -3.1535675525665283
759 189 15 16 -3.1584959030151367
391 616 42 47 -3.1723530292510986
62 571 94 115 -3.1968283653259277
584 618 42 45 -3.200533628463745
605 621 40 44 -3.2134103775024414
-25 585 93 121 -3.213715076446533
982 284 70 97 -3.2284629344940186
934 310 122 136 -3.233910083770752
853 615 40 45 -3.264040946960449
497 516 7 8 -3.2655255794525146
886 528 51 65 -3.2715201377868652
532 575 118 135 -3.2879157066345215
922 617 41 46 -3.289630174636841
545 406 15 18 -3.293524980545044
143 620 29 38 -3.29976487159729
299 580 131 132 -3.304874897003174
620 124 7 8 -3.3117079734802246
475 615 38 49 -3.3137741088867188
624 290 40 47 -3.3138484954833984
604 236 183 248 -3.3403708934783936
379 580 114 134 -3.3585638999938965
103 243 8 10 -3.3592467308044434
775 615 40 45 -3.3647265434265137
165 623 26 50 -3.3686816692352295
901 586 102 121 -3.3756229877471924
109 625 24 46 -3.376150608062744
1014 155 17 26 -3.3792002201080322
130 630 29 35 -3.38969349861145
421 135 15 22 -3.3900599479675293
328 614 43 49 -3.393495798110962
206 575 116 141 -3.397705316543579
113 238 12 18 -3.3991599082946777
708 319 56 74 -3.399548292160034
129 571 91 124 -3.3996431827545166
212 615 41 48 -3.399653673171997
163 339 46 64 -3.401118040084839
794 575 118 132 -3.4055588245391846
388 222 101 137 -3.410813093185425
498 625 28 42 -3.4158713817596436
1014 115 14 16 -3.420233726501465
897 615 42 48 -3.4227042198181152
219 292 48 59 -3.4270968437194824
369 507 8 9 -3.4290058612823486
801 94 15 19 -3.430809259414673
839 630 36 36 -3.432267665863037
840 80 55 60 -3.4325385093688965
619 133 15 15 -3.4333019256591797
97 278 32 41 -3.436826229095459
494 166 29 35 -3.4399490356445312
236 629 36 38 -3.4431746006011963
239 269 17 23 -3.4432919025421143
613 432 25 31 -3.4433045387268066
502 125 30 36 -3.4434070587158203
534 60 40 58 -3.4462337493896484
46 295 43 54 -3.447068929672241
10 294 46 46 -3.44795560836792
344 32 18 21 -3.449958086013794
379 630 34 36 -3.4530463218688965
583 155 40 50 -3.4539198875427246
447 570 117 144 -3.4541611671447754
598 339 31 33 -3.4550821781158447
513 192 15 17 -3.4559807777404785
794 177 74 94 -3.4564342498779297
728 570 120 146 -3.456817150115967
807 80 91 119 -3.456958532333374
375 324 47 55 -3.4574508666992188
822 198 38 45 -3.4600625038146973
481 632 23 24 -3.4602553844451904
438 178 177 243 -3.461472511291504
537 400 27 32 -3.462099552154541
859 176 44 55 -3.4622209072113037
418 262 20 26 -3.464423894882202
604 119 8 10 -3.465477705001831
734 256 28 41 -3.4659583568573
747 117 66 87 -3.4670004844665527
127 283 31 44 -3.4671149253845215
485 366 103 137 -3.4680309295654297
49 90 40 55 -3.4681649208068848
414 252 18 25 -3.468808889389038
253 174 21 24 -3.4696497917175293
353 632 26 22 -3.470367908477783
615 108 18 25 -3.472921371459961
942 23 54 69 -3.47352933883667
406 629 24 26 -3.4735360145568848
187 613 24 27 -3.473605155944824
813 614 42 49 -3.47390079498291
968 620 24 37 -3.4739954471588135
121 58 15 19 -3.4742794036865234
951 168 110 200 -3.475942850112915
