25_Soldier_Patrol_Soldier_Patrol_25_418
44
493 294 66 83 0.877
24 364 18 21 0.758
227 374 16 20 0.748
73 378 13 15 0.701
754 375 14 16 0.667
298 380 13 17 0.622
869 357 19 25 0.617
207 374 16 19 0.595
639 372 10 13 0.513
655 374 11 15 0.454
406 369 17 21 0.454
182 376 11 12 0.447
112 376 12 14 0.416
581 368 18 27 0.389
273 377 13 14 0.384
911 372 13 18 0.381
0 376 7 14 0.310
128 382 10 11 0.306
115 376 15 15 0.121
635 372 34 14 0.102
706 379 8 9 0.097
266 412 9 12 0.090
325 366 11 12 0.078
352 366 15 23 0.073
279 376 13 14 0.072
789 380 9 10 0.070
576 375 20 25 0.067
131 381 10 12 0.064
703 378 8 10 0.059
814 378 11 12 0.048
170 412 9 10 0.043
436 348 13 14 0.041
214 374 16 18 0.041
341 346 9 10 0.036
170 378 25 12 0.029
113 380 14 13 0.027
177 381 12 16 0.026
792 382 8 9 0.025
907 366 20 23 0.023
169 386 15 10 0.023
707 382 8 8 0.022
381 369 15 20 0.021
189 376 11 13 0.021
46 420 12 15 0.020
