25_Soldier_Patrol_Soldier_Patrol_25_1006
144
474 332 40 48 0.851
576 260 34 38 0.846
480 264 29 33 0.842
721 302 37 40 0.837
782 279 32 31 0.834
635 381 47 51 0.824
368 306 38 44 0.821
155 394 43 50 0.815
291 284 30 34 0.807
200 271 28 32 0.805
467 527 60 61 0.804
180 208 28 29 0.796
443 217 24 26 0.796
546 230 23 27 0.795
587 195 23 25 0.793
793 231 26 27 0.788
70 364 37 41 0.784
96 243 26 29 0.784
658 252 26 26 0.783
821 207 23 24 0.776
301 462 47 46 0.771
368 245 27 30 0.771
286 231 26 27 0.769
755 176 20 21 0.765
717 157 17 19 0.763
505 205 21 24 0.761
553 170 19 22 0.754
723 191 19 21 0.744
639 184 19 21 0.742
437 185 19 20 0.738
602 167 17 21 0.734
678 162 16 19 0.734
278 198 19 22 0.733
365 206 20 22 0.732
685 219 23 25 0.731
734 123 13 15 0.725
482 166 19 21 0.718
795 146 17 19 0.710
877 151 16 19 0.707
855 161 18 19 0.702
679 100 11 12 0.698
644 145 15 19 0.692
628 128 12 15 0.677
552 131 13 15 0.677
755 142 14 16 0.672
840 129 13 16 0.668
819 144 14 16 0.667
670 140 15 19 0.662
610 129 14 15 0.659
696 137 12 15 0.633
764 111 11 13 0.631
584 119 13 15 0.623
831 85 11 14 0.623
807 110 12 15 0.614
902 122 15 16 0.603
916 100 13 15 0.596
433 164 17 19 0.589
0 326 18 29 0.589
583 144 15 17 0.587
779 92 10 12 0.567
536 170 16 19 0.564
367 182 19 20 0.564
860 90 11 14 0.562
708 76 11 13 0.561
937 62 10 13 0.556
640 120 10 11 0.556
658 120 12 13 0.553
524 135 14 16 0.549
831 59 9 11 0.541
712 128 12 14 0.537
887 76 11 13 0.519
698 87 10 12 0.508
820 107 11 13 0.504
681 118 13 14 0.498
854 75 10 11 0.472
922 70 11 13 0.447
794 123 11 13 0.442
742 74 10 12 0.429
812 77 10 12 0.428
800 79 10 13 0.422
737 105 11 13 0.421
778 125 12 15 0.397
845 194 16 19 0.373
751 86 10 12 0.292
867 69 9 11 0.279
777 72 11 13 0.274
634 122 13 15 0.259
877 90 10 13 0.232
807 107 21 14 0.220
929 83 11 14 0.218
862 90 21 13 0.202
699 81 13 19 0.198
727 105 11 13 0.190
780 71 11 12 0.181
801 80 21 11 0.175
508 231 20 22 0.174
683 126 14 18 0.173
614 115 13 13 0.173
854 89 11 14 0.148
723 80 9 12 0.144
580 141 18 28 0.142
884 74 15 23 0.138
679 95 12 28 0.136
934 60 13 23 0.119
921 89 17 22 0.115
751 82 13 15 0.107
882 138 15 18 0.099
899 68 10 13 0.097
743 67 11 32 0.092
758 105 20 67 0.073
765 130 13 14 0.071
549 129 12 15 0.071
821 108 15 14 0.066
798 116 14 17 0.060
831 135 17 16 0.060
584 110 30 52 0.057
849 89 11 13 0.056
542 123 59 24 0.054
440 179 19 24 0.052
890 72 9 13 0.052
849 72 13 13 0.049
770 64 12 20 0.048
702 94 11 20 0.046
778 174 13 16 0.045
885 133 17 17 0.036
665 148 78 35 0.033
781 61 10 9 0.033
819 83 61 23 0.032
957 20 16 22 0.031
380 3 8 11 0.030
791 91 10 13 0.029
786 66 23 13 0.029
860 61 9 10 0.029
840 113 14 15 0.027
772 61 10 9 0.026
719 113 14 20 0.026
751 66 24 10 0.025
921 33 16 112 0.024
873 234 12 19 0.024
857 58 47 55 0.023
704 104 12 18 0.023
931 81 16 18 0.022
588 113 9 10 0.021
925 98 13 16 0.021
