53_Raid_policeraid_53_606
50
303 319 38 45 0.850
315 476 102 124 0.838
514 297 34 43 0.836
276 384 39 47 0.825
304 225 35 37 0.824
735 35 25 35 0.814
494 131 25 30 0.813
419 304 37 43 0.809
821 361 41 44 0.808
562 288 34 38 0.807
617 109 26 33 0.797
336 172 25 31 0.782
533 141 23 27 0.761
955 409 39 53 0.754
172 392 39 43 0.746
400 224 29 28 0.723
429 116 23 26 0.701
203 380 30 39 0.698
737 363 42 52 0.683
343 136 27 30 0.649
658 451 96 110 0.621
424 373 35 41 0.552
542 379 41 45 0.525
655 289 27 35 0.492
672 351 34 44 0.476
669 301 33 36 0.431
588 148 19 23 0.392
659 295 36 37 0.387
523 425 48 80 0.369
328 118 27 28 0.342
24 400 41 44 0.273
404 430 71 106 0.257
675 377 33 47 0.222
393 470 68 82 0.123
143 404 53 62 0.107
0 508 34 118 0.106
312 286 33 34 0.099
1006 406 18 44 0.095
337 154 29 45 0.080
400 233 31 30 0.076
691 137 18 25 0.076
335 116 31 29 0.075
373 128 18 22 0.061
164 444 48 66 0.059
994 409 30 49 0.051
667 346 26 37 0.037
690 70 23 30 0.030
763 366 33 39 0.029
585 150 16 22 0.022
675 354 24 30 0.020
