53_Raid_policeraid_53_45
31
823 110 69 82 0.817
101 153 32 39 0.802
299 129 38 48 0.774
412 131 46 54 0.766
177 148 32 42 0.752
695 145 30 40 0.751
540 123 52 63 0.715
2 166 24 34 0.691
489 157 22 29 0.598
1015 141 9 16 0.364
763 149 24 29 0.323
620 149 24 30 0.263
265 174 21 24 0.172
987 142 10 12 0.140
1012 116 9 9 0.102
951 150 14 18 0.090
978 122 8 8 0.085
669 187 11 12 0.081
764 171 16 19 0.075
535 132 40 50 0.057
962 130 11 14 0.056
984 141 12 12 0.052
983 183 15 18 0.047
43 171 29 37 0.047
1006 201 11 12 0.035
611 164 27 35 0.032
1007 126 7 9 0.031
503 177 23 28 0.028
960 129 9 12 0.024
977 138 23 17 0.022
14 213 21 29 0.020
