53_Raid_policeraid_53_781
120
608 316 14 18 0.752
244 359 14 17 0.712
489 327 14 17 0.686
397 336 14 17 0.678
434 347 15 19 0.654
331 322 12 15 0.653
50 423 17 21 0.643
450 334 13 15 0.639
665 364 13 18 0.616
369 335 13 15 0.611
200 390 15 18 0.577
544 324 12 16 0.565
68 367 16 20 0.555
527 326 12 16 0.543
604 381 14 18 0.492
620 339 12 14 0.491
341 341 14 17 0.488
169 363 16 18 0.478
306 354 14 16 0.454
186 348 13 15 0.435
254 395 15 17 0.430
344 382 15 16 0.399
223 351 13 15 0.382
212 441 16 20 0.368
606 479 13 20 0.355
506 326 12 15 0.344
283 354 14 15 0.340
243 341 16 17 0.329
419 335 11 14 0.305
81 330 12 16 0.292
571 327 13 16 0.282
528 324 28 15 0.242
669 338 14 16 0.237
308 337 12 14 0.227
96 347 14 16 0.210
416 331 11 13 0.203
315 353 17 15 0.189
140 360 15 17 0.185
684 332 12 14 0.173
730 345 13 15 0.160
305 373 14 17 0.149
553 339 12 15 0.141
295 341 13 16 0.134
247 330 14 16 0.131
562 327 24 17 0.130
459 359 13 16 0.125
210 350 26 16 0.122
1002 161 20 22 0.120
835 341 14 16 0.119
286 351 33 18 0.108
312 340 15 18 0.106
757 345 13 14 0.100
151 312 10 14 0.093
808 342 14 15 0.091
556 362 13 16 0.087
324 351 27 18 0.085
277 351 15 17 0.085
230 395 15 17 0.085
502 354 13 16 0.083
239 343 14 16 0.075
128 373 13 15 0.073
112 352 16 20 0.066
992 447 21 25 0.065
323 388 18 19 0.063
604 374 15 20 0.061
680 333 14 18 0.059
783 344 12 14 0.057
145 360 15 18 0.055
256 346 50 26 0.055
101 350 25 21 0.054
1012 178 12 30 0.053
277 331 10 12 0.053
216 356 16 18 0.051
82 327 24 52 0.051
292 280 9 11 0.050
315 444 15 16 0.050
341 355 13 15 0.050
48 390 18 22 0.050
410 350 11 14 0.049
554 346 13 18 0.049
54 359 17 19 0.049
509 330 13 15 0.044
269 340 13 19 0.043
416 329 9 10 0.043
500 328 14 18 0.042
297 337 12 14 0.041
117 445 18 20 0.039
642 341 11 13 0.038
284 342 24 21 0.037
319 393 20 22 0.036
61 359 15 19 0.035
71 371 17 23 0.033
135 272 10 12 0.033
15 347 14 17 0.033
336 357 13 15 0.033
694 320 11 12 0.031
724 346 44 13 0.031
542 339 13 15 0.031
50 385 21 41 0.031
245 350 15 19 0.031
227 403 14 18 0.030
403 342 16 18 0.030
0 353 10 22 0.030
702 365 11 14 0.029
211 366 14 17 0.029
1007 168 16 35 0.028
313 378 18 20 0.027
152 271 9 10 0.027
112 345 15 17 0.026
579 327 11 13 0.026
17 348 20 18 0.025
218 440 15 21 0.024
488 377 15 17 0.024
268 430 17 20 0.024
660 350 10 20 0.024
569 325 11 14 0.024
310 316 12 15 0.022
420 329 8 9 0.021
346 383 27 18 0.021
338 333 17 18 0.020
