53_Raid_policeraid_53_124
27
629 36 52 57 0.834
169 86 35 40 0.810
386 31 45 51 0.794
0 119 27 33 0.772
918 65 29 41 0.597
516 108 23 25 0.536
246 109 28 29 0.490
473 99 16 18 0.462
329 103 20 26 0.356
939 50 25 49 0.260
312 104 36 31 0.239
305 109 24 29 0.205
545 100 19 26 0.136
292 105 23 31 0.117
481 108 22 24 0.096
495 94 14 18 0.060
488 117 16 19 0.045
289 105 19 27 0.042
239 113 29 29 0.041
524 112 24 27 0.039
552 89 32 33 0.036
482 106 59 24 0.034
491 102 17 25 0.032
589 88 26 34 0.032
808 76 28 38 0.028
551 97 22 31 0.024
480 114 17 22 0.022
