53_Raid_policeraid_53_831
38
197 51 28 38 0.775
281 72 22 33 0.767
109 55 22 32 0.752
467 145 14 18 0.658
310 102 18 26 0.629
513 142 15 17 0.583
729 127 18 21 0.500
904 74 24 30 0.470
401 147 17 20 0.431
845 110 17 18 0.319
392 121 18 19 0.254
429 146 16 19 0.204
912 73 33 30 0.137
863 122 16 19 0.132
796 125 18 20 0.131
394 116 17 39 0.080
929 68 32 30 0.079
735 129 18 20 0.077
432 140 16 17 0.072
784 130 17 18 0.063
768 155 14 15 0.060
426 142 33 23 0.058
812 124 22 25 0.056
724 121 16 21 0.051
213 113 16 23 0.047
802 124 22 20 0.047
982 91 19 26 0.046
421 151 22 17 0.038
957 82 24 28 0.034
339 144 20 21 0.034
496 157 10 13 0.032
861 130 17 22 0.029
946 61 25 31 0.027
19 141 28 28 0.022
770 140 16 29 0.022
854 146 16 20 0.022
856 133 17 27 0.021
0 135 15 31 0.021
