53_Raid_policeraid_53_125
416
608 581 30 37 0.861
759 508 28 32 0.846
159 112 143 182 0.845
899 473 26 28 0.837
675 514 30 31 0.828
776 444 23 27 0.818
587 508 23 25 0.815
924 589 36 38 0.813
642 447 19 23 0.811
803 454 25 29 0.806
601 435 23 27 0.805
731 448 20 24 0.805
849 429 22 24 0.804
832 412 19 21 0.796
976 416 22 22 0.794
639 411 19 22 0.788
441 460 20 26 0.787
759 427 19 22 0.783
698 433 23 25 0.782
958 388 20 23 0.774
869 494 38 35 0.757
1002 372 16 19 0.753
563 385 13 17 0.753
792 411 22 23 0.753
863 403 18 21 0.750
426 423 19 21 0.747
939 453 25 26 0.743
804 380 16 17 0.739
531 377 13 16 0.736
917 346 14 15 0.734
1007 498 17 25 0.733
517 496 22 24 0.728
647 377 14 15 0.727
575 402 17 19 0.725
707 415 18 21 0.720
615 404 17 20 0.717
583 379 13 16 0.712
1008 405 16 19 0.711
542 399 16 18 0.707
490 385 14 16 0.706
841 352 15 16 0.699
902 353 13 16 0.697
733 409 18 18 0.693
755 357 12 15 0.690
674 385 17 20 0.690
433 386 12 15 0.686
600 387 13 16 0.685
1007 439 17 22 0.683
383 353 10 11 0.680
881 382 20 22 0.680
786 383 16 18 0.675
436 367 13 15 0.671
915 410 18 20 0.669
810 343 14 16 0.666
749 397 15 17 0.658
668 355 14 17 0.648
411 358 11 13 0.641
394 370 11 14 0.638
987 334 12 12 0.623
771 369 14 17 0.621
773 325 12 13 0.620
644 345 10 13 0.618
359 363 12 13 0.616
452 392 13 16 0.614
716 370 14 16 0.613
695 373 15 17 0.603
381 380 12 14 0.599
987 357 17 17 0.595
572 343 11 13 0.590
792 341 12 14 0.586
513 363 13 14 0.582
1011 333 12 14 0.581
507 412 14 16 0.575
478 353 12 14 0.575
401 341 9 12 0.573
751 343 12 13 0.572
499 355 11 13 0.571
697 337 12 14 0.570
425 350 11 11 0.570
870 350 14 16 0.556
729 323 10 11 0.555
906 305 10 11 0.549
933 432 23 23 0.548
898 326 11 13 0.548
467 336 10 11 0.546
520 345 8 10 0.540
602 360 13 16 0.535
455 358 11 13 0.526
450 333 10 12 0.523
488 367 14 14 0.515
477 372 11 14 0.508
677 335 12 14 0.504
595 339 11 12 0.504
712 343 12 15 0.502
547 365 12 14 0.490
836 325 10 12 0.487
566 327 9 12 0.483
487 335 10 12 0.479
528 358 11 15 0.477
567 368 14 16 0.472
610 332 10 12 0.464
882 342 12 14 0.458
356 337 10 12 0.439
886 642 32 37 0.436
870 305 9 10 0.431
758 321 11 11 0.430
879 320 10 12 0.417
851 296 9 10 0.408
997 323 10 11 0.405
931 362 17 21 0.399
643 329 9 10 0.399
1004 297 8 9 0.399
619 344 9 11 0.387
539 339 11 12 0.381
373 338 10 12 0.371
923 323 11 12 0.366
784 295 9 9 0.363
526 329 9 11 0.356
798 316 9 10 0.355
411 376 12 14 0.351
815 317 11 12 0.348
708 327 9 11 0.344
390 333 9 12 0.343
746 328 10 12 0.332
932 374 17 20 0.329
549 326 10 11 0.325
935 325 12 12 0.315
503 331 10 11 0.308
736 401 21 21 0.307
1015 317 9 10 0.304
594 381 16 19 0.300
964 309 10 12 0.299
327 328 9 11 0.297
554 350 11 15 0.293
346 352 10 11 0.288
433 373 13 29 0.287
576 351 11 22 0.278
840 313 12 13 0.277
796 331 12 14 0.273
580 318 10 11 0.269
873 346 16 17 0.265
575 360 13 16 0.261
720 356 12 14 0.255
1004 514 20 38 0.249
957 343 12 12 0.248
709 347 12 15 0.247
738 307 9 12 0.240
657 328 10 12 0.232
798 329 13 14 0.227
512 313 9 18 0.224
971 347 11 13 0.223
428 332 11 13 0.223
880 321 11 21 0.222
665 296 8 9 0.222
338 325 9 11 0.222
554 343 12 18 0.220
816 288 8 13 0.220
817 322 12 14 0.218
617 314 10 11 0.217
886 277 7 8 0.216
688 324 10 13 0.216
495 354 16 18 0.210
627 340 13 14 0.208
315 311 8 11 0.203
615 336 12 15 0.202
927 286 9 9 0.200
456 316 11 11 0.199
440 390 27 16 0.198
403 328 9 10 0.198
840 327 22 13 0.196
690 296 10 10 0.190
906 293 8 13 0.190
330 299 8 10 0.189
916 324 22 12 0.183
961 328 12 13 0.183
907 304 9 22 0.181
835 282 9 9 0.179
849 327 22 12 0.179
848 325 13 35 0.177
620 377 12 15 0.176
678 307 10 13 0.174
309 301 8 10 0.173
863 327 21 11 0.173
942 301 9 12 0.173
552 350 11 25 0.170
982 301 9 10 0.168
749 380 15 18 0.166
950 309 10 12 0.160
881 280 9 10 0.160
799 298 8 20 0.158
860 317 12 18 0.158
435 316 7 17 0.157
975 360 14 17 0.155
631 303 9 11 0.155
395 339 14 14 0.153
658 312 10 12 0.150
477 357 11 34 0.149
458 312 10 19 0.145
884 278 10 10 0.145
984 299 9 10 0.145
859 306 21 11 0.144
693 325 11 29 0.142
1006 373 15 53 0.135
645 289 8 13 0.133
566 323 11 19 0.133
806 377 22 18 0.133
972 288 8 8 0.131
930 352 16 41 0.130
673 369 16 37 0.127
571 385 22 30 0.126
419 317 9 14 0.126
817 293 8 30 0.124
305 297 7 8 0.124
384 317 19 10 0.123
765 305 9 9 0.123
631 330 10 24 0.123
689 387 16 18 0.122
578 357 13 15 0.121
658 315 19 11 0.119
326 333 10 13 0.117
695 339 31 14 0.117
687 272 7 7 0.117
887 279 9 8 0.116
620 366 12 15 0.115
822 375 13 16 0.115
796 281 9 10 0.115
357 304 8 19 0.115
658 309 8 26 0.112
841 269 9 9 0.112
419 321 20 11 0.111
695 370 28 17 0.111
742 498 21 24 0.111
769 370 28 26 0.110
466 335 18 11 0.108
868 298 10 18 0.107
684 297 17 9 0.106
475 412 15 18 0.104
872 309 16 24 0.102
984 360 38 29 0.101
354 334 11 22 0.101
719 299 9 24 0.099
796 301 30 10 0.099
712 313 26 11 0.099
480 353 34 15 0.098
961 290 14 12 0.098
892 323 27 17 0.097
383 334 14 33 0.096
767 298 8 27 0.091
809 288 18 13 0.091
605 289 8 8 0.091
550 312 8 31 0.090
797 290 11 24 0.090
1017 306 7 24 0.090
355 340 26 13 0.088
367 317 9 19 0.088
449 287 8 10 0.086
581 297 9 16 0.085
624 343 38 16 0.084
583 361 38 15 0.084
987 337 20 44 0.084
991 326 31 20 0.083
595 330 26 18 0.082
475 311 11 17 0.082
328 336 10 11 0.081
382 365 27 23 0.079
837 311 11 15 0.078
823 320 32 20 0.077
960 256 7 8 0.077
371 275 6 8 0.077
749 278 8 8 0.077
526 314 30 9 0.076
777 356 11 14 0.076
616 291 13 13 0.076
332 326 30 11 0.075
787 329 40 32 0.074
398 298 7 30 0.074
942 303 19 15 0.073
318 314 22 13 0.073
599 309 12 26 0.073
436 354 19 62 0.072
813 271 7 8 0.072
395 307 10 29 0.068
891 343 18 23 0.068
674 306 19 21 0.068
359 324 11 75 0.067
582 370 38 29 0.067
739 308 14 30 0.067
847 298 17 26 0.067
671 269 5 29 0.066
477 282 8 19 0.066
1003 391 17 83 0.065
804 342 55 23 0.063
819 311 10 22 0.063
937 286 12 21 0.063
330 296 12 31 0.063
966 311 16 12 0.060
963 305 15 17 0.060
779 308 12 31 0.060
311 296 8 25 0.060
429 328 24 19 0.059
489 304 7 34 0.058
513 289 8 40 0.056
343 309 20 12 0.056
436 292 7 33 0.055
528 305 7 40 0.055
534 293 18 14 0.055
300 302 9 14 0.054
898 335 32 36 0.053
505 324 30 16 0.052
688 269 11 17 0.051
780 281 7 9 0.051
752 356 24 15 0.051
376 297 10 25 0.050
356 307 17 24 0.050
906 288 10 9 0.048
713 322 16 70 0.048
356 362 39 32 0.047
484 295 14 28 0.045
592 289 7 7 0.045
420 302 23 15 0.044
726 296 24 27 0.043
602 294 11 32 0.042
689 327 33 37 0.042
745 275 10 10 0.041
445 380 69 33 0.041
950 278 12 15 0.040
882 274 11 24 0.040
968 286 17 20 0.040
618 292 9 37 0.039
703 286 12 29 0.039
863 341 53 29 0.039
869 354 15 19 0.039
516 371 43 58 0.038
574 297 22 23 0.038
376 304 28 15 0.038
490 336 16 85 0.038
511 368 14 15 0.038
812 271 14 7 0.038
548 285 15 28 0.038
726 286 18 26 0.037
691 294 20 29 0.037
770 296 20 12 0.037
408 328 18 63 0.037
425 279 8 25 0.037
528 291 9 42 0.036
742 397 23 24 0.036
714 290 19 22 0.036
581 310 24 27 0.036
665 288 14 36 0.035
708 267 8 21 0.035
461 287 10 43 0.034
298 307 9 11 0.034
654 270 6 31 0.033
411 277 6 40 0.033
1006 251 9 9 0.032
638 272 9 12 0.032
745 273 12 20 0.031
912 257 7 18 0.031
334 322 11 19 0.031
311 298 28 17 0.031
700 290 18 37 0.031
878 309 14 14 0.030
342 304 18 31 0.030
809 274 11 28 0.029
673 380 16 18 0.029
501 281 11 19 0.028
720 312 25 17 0.028
285 270 9 11 0.027
647 286 27 22 0.027
433 301 15 121 0.027
619 305 23 32 0.027
836 274 22 21 0.027
778 279 27 10 0.026
547 293 15 34 0.026
729 248 5 26 0.026
448 277 9 38 0.026
832 308 48 44 0.026
422 283 17 28 0.026
589 286 16 30 0.026
536 287 13 41 0.025
470 292 26 30 0.025
521 288 24 24 0.025
687 268 15 27 0.025
563 290 13 25 0.025
471 330 23 87 0.024
348 280 14 30 0.024
409 294 16 35 0.024
489 278 10 25 0.023
557 344 40 80 0.023
916 301 28 73 0.023
692 342 13 17 0.023
493 297 32 21 0.023
983 232 8 12 0.023
583 293 21 34 0.022
975 369 14 16 0.022
621 272 7 8 0.022
598 284 18 32 0.022
857 328 17 20 0.022
459 285 19 30 0.022
372 283 17 33 0.022
667 268 11 22 0.022
954 280 24 14 0.022
381 278 13 36 0.021
739 285 14 24 0.021
924 339 13 16 0.021
1 307 7 12 0.021
870 516 37 36 0.021
482 280 17 38 0.021
7 351 12 14 0.021
948 255 23 9 0.021
886 232 7 8 0.021
634 291 22 36 0.020
359 370 11 16 0.020
568 304 16 102 0.020
410 273 12 31 0.020
737 392 14 18 0.020
