48_Parachutist_Paratrooper_Parachutist_Paratrooper_48_332
39
378 452 23 27 0.784
478 461 26 30 0.765
334 452 25 28 0.755
630 464 28 30 0.705
544 295 25 28 0.685
522 469 24 27 0.668
602 471 23 26 0.629
460 465 20 24 0.591
224 464 25 29 0.589
419 448 28 35 0.543
421 466 23 27 0.424
556 463 19 21 0.354
451 444 21 23 0.148
505 476 16 22 0.120
601 459 23 25 0.113
224 455 22 27 0.108
252 410 15 18 0.104
450 462 25 28 0.100
254 464 25 31 0.085
421 442 25 26 0.077
251 474 24 26 0.075
196 481 15 17 0.062
257 457 24 29 0.059
211 503 23 25 0.057
226 472 21 27 0.052
279 458 21 27 0.051
524 461 24 27 0.045
196 456 12 14 0.043
429 468 27 27 0.035
365 477 17 22 0.034
547 308 21 24 0.033
336 473 22 25 0.032
298 472 19 30 0.031
549 464 22 24 0.030
605 456 20 20 0.029
218 451 22 28 0.026
276 461 30 32 0.026
207 499 22 25 0.026
286 462 25 24 0.023
