48_Parachutist_Paratrooper_Parachutist_Paratrooper_48_780
80
551 127 161 182 0.872
355 196 130 138 0.849
242 208 30 33 0.828
129 477 109 113 0.818
319 277 35 43 0.813
857 37 29 37 0.810
186 181 30 36 0.806
92 391 43 54 0.802
419 117 29 35 0.801
105 187 30 35 0.797
34 416 44 51 0.796
47 213 26 33 0.792
766 178 34 49 0.783
504 257 35 40 0.767
13 514 56 73 0.767
107 255 28 35 0.765
20 169 24 30 0.754
791 169 39 48 0.745
271 484 77 88 0.744
265 123 23 29 0.739
192 232 32 39 0.738
892 220 36 43 0.732
803 125 22 31 0.722
178 155 24 29 0.722
142 217 27 33 0.720
270 181 33 41 0.694
900 98 29 35 0.693
766 85 29 35 0.674
486 99 23 27 0.654
365 115 23 28 0.652
134 163 22 28 0.645
224 133 24 28 0.638
64 166 23 28 0.625
340 167 25 34 0.595
206 340 28 35 0.573
21 199 22 29 0.561
783 34 24 25 0.559
888 57 25 29 0.545
0 534 25 60 0.543
769 62 25 32 0.534
275 385 27 29 0.533
260 175 33 41 0.517
829 55 26 32 0.507
516 107 29 37 0.494
857 17 25 34 0.430
94 173 20 26 0.365
861 224 31 38 0.324
500 174 35 43 0.324
374 151 31 36 0.280
672 87 29 31 0.240
71 307 28 36 0.213
556 262 23 33 0.203
71 252 26 30 0.195
260 492 54 74 0.193
779 122 26 32 0.149
0 267 20 39 0.135
552 264 20 26 0.107
559 310 42 49 0.077
98 177 23 32 0.074
279 371 32 38 0.067
152 397 41 45 0.063
837 156 25 31 0.058
857 15 20 24 0.053
257 175 25 33 0.050
863 149 32 34 0.047
405 103 20 26 0.037
0 283 18 29 0.036
0 407 16 46 0.034
766 63 32 50 0.032
775 178 42 50 0.030
33 205 26 32 0.028
489 178 47 60 0.026
244 499 41 65 0.026
344 156 33 44 0.026
528 103 25 31 0.025
92 167 17 24 0.023
875 111 25 30 0.023
833 235 30 37 0.022
211 176 23 30 0.020
348 142 26 34 0.020
