56_Voter_peoplevoting_56_139
45
852 534 53 69 0.881
606 541 47 55 0.856
723 572 42 57 0.849
650 358 31 39 0.837
220 172 64 78 0.833
3 203 41 67 0.827
341 155 46 59 0.819
752 355 28 39 0.817
526 96 29 34 0.803
231 119 48 55 0.777
724 99 20 28 0.764
590 93 19 27 0.754
796 368 19 22 0.714
337 116 43 45 0.713
767 104 17 26 0.694
6 157 37 44 0.692
818 101 18 26 0.657
703 373 16 22 0.540
959 86 16 27 0.522
999 82 13 18 0.183
619 124 18 25 0.123
901 89 17 22 0.108
177 155 30 48 0.105
249 119 43 51 0.089
684 93 11 14 0.086
994 82 17 24 0.082
695 144 13 16 0.081
94 182 37 52 0.066
823 96 16 21 0.059
454 167 50 64 0.057
964 91 19 27 0.056
831 92 14 18 0.054
464 155 45 58 0.054
480 151 31 44 0.045
991 89 20 30 0.041
571 396 21 25 0.040
879 114 14 20 0.032
94 191 51 58 0.032
692 137 15 19 0.030
335 122 47 66 0.030
685 90 14 18 0.029
600 110 33 32 0.023
977 94 22 29 0.023
619 119 14 20 0.022
834 87 21 23 0.020
