56_Voter_peoplevoting_56_828
34
339 533 30 38 0.826
71 517 51 66 0.818
276 526 26 32 0.765
188 539 34 45 0.750
515 533 44 53 0.746
378 536 26 32 0.705
994 504 30 45 0.643
473 557 41 56 0.586
430 525 27 37 0.355
458 528 21 27 0.245
119 491 16 19 0.152
5 512 44 59 0.141
684 517 28 30 0.135
526 522 34 43 0.126
0 521 30 61 0.120
0 525 17 58 0.108
786 399 22 31 0.094
958 500 39 41 0.087
535 519 24 31 0.079
635 510 23 33 0.079
424 532 26 35 0.068
931 280 41 65 0.047
696 514 23 28 0.045
322 522 19 31 0.044
436 523 20 26 0.033
433 535 36 37 0.033
253 497 15 20 0.031
530 534 33 43 0.026
458 535 24 33 0.024
17 503 37 50 0.023
662 510 38 28 0.023
826 375 13 14 0.022
285 530 21 31 0.021
661 508 26 21 0.021
