56_Voter_peoplevoting_56_360
36
586 98 91 115 0.862
408 289 109 144 0.846
727 98 67 74 0.838
916 386 97 124 0.830
569 11 54 63 0.823
751 7 57 64 0.799
439 15 56 62 0.788
897 230 84 106 0.787
752 258 70 95 0.779
696 61 48 60 0.658
966 43 31 42 0.594
665 0 49 53 0.578
91 39 52 49 0.433
469 89 74 81 0.371
685 0 50 48 0.222
77 29 37 47 0.139
885 26 38 52 0.085
0 258 24 110 0.070
804 0 36 14 0.064
952 37 38 46 0.063
359 190 89 104 0.049
837 136 69 76 0.048
861 33 53 57 0.037
703 72 53 66 0.033
914 18 43 48 0.032
83 24 50 48 0.031
800 0 38 31 0.030
1007 455 17 79 0.030
846 166 63 63 0.028
66 23 37 50 0.028
159 317 102 136 0.027
880 13 31 37 0.027
16 11 47 77 0.027
972 31 35 47 0.023
26 1 41 57 0.022
764 245 70 83 0.021
