56_Voter_peoplevoting_56_478
60
361 130 27 34 0.781
898 179 34 46 0.746
781 184 30 36 0.727
13 144 29 31 0.727
104 118 22 27 0.722
520 267 48 63 0.643
496 151 21 27 0.635
233 130 26 30 0.618
55 130 25 29 0.618
634 139 23 28 0.608
867 149 29 35 0.603
563 154 22 32 0.552
84 205 33 42 0.507
191 118 24 31 0.446
321 120 21 25 0.445
423 149 24 26 0.414
38 12 16 20 0.405
91 17 16 18 0.394
747 144 22 25 0.253
682 173 21 30 0.228
753 295 55 78 0.193
55 117 24 27 0.193
832 145 29 30 0.171
340 131 18 23 0.171
437 147 18 24 0.164
703 154 26 32 0.152
100 205 31 39 0.139
712 145 22 30 0.117
400 137 16 21 0.104
393 191 18 22 0.087
771 146 23 27 0.084
951 189 26 30 0.084
708 160 29 38 0.080
717 141 18 21 0.075
816 106 26 30 0.075
428 199 23 24 0.065
420 144 22 24 0.063
193 114 20 24 0.061
725 171 25 30 0.059
698 167 28 35 0.050
78 155 20 23 0.047
704 181 24 30 0.046
708 186 28 32 0.045
408 145 20 23 0.045
926 176 28 34 0.041
493 142 22 32 0.036
356 265 36 54 0.034
679 168 18 24 0.033
557 156 20 28 0.033
716 144 30 24 0.029
0 204 10 30 0.028
197 131 20 27 0.028
37 242 43 49 0.026
776 144 27 49 0.025
686 180 30 30 0.025
953 195 34 30 0.024
997 203 25 37 0.023
503 252 54 71 0.021
764 143 24 26 0.021
589 157 22 27 0.020
