56_Voter_peoplevoting_56_332
55
459 263 34 43 0.783
277 235 38 50 0.682
512 257 29 35 0.680
943 202 20 25 0.452
820 246 24 33 0.374
58 247 31 46 0.373
591 242 32 36 0.346
663 260 31 32 0.343
799 162 22 28 0.340
747 264 26 32 0.317
984 221 20 27 0.237
401 256 28 41 0.235
904 236 24 32 0.221
256 189 46 71 0.189
736 249 32 35 0.179
798 142 23 31 0.155
844 159 16 21 0.143
846 250 26 33 0.126
1005 222 17 29 0.094
582 239 27 35 0.083
893 243 26 31 0.079
650 260 29 33 0.078
747 243 29 35 0.076
988 225 25 26 0.073
795 109 16 20 0.068
728 250 27 32 0.063
891 251 20 27 0.059
641 223 31 35 0.051
884 251 21 26 0.048
534 240 26 37 0.047
841 225 20 26 0.044
753 238 35 36 0.043
894 186 20 29 0.043
619 238 32 36 0.037
561 254 34 37 0.037
793 154 24 31 0.035
812 196 16 21 0.035
695 260 33 36 0.033
828 255 24 31 0.031
392 264 31 40 0.030
523 250 31 32 0.029
839 238 25 32 0.028
791 138 23 31 0.026
898 193 19 26 0.026
871 245 37 31 0.026
838 163 19 24 0.025
98 270 27 32 0.025
859 250 31 29 0.025
753 271 26 30 0.025
810 244 25 29 0.024
891 189 16 23 0.023
845 263 24 31 0.023
542 243 20 27 0.020
50 244 30 44 0.020
284 247 36 46 0.020
