56_Voter_peoplevoting_56_292
72
74 187 48 62 0.879
371 227 53 64 0.873
192 171 42 55 0.872
617 213 48 61 0.864
291 171 40 52 0.863
223 252 52 61 0.862
935 200 37 43 0.862
279 237 42 56 0.860
616 293 54 66 0.860
549 269 47 63 0.857
705 227 50 61 0.854
467 285 48 61 0.853
872 187 34 39 0.851
559 186 44 50 0.850
902 265 47 54 0.843
631 62 19 23 0.836
255 166 32 40 0.832
476 138 23 31 0.830
796 165 25 34 0.830
753 158 27 33 0.827
479 222 46 58 0.827
413 186 33 44 0.825
508 161 29 37 0.821
419 140 30 34 0.818
734 76 19 23 0.817
586 123 24 31 0.814
843 189 29 37 0.811
357 140 30 37 0.811
694 53 17 22 0.810
391 52 15 20 0.810
546 138 24 27 0.808
881 43 21 27 0.808
835 56 19 22 0.806
347 36 18 23 0.805
537 62 18 22 0.804
197 55 17 21 0.803
266 55 17 21 0.802
668 174 32 39 0.801
638 119 23 27 0.797
794 63 18 24 0.794
589 56 17 22 0.793
701 118 21 26 0.792
609 99 21 24 0.791
948 51 20 24 0.788
492 58 17 23 0.787
910 46 18 23 0.786
445 59 16 19 0.781
634 152 25 33 0.781
305 146 22 26 0.777
698 175 41 49 0.774
295 62 17 20 0.773
334 139 21 26 0.765
536 199 26 40 0.754
496 129 20 27 0.736
381 153 25 33 0.715
505 200 31 41 0.715
751 121 21 25 0.692
405 137 17 27 0.553
890 240 36 41 0.503
652 174 26 35 0.476
603 185 30 37 0.431
299 133 30 86 0.273
473 190 26 34 0.263
260 57 52 19 0.121
605 87 16 18 0.081
504 164 33 61 0.080
384 142 20 24 0.071
657 175 33 40 0.065
601 193 24 33 0.042
495 121 18 21 0.041
748 114 22 24 0.029
559 155 25 30 0.026
