56_Voter_peoplevoting_56_422
315
169 1291 51 58 0.851
224 1218 47 57 0.827
289 1100 41 50 0.814
582 1171 39 47 0.813
361 760 28 35 0.800
345 1019 33 39 0.789
312 852 32 38 0.789
452 1131 39 42 0.780
373 905 31 37 0.779
602 782 26 32 0.778
594 709 25 30 0.772
339 924 33 38 0.770
238 671 26 32 0.768
552 653 23 29 0.762
266 765 29 33 0.756
310 973 35 39 0.756
638 784 28 34 0.754
613 920 33 37 0.752
581 552 20 24 0.748
320 683 26 32 0.739
270 621 23 26 0.735
604 602 22 26 0.727
289 732 25 31 0.720
314 802 25 29 0.718
308 608 21 26 0.716
225 628 24 29 0.714
387 396 16 20 0.705
588 512 19 23 0.704
633 560 22 27 0.703
271 478 20 25 0.693
530 1290 42 53 0.692
580 627 22 27 0.690
553 621 21 26 0.688
246 496 20 23 0.685
344 812 30 33 0.675
568 1001 37 40 0.669
657 484 16 20 0.669
566 1245 39 47 0.663
619 530 18 22 0.662
296 459 19 23 0.661
268 575 21 25 0.647
556 707 24 30 0.647
277 397 19 23 0.637
564 947 31 35 0.634
175 1390 49 48 0.629
683 501 19 21 0.622
620 475 16 19 0.617
333 375 17 20 0.616
635 874 31 33 0.608
219 250 15 17 0.601
672 445 16 19 0.599
225 576 21 23 0.585
173 238 14 17 0.581
269 532 20 22 0.578
621 742 22 27 0.556
186 545 19 23 0.551
614 390 14 16 0.550
327 428 18 22 0.533
289 1213 36 35 0.531
564 316 13 16 0.525
817 190 13 15 0.524
447 1271 37 41 0.523
311 337 14 17 0.521
264 141 11 13 0.505
597 359 13 15 0.495
665 387 13 14 0.487
583 414 14 16 0.468
178 217 15 15 0.447
636 372 12 14 0.441
370 381 14 16 0.433
662 235 11 12 0.431
659 422 13 15 0.429
437 63 10 11 0.427
551 739 23 29 0.421
607 287 11 12 0.420
549 1087 40 36 0.415
477 66 10 11 0.411
269 296 16 17 0.408
243 275 14 15 0.405
603 488 17 20 0.395
219 110 11 12 0.389
608 782 35 33 0.389
748 261 10 13 0.387
268 334 13 16 0.386
277 677 26 28 0.371
312 805 47 30 0.365
606 44 11 12 0.361
321 93 11 13 0.357
618 430 16 18 0.345
624 270 12 13 0.344
202 207 13 15 0.342
458 264 11 13 0.338
756 98 10 12 0.319
884 211 13 15 0.318
669 159 12 14 0.317
285 107 11 14 0.311
538 48 10 12 0.311
502 55 11 11 0.310
558 353 13 16 0.306
580 294 12 15 0.305
621 426 16 18 0.304
220 515 19 24 0.302
193 233 13 15 0.296
409 54 9 12 0.290
673 115 10 12 0.283
659 1296 40 48 0.280
203 178 13 16 0.276
641 261 11 14 0.274
303 305 12 15 0.268
693 226 11 13 0.267
348 80 11 13 0.256
736 281 10 12 0.255
590 391 15 18 0.254
207 158 13 14 0.249
702 258 12 14 0.243
685 92 9 11 0.239
455 57 10 12 0.235
615 211 11 12 0.232
415 72 9 11 0.230
253 111 10 12 0.220
560 49 10 13 0.215
268 99 11 12 0.213
530 1359 42 46 0.201
378 77 11 13 0.194
612 436 15 18 0.194
320 453 16 19 0.193
326 435 18 25 0.192
801 89 9 11 0.191
243 534 21 25 0.190
172 214 14 16 0.188
318 93 9 12 0.188
582 608 27 45 0.185
940 118 11 12 0.179
630 45 10 11 0.174
46 880 22 23 0.169
268 615 67 27 0.167
586 821 27 31 0.166
551 392 13 16 0.165
602 288 17 14 0.164
242 164 13 15 0.163
557 658 22 86 0.160
595 494 23 23 0.156
313 414 16 20 0.153
590 44 11 12 0.152
623 270 20 14 0.151
660 417 13 30 0.151
456 61 10 12 0.151
220 203 12 15 0.148
779 94 10 10 0.147
317 579 15 18 0.146
218 177 12 23 0.145
512 51 11 12 0.144
349 348 13 16 0.143
155 493 16 25 0.143
247 530 22 25 0.140
454 59 19 13 0.140
672 464 17 21 0.139
678 284 12 14 0.139
345 360 15 30 0.139
736 95 10 10 0.136
435 61 24 13 0.132
669 494 36 23 0.131
613 675 22 28 0.127
126 325 14 14 0.126
660 533 19 23 0.123
745 97 23 13 0.123
610 1304 49 49 0.120
638 460 16 18 0.117
595 1437 37 53 0.112
196 563 19 21 0.110
222 580 22 27 0.109
643 867 31 33 0.109
875 116 11 12 0.108
629 1299 70 49 0.106
174 210 15 48 0.106
274 303 39 18 0.105
317 416 19 23 0.103
197 205 12 44 0.102
663 149 12 15 0.101
268 95 11 12 0.101
904 141 11 12 0.095
252 251 14 16 0.094
191 191 13 14 0.093
237 154 12 28 0.093
670 635 21 29 0.092
745 260 11 20 0.089
550 1104 38 41 0.088
735 101 12 13 0.086
284 311 19 20 0.086
363 75 12 12 0.086
658 866 25 25 0.086
289 355 13 16 0.084
591 1247 36 45 0.084
551 49 26 11 0.082
673 107 12 15 0.081
443 1092 40 41 0.081
203 176 29 17 0.080
247 743 19 23 0.078
558 1004 32 39 0.077
516 1455 46 42 0.075
692 260 18 15 0.074
181 537 18 35 0.070
544 742 22 30 0.069
390 1068 29 36 0.069
351 715 17 22 0.069
587 486 18 113 0.068
522 707 18 22 0.067
610 331 13 16 0.067
657 621 18 22 0.066
282 281 16 15 0.066
821 87 13 11 0.066
217 595 20 25 0.065
350 78 44 12 0.064
419 1287 54 52 0.063
552 365 14 36 0.062
478 1220 43 53 0.060
673 162 17 13 0.060
452 1261 35 40 0.060
828 87 10 12 0.060
570 454 15 18 0.059
221 149 10 13 0.059
697 100 22 14 0.058
461 263 11 15 0.058
263 270 15 19 0.057
566 334 16 36 0.056
848 81 10 11 0.056
221 167 36 14 0.055
663 830 26 30 0.055
614 404 13 24 0.054
630 457 20 20 0.054
455 1091 43 43 0.053
243 499 49 65 0.053
380 74 11 13 0.052
683 230 13 30 0.052
305 182 12 14 0.050
632 814 23 28 0.050
661 629 28 39 0.050
705 522 17 22 0.049
599 238 12 15 0.048
734 1349 28 49 0.048
287 350 13 17 0.047
237 142 13 14 0.047
537 1084 34 36 0.047
656 644 30 28 0.047
556 350 17 27 0.046
637 523 23 23 0.046
340 828 29 35 0.046
583 686 21 29 0.046
749 255 11 14 0.046
702 119 14 15 0.045
572 360 13 16 0.044
439 1281 44 49 0.044
256 248 14 18 0.044
570 82 11 11 0.043
185 519 71 44 0.042
411 58 44 18 0.042
562 701 25 31 0.041
705 98 12 36 0.041
315 797 26 65 0.040
362 79 16 12 0.040
578 390 23 17 0.039
707 117 26 13 0.039
717 119 11 12 0.039
832 1028 21 23 0.038
669 385 12 15 0.038
616 208 10 12 0.038
338 1079 37 35 0.036
645 540 23 28 0.036
562 309 14 20 0.036
652 649 19 25 0.036
226 611 56 94 0.035
552 48 47 11 0.035
483 1242 39 44 0.035
464 1114 39 54 0.035
259 491 24 25 0.035
520 795 22 27 0.035
661 385 17 22 0.035
792 90 40 10 0.033
339 375 16 20 0.033
643 261 8 43 0.033
41 881 19 21 0.033
585 761 22 26 0.033
385 1057 26 35 0.031
655 137 11 14 0.031
438 1091 26 35 0.031
189 1379 43 51 0.030
176 234 77 34 0.030
682 577 21 25 0.029
564 1081 31 34 0.029
700 529 19 24 0.028
270 265 14 103 0.028
818 87 40 10 0.028
698 176 11 12 0.027
682 142 13 16 0.027
171 213 35 22 0.027
505 1303 35 43 0.026
661 490 26 24 0.026
599 233 12 16 0.025
580 523 66 110 0.025
654 634 20 31 0.025
334 846 30 34 0.024
295 94 11 12 0.024
487 1208 38 44 0.024
211 594 21 34 0.024
330 447 16 20 0.023
563 311 19 26 0.023
563 1091 33 36 0.023
646 291 15 17 0.022
603 239 21 17 0.022
666 1285 37 44 0.022
312 584 19 31 0.022
689 1343 29 48 0.022
904 144 10 13 0.021
350 76 12 11 0.021
286 329 34 34 0.020
