56_Voter_peoplevoting_56_944
39
230 123 37 42 0.816
122 82 41 50 0.808
432 121 31 41 0.805
318 78 39 55 0.796
575 183 22 28 0.745
720 233 18 23 0.721
385 167 28 37 0.527
655 243 15 21 0.378
863 280 13 15 0.377
671 240 17 24 0.361
546 231 20 23 0.356
748 244 14 19 0.300
935 290 12 14 0.238
655 240 31 23 0.230
881 273 12 14 0.191
735 242 29 19 0.170
664 237 20 22 0.122
868 276 15 15 0.101
524 199 17 25 0.096
793 280 13 15 0.092
860 283 12 13 0.085
649 242 15 23 0.069
613 274 20 24 0.055
545 220 21 25 0.047
551 233 21 23 0.044
518 229 18 22 0.044
809 232 16 20 0.039
772 246 14 18 0.036
668 246 19 23 0.035
646 247 16 25 0.030
906 279 13 15 0.030
939 288 12 14 0.028
856 283 12 16 0.028
533 211 23 25 0.027
966 307 11 14 0.023
751 249 15 20 0.023
950 306 19 15 0.021
898 279 18 16 0.021
394 172 22 27 0.020
