56_Voter_peoplevoting_56_134
69
257 331 74 87 0.864
503 358 64 83 0.846
928 178 30 36 0.842
81 9 127 152 0.840
271 143 41 47 0.828
559 331 59 67 0.825
399 121 33 38 0.821
814 157 30 39 0.810
891 151 29 35 0.808
859 156 32 37 0.801
705 214 54 64 0.797
426 362 62 76 0.795
546 68 20 26 0.795
638 73 20 26 0.792
238 134 33 44 0.786
995 148 27 36 0.782
565 93 22 27 0.781
414 52 19 22 0.778
741 101 19 23 0.775
471 46 21 26 0.773
962 144 30 33 0.770
184 101 38 44 0.767
655 298 52 58 0.766
691 97 20 24 0.766
781 109 21 25 0.760
784 224 39 46 0.744
627 260 41 50 0.737
765 146 31 37 0.728
524 85 17 19 0.722
766 206 36 45 0.711
851 123 21 24 0.674
605 325 47 58 0.655
919 141 19 23 0.612
715 173 28 32 0.544
959 121 24 25 0.446
819 116 21 27 0.446
798 170 29 34 0.389
818 105 18 23 0.226
700 176 28 32 0.199
883 131 17 22 0.185
940 134 18 24 0.135
930 126 23 28 0.108
355 423 46 59 0.098
972 145 31 34 0.095
540 69 50 55 0.089
746 180 28 32 0.087
1008 133 15 26 0.066
797 140 18 23 0.056
818 102 17 18 0.056
581 326 57 67 0.055
907 125 19 20 0.051
467 353 83 89 0.051
175 94 34 46 0.050
925 119 19 20 0.048
1000 139 23 34 0.046
882 127 29 25 0.044
930 144 22 25 0.040
880 152 32 32 0.035
248 140 41 44 0.033
751 170 30 37 0.028
951 131 28 30 0.028
425 80 17 22 0.026
1014 165 10 32 0.025
170 76 37 53 0.025
885 144 30 32 0.022
670 119 17 20 0.022
702 168 38 44 0.022
814 113 20 25 0.020
309 411 60 71 0.020
