56_Voter_peoplevoting_56_316
50
666 405 119 150 0.873
72 447 33 39 0.828
941 397 35 39 0.822
825 388 55 71 0.817
366 453 20 24 0.765
785 408 33 40 0.755
528 457 43 45 0.733
587 428 24 33 0.702
407 457 21 27 0.658
305 456 13 15 0.615
271 458 12 15 0.610
469 430 29 27 0.603
291 461 11 13 0.545
651 386 46 49 0.532
321 456 11 13 0.429
636 430 19 24 0.426
8 427 21 23 0.422
904 382 28 34 0.414
449 435 16 20 0.305
648 392 29 38 0.301
43 441 15 20 0.268
296 457 20 16 0.218
545 436 29 36 0.184
259 446 12 13 0.165
383 447 13 15 0.134
359 456 67 23 0.114
128 437 10 11 0.100
477 427 24 24 0.083
271 460 45 14 0.076
530 410 13 14 0.070
168 453 12 12 0.068
871 400 31 34 0.050
136 458 12 15 0.039
42 448 14 17 0.039
886 395 33 38 0.038
554 436 22 23 0.033
152 447 15 16 0.032
153 447 9 10 0.031
149 468 10 12 0.029
146 466 11 14 0.028
647 406 26 33 0.027
573 425 29 26 0.027
591 421 20 28 0.026
447 437 13 15 0.025
138 454 17 26 0.025
144 449 15 15 0.024
170 446 14 22 0.023
635 434 25 33 0.020
0 453 8 19 0.020
414 433 16 20 0.020
