56_Voter_peoplevoting_56_672
194
936 200 28 38 0.753
242 379 16 20 0.736
45 387 19 23 0.718
112 387 17 20 0.690
577 392 17 25 0.665
439 340 13 14 0.664
854 296 16 18 0.663
716 366 17 21 0.657
105 321 14 16 0.656
176 363 16 17 0.653
486 386 22 33 0.650
232 357 15 19 0.601
40 328 13 15 0.588
403 351 13 15 0.586
50 295 9 10 0.572
656 338 10 13 0.567
385 385 15 18 0.566
315 333 11 14 0.564
593 330 9 11 0.563
183 325 13 16 0.554
114 293 9 10 0.542
345 303 9 10 0.536
319 309 10 12 0.536
570 374 14 19 0.534
159 311 10 11 0.523
684 348 10 13 0.518
728 346 10 13 0.513
351 347 14 16 0.506
15 295 12 15 0.492
496 342 12 13 0.481
161 292 9 10 0.466
472 403 14 19 0.455
787 347 13 16 0.451
457 384 14 19 0.449
458 330 10 12 0.444
0 333 8 14 0.431
559 367 12 14 0.429
326 298 8 9 0.422
399 303 9 10 0.414
299 299 8 9 0.402
266 306 9 10 0.398
135 309 10 12 0.382
19 302 11 12 0.379
242 292 9 10 0.368
247 340 12 14 0.353
204 301 9 11 0.346
660 307 8 10 0.340
618 336 11 14 0.338
539 361 15 17 0.337
561 367 14 18 0.335
233 327 10 12 0.331
24 332 11 14 0.322
726 327 8 10 0.319
908 303 11 12 0.302
621 342 10 13 0.295
893 311 10 11 0.244
510 338 11 13 0.243
503 322 9 11 0.231
114 348 11 14 0.229
555 341 10 12 0.223
402 304 9 11 0.222
545 330 9 12 0.204
200 336 13 14 0.198
927 304 11 13 0.198
538 338 11 13 0.197
425 392 17 19 0.194
277 317 10 15 0.171
536 341 10 12 0.171
386 317 11 13 0.165
198 338 12 16 0.162
536 364 13 17 0.159
369 371 14 16 0.157
13 293 11 13 0.154
29 365 15 17 0.154
433 322 9 11 0.146
790 351 13 15 0.140
277 328 12 13 0.136
140 345 13 16 0.131
570 366 17 51 0.129
566 319 9 11 0.124
292 322 10 12 0.122
137 376 15 17 0.119
50 314 12 14 0.118
328 355 13 15 0.115
892 309 20 12 0.113
332 359 13 15 0.111
77 354 12 15 0.108
384 310 8 10 0.107
171 305 9 11 0.100
42 311 10 11 0.099
523 327 10 12 0.099
0 326 9 14 0.098
156 336 13 14 0.095
241 333 19 20 0.092
213 343 12 16 0.089
256 317 11 16 0.084
527 299 8 9 0.080
523 318 10 19 0.080
143 322 14 17 0.077
254 322 13 19 0.076
249 319 13 12 0.076
485 317 9 10 0.074
353 322 9 12 0.073
473 313 10 10 0.072
918 240 21 25 0.072
927 309 11 14 0.072
397 331 11 16 0.071
486 341 12 13 0.070
479 341 15 12 0.065
685 366 12 16 0.065
139 310 13 24 0.064
528 391 14 20 0.064
385 307 22 11 0.062
290 322 12 16 0.062
900 303 21 15 0.061
382 318 9 11 0.060
127 323 13 15 0.060
252 353 12 14 0.055
500 321 25 13 0.055
335 354 22 17 0.054
139 280 9 12 0.054
110 349 36 16 0.053
452 328 13 13 0.053
343 361 12 15 0.050
31 362 19 17 0.049
612 312 8 9 0.048
65 337 12 15 0.048
568 315 10 11 0.048
233 308 9 12 0.047
387 321 13 18 0.047
75 372 15 20 0.046
596 305 13 9 0.046
600 304 7 8 0.045
719 354 15 30 0.045
148 139 11 12 0.042
425 385 16 22 0.042
572 389 16 25 0.042
156 315 48 27 0.041
318 305 20 15 0.041
927 243 18 23 0.041
469 328 14 19 0.040
402 300 9 11 0.040
460 311 8 9 0.037
470 315 22 11 0.037
635 350 12 14 0.036
631 348 13 15 0.036
540 331 16 24 0.036
386 303 10 10 0.035
927 313 12 15 0.035
577 308 11 14 0.035
907 304 34 14 0.035
550 316 8 9 0.034
210 350 20 19 0.034
636 343 26 12 0.034
405 329 14 13 0.034
70 341 19 32 0.033
461 311 15 11 0.033
317 353 11 14 0.033
328 344 14 20 0.032
171 340 14 14 0.032
208 351 13 23 0.031
505 356 12 15 0.031
204 361 14 23 0.031
614 313 8 29 0.031
569 313 19 18 0.031
374 371 14 17 0.031
140 292 9 21 0.030
902 304 10 11 0.030
0 327 39 21 0.029
526 297 8 30 0.029
392 352 11 15 0.028
283 335 11 19 0.027
257 302 16 13 0.027
293 337 16 12 0.025
910 308 11 11 0.025
584 298 9 9 0.025
208 320 11 18 0.025
193 313 38 54 0.025
618 344 12 20 0.024
587 305 20 15 0.024
200 377 16 18 0.024
49 334 13 15 0.023
561 319 15 22 0.023
237 292 8 10 0.023
576 337 11 10 0.022
135 286 18 80 0.022
351 324 13 22 0.021
178 341 16 15 0.021
589 394 15 20 0.021
354 327 13 21 0.021
280 321 14 42 0.021
610 312 9 17 0.021
238 299 20 26 0.021
650 333 14 17 0.020
