4_Dancing_Dancing_4_304
39
47 186 47 54 0.858
768 125 39 49 0.844
895 148 41 49 0.844
203 148 42 50 0.842
164 192 40 51 0.838
250 172 45 51 0.836
920 94 36 48 0.836
558 157 38 47 0.830
483 169 56 63 0.829
675 112 42 55 0.819
117 138 41 54 0.818
726 116 37 47 0.801
620 132 20 24 0.778
321 125 22 29 0.709
168 149 21 27 0.668
233 137 22 29 0.642
265 117 23 27 0.622
0 147 8 45 0.600
1010 156 14 48 0.540
362 156 59 62 0.482
1016 103 8 34 0.434
660 139 15 20 0.222
550 138 16 21 0.217
50 155 40 42 0.184
582 135 20 25 0.147
549 136 28 27 0.110
419 135 19 21 0.100
662 134 21 29 0.086
538 140 25 21 0.063
533 142 21 23 0.062
331 105 17 22 0.051
551 124 17 20 0.051
350 158 39 53 0.050
361 176 56 64 0.048
43 155 30 35 0.043
1 147 14 45 0.042
0 139 7 36 0.038
886 167 29 33 0.031
574 139 24 27 0.027
