4_Dancing_Dancing_4_840
26
809 217 33 40 0.882
160 235 30 36 0.872
273 215 29 38 0.869
342 307 32 43 0.867
713 206 30 41 0.867
467 315 34 44 0.861
760 223 30 38 0.860
928 223 32 42 0.858
668 229 30 36 0.856
561 320 29 40 0.856
144 195 28 36 0.855
545 217 30 39 0.855
438 221 31 42 0.855
874 240 28 37 0.849
575 233 27 35 0.848
397 204 29 39 0.843
483 201 28 38 0.843
617 230 28 37 0.841
225 238 28 36 0.840
323 224 27 36 0.839
362 213 29 37 0.839
100 213 33 44 0.837
323 185 27 32 0.831
512 228 29 39 0.828
241 190 31 39 0.768
671 313 23 31 0.037
