4_Dancing_Dancing_4_797
30
522 204 61 85 0.844
489 362 58 88 0.842
374 340 66 89 0.839
145 355 52 65 0.837
385 193 57 75 0.825
287 329 50 63 0.821
589 371 59 91 0.779
7 335 55 79 0.713
758 307 53 93 0.664
203 309 47 63 0.543
931 332 55 80 0.516
667 307 60 81 0.475
76 369 51 61 0.228
866 384 57 64 0.216
0 350 46 79 0.203
448 130 52 65 0.191
910 336 62 83 0.178
24 298 53 77 0.171
890 370 50 71 0.152
894 346 53 81 0.103
10 305 54 85 0.103
403 278 48 61 0.086
0 371 29 70 0.081
751 325 45 69 0.065
35 286 47 67 0.047
753 282 47 79 0.028
255 322 46 71 0.028
915 279 21 33 0.025
179 218 37 50 0.024
1 223 24 49 0.021
