4_Dancing_Dancing_4_34
45
802 83 32 40 0.858
585 99 27 36 0.842
130 82 28 36 0.838
184 82 29 36 0.837
684 164 27 34 0.831
494 80 29 38 0.829
538 113 25 34 0.798
925 131 26 33 0.796
705 125 26 32 0.792
404 81 30 35 0.787
872 109 30 37 0.782
760 112 27 31 0.779
247 119 27 37 0.769
947 152 26 32 0.745
649 106 25 30 0.727
292 133 33 36 0.725
9 100 34 45 0.717
435 101 26 36 0.701
319 101 24 30 0.678
950 112 25 32 0.669
1011 108 13 37 0.621
920 111 23 26 0.611
845 101 23 29 0.587
979 169 26 33 0.583
866 90 26 28 0.570
165 131 31 34 0.564
664 124 25 27 0.549
653 159 27 29 0.546
324 135 23 30 0.523
697 107 26 29 0.515
700 115 26 32 0.318
21 84 26 33 0.266
925 122 41 39 0.235
1016 86 8 43 0.230
847 107 29 33 0.203
322 106 27 33 0.162
867 102 29 36 0.159
859 94 25 28 0.129
424 113 25 33 0.080
1017 147 7 34 0.041
776 246 19 21 0.041
819 284 15 19 0.031
423 101 28 37 0.024
838 111 22 30 0.024
332 104 25 33 0.020
