4_Dancing_Dancing_4_126
49
3 297 33 52 0.813
813 179 51 63 0.790
933 356 59 72 0.781
623 164 44 60 0.756
34 71 41 54 0.739
353 213 33 48 0.739
217 157 34 37 0.689
398 38 30 46 0.639
736 369 45 60 0.597
961 124 51 67 0.595
1 79 24 29 0.514
89 325 26 47 0.500
225 314 44 51 0.309
525 444 67 80 0.284
218 320 35 48 0.268
1009 274 15 60 0.177
740 515 44 71 0.147
513 227 56 64 0.129
208 309 39 55 0.123
134 55 23 29 0.118
302 648 35 32 0.113
141 243 34 46 0.103
19 9 22 25 0.100
48 251 38 45 0.098
611 54 47 50 0.094
122 243 49 52 0.093
169 9 23 31 0.089
240 320 37 46 0.087
44 0 25 21 0.085
969 13 29 34 0.080
709 35 34 43 0.053
175 18 18 25 0.050
867 235 46 57 0.045
788 0 46 35 0.044
737 536 41 65 0.043
303 55 28 37 0.043
253 326 32 40 0.033
123 257 35 49 0.033
435 25 23 36 0.032
751 430 52 78 0.030
159 196 31 39 0.029
539 651 54 29 0.028
261 0 27 19 0.027
753 519 37 54 0.027
507 250 54 61 0.026
0 254 8 45 0.024
682 17 32 36 0.023
138 503 41 56 0.023
112 234 42 57 0.021
