4_Dancing_Dancing_4_360
29
194 201 49 56 0.836
842 153 43 50 0.835
533 140 40 47 0.831
397 106 42 44 0.821
690 132 44 51 0.809
963 150 45 52 0.808
58 130 40 45 0.803
101 149 44 50 0.791
857 239 44 48 0.722
633 126 36 51 0.674
695 303 40 37 0.631
839 109 40 42 0.616
256 140 33 42 0.538
1014 208 10 66 0.280
241 135 39 46 0.194
359 233 39 44 0.160
0 141 13 62 0.146
523 311 35 38 0.142
796 180 33 43 0.095
234 145 42 48 0.093
832 112 32 38 0.075
241 175 38 54 0.070
259 122 33 41 0.054
0 158 11 64 0.049
1007 228 17 75 0.035
375 234 41 44 0.031
685 295 40 39 0.029
1004 209 20 66 0.024
644 128 40 56 0.022
