4_Dancing_Dancing_4_292
29
411 175 81 98 0.856
572 102 84 96 0.851
337 149 29 37 0.824
757 134 41 52 0.790
0 100 26 92 0.706
393 103 39 56 0.604
536 144 21 32 0.561
171 216 34 43 0.410
28 92 59 88 0.292
222 217 19 25 0.257
727 156 32 42 0.223
935 236 29 32 0.192
878 146 25 34 0.120
263 164 53 61 0.073
847 180 18 22 0.063
375 156 28 35 0.055
9 105 52 95 0.051
542 138 24 40 0.049
199 217 45 32 0.048
937 204 33 40 0.044
257 147 39 58 0.039
877 158 27 34 0.036
0 106 18 56 0.035
543 124 28 47 0.035
225 214 16 20 0.034
684 172 26 43 0.032
175 220 24 30 0.030
927 221 40 48 0.027
373 158 20 26 0.026
