40_Gymnastics_Gymnastics_40_391
34
135 299 68 86 0.873
678 355 61 82 0.862
412 338 67 88 0.853
817 371 66 90 0.843
542 349 72 89 0.842
273 309 67 86 0.840
875 317 30 37 0.463
982 14 22 27 0.316
25 448 29 37 0.290
0 128 19 92 0.268
859 152 25 29 0.195
727 111 26 29 0.178
854 206 23 26 0.104
630 100 24 31 0.097
734 247 29 33 0.093
904 23 22 27 0.087
583 277 33 42 0.080
275 218 25 27 0.077
15 3 20 24 0.071
528 93 26 28 0.070
0 389 29 54 0.055
812 101 23 31 0.055
783 23 21 25 0.052
391 259 27 33 0.052
956 461 29 32 0.049
18 61 22 26 0.048
959 489 24 29 0.048
764 77 19 24 0.045
385 62 28 31 0.041
1 371 28 32 0.034
801 273 24 27 0.032
927 67 24 30 0.031
621 0 27 29 0.031
272 158 26 31 0.028
