40_Gymnastics_Gymnastics_40_22
216
102 937 30 38 0.826
850 896 28 35 0.820
956 945 30 38 0.815
325 930 27 34 0.813
712 772 23 29 0.809
231 923 25 31 0.808
813 868 25 29 0.808
192 964 28 35 0.801
741 747 24 28 0.801
289 937 32 38 0.800
972 781 22 30 0.798
387 961 32 38 0.797
362 779 23 31 0.794
270 804 22 29 0.794
729 836 26 31 0.793
188 877 24 31 0.793
148 914 26 34 0.792
926 871 27 32 0.791
409 642 20 24 0.790
404 914 27 33 0.790
1 836 23 30 0.789
71 749 21 28 0.789
811 778 24 29 0.787
251 892 24 29 0.786
183 797 23 29 0.784
836 802 25 29 0.781
756 725 21 26 0.779
400 676 22 25 0.778
898 849 24 30 0.775
746 689 22 26 0.775
468 693 22 26 0.775
413 796 25 30 0.773
940 625 19 23 0.772
289 723 22 29 0.771
806 646 20 25 0.770
195 834 24 29 0.769
816 833 26 31 0.762
879 691 22 28 0.762
483 640 19 23 0.761
57 557 18 22 0.760
138 755 21 27 0.756
738 887 32 38 0.750
764 972 27 32 0.748
563 247 53 74 0.748
16 602 19 23 0.746
736 543 18 22 0.746
127 553 17 21 0.745
0 899 24 40 0.743
6 642 17 23 0.743
860 646 21 26 0.742
868 559 17 19 0.735
395 748 23 28 0.735
984 544 18 23 0.734
154 877 21 28 0.732
287 618 19 23 0.731
134 716 23 28 0.730
349 827 26 32 0.726
1009 833 15 27 0.724
953 685 22 25 0.717
292 804 21 29 0.711
922 560 16 20 0.711
959 722 20 23 0.711
885 726 20 27 0.707
963 743 21 26 0.695
24 794 17 25 0.693
254 660 22 25 0.693
171 552 17 20 0.683
416 625 19 23 0.682
896 745 23 28 0.675
430 589 19 23 0.666
363 624 21 25 0.661
108 626 23 27 0.652
820 741 21 27 0.650
566 14 16 20 0.640
722 453 17 22 0.635
814 616 17 23 0.630
341 886 25 30 0.622
335 646 18 22 0.601
857 630 19 22 0.597
0 567 15 23 0.596
57 659 21 26 0.570
402 293 47 74 0.544
15 554 16 20 0.536
467 667 20 24 0.511
30 659 22 27 0.504
735 792 24 28 0.504
694 1 16 22 0.499
37 596 16 22 0.496
235 739 19 25 0.496
806 952 30 32 0.446
0 860 14 30 0.444
492 602 19 25 0.443
288 654 23 27 0.442
1004 623 18 24 0.433
927 938 31 32 0.415
76 722 19 24 0.414
466 218 43 66 0.406
115 665 19 22 0.388
820 675 21 26 0.353
0 795 19 32 0.329
708 40 21 28 0.328
286 646 23 29 0.328
708 709 19 26 0.302
1006 869 17 33 0.295
892 795 25 32 0.289
886 731 24 33 0.257
356 696 20 25 0.250
627 8 14 16 0.216
217 767 20 22 0.216
384 618 15 18 0.205
428 899 24 28 0.194
198 616 23 26 0.186
375 376 16 21 0.179
803 730 22 31 0.165
895 805 25 30 0.159
370 656 18 24 0.145
607 7 16 20 0.145
421 594 19 53 0.144
933 688 20 24 0.141
447 3 15 17 0.131
284 882 26 29 0.123
490 614 18 23 0.122
759 831 21 28 0.120
360 616 20 25 0.119
885 782 27 33 0.114
614 7 27 19 0.105
134 629 21 24 0.104
196 573 16 20 0.101
999 584 19 26 0.100
194 643 22 25 0.097
511 654 21 24 0.097
911 632 18 20 0.097
550 31 15 19 0.093
475 786 24 30 0.089
196 618 22 44 0.089
602 31 16 20 0.087
533 631 19 23 0.085
552 27 19 20 0.079
0 724 11 24 0.078
492 862 26 36 0.078
558 17 20 22 0.077
1006 631 16 21 0.077
372 650 19 24 0.076
901 815 25 31 0.074
353 614 19 23 0.071
434 857 27 32 0.071
604 10 17 37 0.067
242 705 33 24 0.067
261 711 22 26 0.066
710 476 16 20 0.066
408 320 36 49 0.064
997 571 19 24 0.061
2 782 19 28 0.060
963 754 21 26 0.058
170 559 17 24 0.058
1007 691 17 28 0.058
511 641 28 35 0.056
311 593 18 23 0.056
485 626 19 25 0.054
327 409 19 22 0.053
305 936 30 35 0.053
135 789 23 29 0.051
906 823 25 30 0.051
717 463 18 23 0.050
80 588 15 19 0.049
502 0 16 15 0.049
737 594 20 22 0.046
812 557 20 22 0.043
216 761 27 36 0.042
877 783 24 29 0.042
1005 881 18 34 0.042
88 642 19 23 0.041
507 612 23 21 0.041
828 600 18 21 0.040
439 862 32 30 0.040
406 624 21 23 0.039
358 612 19 21 0.039
811 959 29 32 0.037
34 739 19 25 0.036
271 598 19 23 0.035
1007 892 17 31 0.035
309 614 17 24 0.035
76 685 22 30 0.034
831 741 23 29 0.034
226 769 23 27 0.033
890 752 27 35 0.033
233 763 21 26 0.033
12 645 20 28 0.032
242 702 18 23 0.032
360 641 26 66 0.032
803 743 23 26 0.032
1 712 17 33 0.032
77 727 22 26 0.032
919 834 23 29 0.029
524 639 25 27 0.029
1003 588 18 28 0.028
719 600 28 24 0.028
338 274 36 36 0.027
676 10 15 17 0.027
28 651 21 30 0.026
601 38 19 23 0.026
870 989 28 28 0.025
234 979 21 24 0.024
441 43 14 17 0.024
308 599 19 24 0.024
1008 861 16 33 0.023
716 754 19 23 0.022
357 411 32 28 0.022
118 813 20 25 0.022
440 283 33 38 0.021
313 714 18 22 0.021
15 591 23 40 0.021
173 668 21 26 0.020
456 864 21 28 0.020
877 648 17 20 0.020
287 810 22 30 0.020
