40_Gymnastics_Gymnastics_40_665
245
181 209 13 16 0.724
230 204 13 17 0.717
717 207 12 15 0.715
310 144 15 18 0.711
276 200 12 16 0.710
317 197 12 16 0.696
208 112 12 14 0.692
169 107 12 15 0.676
92 109 13 14 0.674
591 151 12 14 0.668
89 212 15 16 0.668
579 105 12 15 0.666
627 144 13 17 0.666
497 165 13 17 0.663
301 97 14 16 0.648
627 213 12 14 0.644
675 208 12 15 0.638
764 200 13 16 0.636
584 197 13 16 0.635
756 157 11 14 0.631
666 63 11 14 0.630
665 98 13 15 0.625
463 203 14 16 0.624
800 110 11 14 0.623
621 104 12 14 0.620
263 161 11 13 0.616
836 123 13 15 0.615
336 211 12 15 0.614
668 152 12 13 0.611
26 180 13 16 0.604
714 152 12 14 0.603
253 100 13 16 0.601
556 145 13 16 0.597
461 101 13 17 0.591
798 156 14 15 0.590
552 215 11 13 0.589
666 525 21 25 0.579
171 159 12 15 0.568
751 63 11 14 0.563
627 52 13 15 0.556
336 446 19 24 0.555
458 148 13 16 0.544
156 65 13 16 0.540
10 136 12 14 0.536
134 101 11 15 0.533
123 171 15 16 0.529
581 60 13 15 0.527
50 108 12 15 0.510
515 152 13 16 0.508
840 175 12 14 0.497
202 56 13 16 0.492
696 17 12 14 0.489
709 110 13 16 0.476
81 163 13 17 0.473
40 66 13 15 0.450
739 121 11 14 0.435
542 63 11 14 0.434
21 210 14 17 0.428
711 66 12 14 0.411
201 229 16 18 0.399
535 12 13 17 0.389
97 72 12 15 0.375
284 492 19 18 0.371
735 10 13 15 0.364
240 57 12 17 0.337
122 72 12 14 0.331
116 14 12 16 0.317
838 450 14 18 0.296
575 19 12 13 0.291
834 489 25 30 0.264
285 58 14 15 0.254
322 204 18 17 0.249
217 170 13 15 0.239
449 53 14 16 0.237
716 378 18 21 0.219
652 16 13 16 0.215
159 29 13 16 0.212
539 413 15 20 0.211
550 112 13 17 0.208
223 168 13 15 0.204
144 216 14 17 0.195
448 477 18 21 0.191
65 13 14 18 0.185
482 59 13 16 0.185
570 79 13 15 0.151
707 103 13 17 0.148
704 97 13 16 0.144
503 123 14 18 0.142
800 126 11 60 0.127
786 126 11 15 0.124
1 69 12 14 0.123
648 252 11 14 0.121
279 447 13 20 0.121
518 200 13 19 0.118
181 210 32 29 0.113
339 443 19 21 0.110
775 89 12 14 0.107
543 173 14 18 0.105
285 32 13 15 0.105
815 213 14 18 0.104
789 107 26 23 0.102
781 75 13 18 0.102
619 53 48 16 0.101
758 120 13 15 0.098
213 174 13 15 0.093
685 42 13 17 0.093
290 396 14 19 0.092
570 486 30 34 0.092
62 147 12 15 0.088
0 119 8 16 0.085
5 75 13 17 0.085
627 47 13 16 0.084
619 17 14 18 0.080
831 141 13 17 0.080
547 134 13 16 0.079
739 112 12 14 0.078
160 182 13 17 0.077
1 125 10 21 0.077
562 429 16 21 0.074
763 138 12 15 0.072
709 117 12 15 0.071
436 72 16 21 0.071
663 233 10 13 0.070
526 108 14 16 0.070
691 17 14 32 0.070
705 76 14 55 0.070
16 93 13 15 0.069
717 189 13 14 0.069
193 13 12 15 0.069
725 36 12 15 0.069
19 14 13 13 0.067
118 144 15 18 0.067
764 123 12 24 0.067
515 204 13 17 0.067
521 105 22 24 0.066
163 183 15 17 0.064
733 12 13 20 0.064
695 155 12 13 0.062
336 459 15 19 0.061
91 207 15 18 0.060
866 114 13 17 0.060
59 102 14 16 0.058
284 457 17 19 0.056
721 426 19 21 0.055
134 104 12 17 0.054
624 17 13 22 0.053
519 190 13 18 0.052
282 455 14 17 0.052
776 97 14 17 0.051
12 84 14 24 0.050
65 98 12 14 0.049
764 204 13 17 0.049
668 513 19 23 0.047
138 96 12 17 0.047
745 30 15 20 0.046
83 172 13 19 0.045
838 142 12 16 0.044
783 67 15 42 0.043
346 447 16 18 0.043
445 165 16 18 0.043
655 21 13 16 0.043
827 60 14 17 0.043
1 67 20 36 0.042
713 189 12 14 0.041
606 126 13 17 0.041
797 143 14 22 0.041
700 100 13 16 0.040
816 6 15 15 0.040
253 108 13 17 0.040
918 87 15 19 0.039
590 90 12 23 0.039
831 123 12 15 0.038
866 108 17 25 0.038
818 21 15 19 0.037
240 16 12 15 0.037
789 89 13 16 0.037
777 67 16 51 0.036
36 24 13 15 0.036
203 32 12 13 0.036
699 75 13 17 0.036
101 93 13 17 0.036
714 4 15 15 0.036
122 149 15 18 0.034
570 14 15 16 0.034
817 4 17 27 0.034
781 35 14 16 0.033
286 47 18 55 0.033
115 78 15 17 0.033
279 493 14 16 0.032
762 116 27 35 0.032
921 558 19 24 0.032
586 150 13 15 0.031
503 129 12 16 0.031
655 14 14 16 0.031
1 82 15 24 0.030
668 208 14 30 0.030
726 61 16 15 0.029
727 146 12 14 0.029
174 182 13 15 0.029
741 24 16 23 0.028
213 150 13 15 0.028
650 21 14 15 0.028
55 107 12 15 0.027
203 36 11 23 0.027
206 58 13 15 0.027
724 108 14 16 0.027
747 53 14 22 0.027
851 458 15 18 0.026
717 57 13 17 0.025
41 69 12 17 0.025
619 4 13 14 0.025
582 19 18 14 0.025
722 30 12 16 0.025
593 99 12 17 0.025
202 109 15 16 0.024
770 176 13 16 0.024
129 167 14 17 0.024
535 408 15 21 0.024
798 219 13 17 0.024
502 114 15 18 0.024
629 208 12 15 0.024
341 243 13 14 0.024
701 82 12 21 0.023
15 213 15 18 0.023
81 48 13 17 0.023
28 20 20 18 0.023
290 462 16 18 0.023
584 5 16 13 0.023
804 44 16 19 0.022
398 421 16 27 0.022
723 370 18 21 0.022
630 36 11 16 0.022
762 165 16 19 0.021
726 46 14 24 0.021
636 57 12 20 0.021
394 426 19 42 0.021
500 107 14 18 0.021
600 193 12 15 0.021
0 161 9 16 0.021
788 133 11 17 0.021
620 198 22 30 0.021
875 139 15 16 0.021
468 166 14 19 0.020
520 210 13 17 0.020
603 130 13 16 0.020
