40_Gymnastics_Gymnastics_40_774
61
54 784 39 52 0.847
219 885 36 46 0.846
328 893 35 45 0.831
67 734 35 47 0.828
835 939 31 41 0.820
816 816 35 44 0.813
306 830 34 43 0.812
706 917 35 47 0.809
282 226 28 35 0.797
924 717 35 44 0.795
776 317 31 38 0.795
403 725 38 50 0.795
684 811 31 40 0.794
341 7 30 36 0.794
204 836 33 42 0.791
718 141 30 36 0.790
357 445 31 39 0.787
301 717 37 51 0.781
548 918 36 46 0.777
153 146 28 32 0.770
543 451 31 37 0.764
221 145 27 33 0.762
598 829 35 46 0.757
489 0 29 31 0.752
433 357 47 74 0.752
984 292 31 40 0.750
176 252 28 36 0.746
210 0 26 28 0.726
68 152 24 28 0.725
383 901 48 62 0.720
942 135 30 41 0.702
631 153 27 32 0.700
129 25 24 30 0.631
497 915 31 45 0.628
429 816 30 41 0.537
31 276 23 28 0.335
515 967 36 51 0.328
82 324 24 28 0.188
778 273 31 37 0.148
686 882 31 38 0.142
378 101 27 32 0.134
425 226 39 40 0.131
530 0 28 15 0.119
1012 150 12 35 0.099
607 30 30 33 0.093
571 0 28 15 0.086
133 9 24 42 0.086
500 918 84 59 0.081
140 1 21 18 0.072
438 444 22 29 0.062
180 0 20 12 0.060
112 59 26 32 0.043
1014 158 10 43 0.037
940 128 27 32 0.032
531 0 42 21 0.030
400 800 30 38 0.029
964 270 26 36 0.029
1002 0 19 9 0.028
148 54 23 31 0.027
233 29 25 31 0.024
1014 180 10 36 0.022
