40_Gymnastics_Gymnastics_40_479
34
318 258 38 51 0.803
513 413 52 69 0.796
365 321 41 59 0.796
627 99 15 20 0.775
170 182 32 49 0.754
738 165 17 19 0.716
439 133 11 14 0.649
409 130 12 14 0.641
571 100 13 20 0.607
997 210 16 20 0.585
407 148 12 14 0.542
260 174 10 12 0.523
272 127 7 9 0.251
89 172 12 13 0.238
161 152 9 11 0.133
100 170 13 14 0.121
268 127 8 9 0.121
301 135 7 9 0.087
220 106 7 8 0.080
110 164 12 17 0.071
160 159 10 14 0.056
400 144 13 16 0.054
239 118 7 8 0.044
303 139 7 7 0.038
112 159 11 16 0.036
1000 205 17 21 0.034
170 179 22 31 0.031
185 123 8 10 0.030
183 158 9 13 0.029
396 142 10 13 0.027
266 168 14 14 0.025
220 103 8 7 0.022
72 130 16 19 0.022
221 105 12 9 0.020
