40_Gymnastics_Gymnastics_40_817
66
308 441 111 143 0.857
888 84 24 29 0.474
978 245 24 29 0.465
120 179 26 30 0.446
602 176 28 33 0.382
790 108 27 36 0.380
932 331 23 26 0.326
1008 323 16 33 0.323
22 231 23 28 0.322
104 236 24 28 0.266
695 147 23 29 0.253
93 322 26 30 0.233
0 350 24 34 0.218
53 133 23 28 0.211
190 246 22 28 0.192
1009 648 15 46 0.185
149 169 23 30 0.184
90 384 27 32 0.174
856 185 22 25 0.166
944 286 25 27 0.163
923 472 30 37 0.152
991 368 24 30 0.141
930 183 21 25 0.119
808 657 36 40 0.108
1006 508 18 39 0.104
624 25 20 22 0.094
684 279 25 28 0.094
977 284 25 29 0.078
620 335 26 30 0.072
512 241 23 31 0.071
28 556 30 38 0.063
733 148 30 34 0.060
893 507 28 35 0.056
771 460 25 33 0.054
95 427 28 33 0.054
1002 316 22 64 0.052
885 271 26 33 0.051
1009 228 15 28 0.051
736 313 23 28 0.049
810 288 26 30 0.046
825 429 26 29 0.042
579 354 34 36 0.039
534 19 19 23 0.037
52 177 22 27 0.037
79 172 26 34 0.036
916 419 26 31 0.034
742 405 32 37 0.032
541 67 28 32 0.032
795 105 22 27 0.032
768 157 21 28 0.031
22 58 23 27 0.031
883 249 24 30 0.030
719 114 20 23 0.030
1012 207 12 39 0.029
1007 280 16 35 0.028
1007 547 17 38 0.028
160 295 25 28 0.027
843 340 21 25 0.026
0 143 8 28 0.025
822 149 20 26 0.025
15 462 26 32 0.025
42 171 28 33 0.024
757 264 27 31 0.023
622 270 29 35 0.023
991 282 30 30 0.021
0 311 14 31 0.021
