40_Gymnastics_Gymnastics_40_520
63
77 309 26 33 0.856
182 439 22 29 0.850
63 386 26 32 0.849
362 412 24 31 0.843
893 340 23 30 0.841
73 529 24 31 0.839
428 504 24 30 0.838
773 531 23 30 0.838
154 392 24 29 0.837
128 517 23 29 0.831
291 501 22 30 0.829
546 512 23 28 0.829
535 411 23 30 0.829
541 347 22 30 0.829
160 339 23 29 0.828
637 422 23 29 0.826
498 579 24 31 0.824
868 589 22 27 0.823
761 369 23 30 0.823
493 512 22 27 0.822
478 401 23 31 0.822
606 525 23 28 0.821
791 589 23 27 0.821
716 522 23 28 0.820
220 429 22 28 0.820
662 518 22 27 0.819
938 532 24 31 0.817
352 585 23 29 0.817
805 377 22 28 0.817
920 399 24 29 0.817
586 414 23 29 0.816
586 587 22 28 0.815
871 396 24 28 0.815
306 419 23 29 0.814
426 345 23 30 0.814
488 344 21 28 0.813
262 417 22 28 0.813
652 365 20 28 0.813
179 519 24 29 0.812
232 372 23 28 0.811
755 435 23 31 0.810
196 374 21 27 0.810
811 448 23 30 0.810
428 583 24 28 0.810
155 583 23 29 0.809
116 396 24 29 0.808
665 584 25 30 0.807
731 587 22 30 0.807
884 533 23 26 0.807
422 401 22 30 0.807
840 376 21 28 0.806
710 366 23 29 0.805
302 584 24 28 0.805
375 343 22 29 0.804
591 352 23 29 0.802
363 508 23 30 0.800
692 431 22 29 0.797
327 348 22 29 0.795
826 535 22 28 0.792
233 517 25 28 0.787
230 585 23 30 0.787
860 446 23 29 0.779
284 355 22 28 0.772
