54_Rescue_rescuepeople_54_533
48
425 317 19 22 0.772
812 313 20 24 0.738
757 267 20 24 0.736
696 288 19 24 0.727
963 351 20 23 0.714
448 308 19 22 0.712
404 296 21 22 0.670
549 281 15 22 0.631
757 321 20 26 0.604
472 304 21 24 0.596
306 324 17 21 0.593
130 300 17 29 0.589
676 372 15 20 0.552
349 306 18 21 0.541
860 329 16 19 0.513
2 285 22 26 0.421
236 312 15 20 0.373
219 280 15 24 0.362
478 306 22 23 0.331
208 286 16 27 0.331
840 318 13 17 0.288
415 295 19 21 0.252
166 290 12 19 0.225
605 282 17 21 0.224
0 283 15 24 0.222
341 307 17 21 0.211
455 305 42 22 0.209
98 285 15 20 0.177
434 311 32 22 0.159
487 308 15 19 0.132
353 302 15 19 0.116
750 323 17 22 0.111
575 298 11 15 0.105
619 319 17 21 0.103
169 291 20 20 0.099
729 379 15 19 0.085
831 314 15 19 0.084
182 292 14 21 0.065
11 285 18 26 0.045
428 303 18 26 0.038
683 369 19 20 0.038
561 291 16 20 0.035
163 286 18 27 0.028
424 295 13 18 0.028
550 277 13 18 0.026
491 310 16 18 0.024
224 279 14 20 0.022
605 295 25 30 0.021
