54_Rescue_rescuepeople_54_165
34
471 38 18 22 0.720
624 39 19 21 0.702
674 31 17 20 0.658
817 8 19 22 0.631
858 157 31 42 0.605
881 12 19 23 0.577
593 205 30 42 0.527
46 0 28 26 0.503
395 388 29 28 0.375
363 0 24 11 0.361
783 24 16 20 0.331
784 135 32 58 0.296
148 0 21 16 0.291
730 3 18 20 0.279
949 3 17 18 0.174
302 367 27 27 0.150
317 52 15 18 0.129
461 33 17 21 0.118
231 0 22 15 0.097
460 30 14 18 0.077
52 284 42 61 0.072
801 1 14 17 0.066
715 10 21 21 0.055
140 0 21 16 0.053
713 14 17 19 0.048
735 6 19 23 0.044
726 0 16 18 0.032
303 372 35 30 0.031
44 0 26 16 0.029
883 3 20 23 0.028
953 2 22 19 0.026
1013 0 11 19 0.024
729 12 20 20 0.023
388 375 31 24 0.022
