54_Rescue_rescuepeople_54_167
48
958 148 40 56 0.853
479 199 42 55 0.849
276 188 55 71 0.834
615 77 34 38 0.833
105 211 42 45 0.823
615 190 44 59 0.820
371 203 41 50 0.818
451 170 35 45 0.802
61 105 17 21 0.771
680 66 21 24 0.768
270 88 13 17 0.738
438 90 14 19 0.702
247 111 14 17 0.664
295 99 13 14 0.655
343 85 14 16 0.650
372 99 12 14 0.650
400 110 23 33 0.647
141 112 12 15 0.638
168 116 14 18 0.619
109 128 11 13 0.359
818 32 27 37 0.317
240 180 21 25 0.242
210 116 10 13 0.198
303 103 15 14 0.181
172 210 26 28 0.110
345 132 15 20 0.109
309 174 27 37 0.094
310 105 11 13 0.094
119 164 13 16 0.084
258 89 16 15 0.081
506 193 28 42 0.072
354 105 16 16 0.066
347 107 20 18 0.058
332 201 22 30 0.039
349 112 15 21 0.038
826 33 31 36 0.038
154 185 13 16 0.036
339 99 12 16 0.035
169 202 22 34 0.032
433 88 14 20 0.029
178 209 29 36 0.029
75 131 10 13 0.028
154 116 32 17 0.024
397 100 13 22 0.024
395 116 22 30 0.023
193 219 40 41 0.022
173 116 13 18 0.022
255 93 10 13 0.020
