54_Rescue_rescuepeople_54_1016
138
120 331 22 27 0.767
184 323 20 26 0.748
964 305 19 26 0.742
892 280 21 28 0.737
829 246 20 23 0.725
257 320 22 26 0.672
13 301 23 26 0.658
510 233 15 18 0.653
199 250 16 18 0.643
970 260 17 23 0.642
286 271 17 21 0.640
236 274 20 23 0.627
876 234 18 22 0.591
253 224 15 17 0.581
486 235 13 16 0.581
16 255 17 20 0.576
672 217 16 20 0.541
10 351 24 38 0.513
478 204 14 18 0.495
529 226 13 17 0.489
849 283 20 26 0.484
326 233 16 19 0.477
450 193 12 14 0.449
120 239 13 17 0.446
138 232 13 16 0.444
672 210 15 20 0.425
65 280 20 26 0.418
1009 270 15 23 0.406
347 223 13 15 0.397
799 260 22 29 0.390
408 249 14 16 0.365
208 295 15 19 0.346
126 261 18 22 0.319
438 216 14 17 0.314
282 204 12 13 0.300
171 261 14 18 0.288
556 219 14 18 0.285
841 280 20 29 0.285
564 148 15 17 0.283
576 227 14 16 0.268
117 263 19 23 0.256
691 227 16 20 0.252
165 214 13 16 0.230
323 214 12 16 0.226
361 231 13 17 0.218
57 268 21 24 0.217
439 229 14 17 0.211
370 193 13 16 0.198
180 264 18 20 0.194
56 267 15 19 0.183
325 218 15 20 0.177
798 239 20 26 0.176
218 196 13 14 0.163
186 266 17 23 0.155
54 262 15 20 0.146
496 243 13 18 0.136
128 265 18 23 0.134
281 322 16 20 0.134
520 208 12 14 0.127
174 219 13 16 0.126
67 272 20 27 0.123
280 232 15 17 0.118
367 209 15 18 0.116
479 191 14 59 0.112
292 213 11 15 0.112
439 205 15 36 0.102
271 206 21 14 0.101
164 207 15 17 0.101
814 261 19 26 0.100
170 261 41 22 0.100
716 235 15 19 0.096
287 206 13 18 0.096
250 247 13 16 0.095
448 235 14 16 0.095
528 255 15 19 0.088
91 282 15 19 0.088
268 261 14 17 0.083
189 271 18 21 0.083
124 231 28 28 0.082
286 262 18 24 0.081
402 219 12 16 0.079
413 193 12 15 0.076
323 224 39 22 0.076
51 257 17 19 0.075
794 231 20 27 0.074
561 226 21 23 0.072
441 207 16 19 0.068
838 287 19 27 0.068
719 223 14 30 0.061
164 202 14 16 0.059
719 212 13 17 0.054
267 209 12 13 0.054
344 213 42 30 0.053
611 87 14 16 0.053
281 197 16 41 0.052
836 276 21 27 0.052
270 206 12 13 0.049
204 214 13 17 0.049
242 273 19 22 0.049
256 218 22 19 0.048
651 230 14 20 0.044
560 236 15 18 0.044
316 273 16 18 0.043
377 208 19 19 0.042
0 341 21 37 0.041
405 253 16 18 0.039
517 204 11 14 0.038
883 239 17 21 0.038
398 214 14 18 0.037
304 246 16 18 0.035
439 118 10 11 0.035
546 256 17 18 0.035
723 60 17 21 0.034
382 179 13 14 0.033
481 105 12 13 0.032
871 254 21 22 0.032
278 221 21 24 0.032
241 192 11 13 0.030
793 257 22 30 0.030
660 217 24 27 0.030
550 250 17 20 0.029
255 251 16 21 0.028
503 372 19 26 0.028
23 362 27 35 0.026
649 227 14 16 0.025
111 267 16 19 0.024
83 234 14 17 0.024
363 239 16 19 0.024
208 300 17 23 0.024
43 254 20 17 0.024
566 114 15 16 0.023
117 271 17 21 0.023
141 232 17 17 0.023
663 223 15 18 0.022
235 293 17 20 0.022
715 246 16 26 0.022
794 227 18 20 0.021
16 359 23 28 0.021
