54_Rescue_rescuepeople_54_755
37
614 98 38 51 0.757
560 1 22 28 0.712
749 174 38 57 0.366
513 365 32 36 0.333
370 159 25 24 0.254
411 0 20 16 0.205
395 219 33 24 0.188
305 219 40 35 0.164
242 176 34 24 0.157
302 177 30 26 0.149
504 362 32 33 0.134
247 434 54 59 0.116
452 241 25 30 0.084
373 163 28 28 0.078
309 229 44 37 0.052
402 222 40 27 0.049
152 216 43 40 0.047
737 184 40 48 0.043
394 341 35 35 0.042
400 350 34 42 0.042
408 0 20 21 0.037
245 184 35 28 0.034
408 433 45 40 0.033
442 252 31 37 0.031
382 195 32 28 0.031
293 171 29 30 0.029
267 423 42 63 0.028
377 178 34 32 0.027
229 149 41 34 0.025
524 369 28 36 0.025
235 442 47 50 0.024
297 207 38 41 0.024
309 183 29 28 0.023
383 167 34 28 0.023
320 519 40 47 0.022
398 367 40 35 0.021
403 1 18 20 0.020
