54_Rescue_rescuepeople_54_345
34
456 334 45 54 0.847
780 296 61 76 0.844
700 346 31 36 0.841
150 332 26 33 0.834
547 367 29 36 0.829
406 366 28 34 0.793
251 359 30 39 0.781
401 313 20 26 0.748
366 314 19 24 0.736
219 342 22 27 0.725
522 374 22 27 0.690
312 332 18 22 0.667
191 332 10 12 0.549
222 313 14 15 0.353
290 339 18 22 0.278
237 314 17 19 0.266
223 314 21 16 0.259
512 397 24 26 0.208
270 361 23 29 0.195
440 351 17 23 0.168
275 346 28 41 0.101
423 346 18 22 0.096
435 346 26 35 0.084
267 322 11 13 0.081
343 368 16 21 0.069
290 333 13 18 0.062
387 313 12 17 0.062
97 325 7 8 0.056
375 316 26 20 0.051
277 362 17 22 0.035
443 354 15 27 0.032
219 308 14 16 0.031
218 310 35 24 0.026
215 309 11 12 0.023
