54_Rescue_rescuepeople_54_922
33
553 439 34 39 0.786
482 319 15 18 0.436
527 520 30 41 0.372
290 234 10 11 0.287
761 379 8 9 0.274
261 230 10 11 0.269
695 367 8 8 0.257
374 387 23 26 0.227
713 359 7 9 0.221
351 232 10 12 0.162
820 358 7 8 0.103
355 233 11 13 0.092
136 436 26 30 0.084
734 373 8 9 0.068
693 367 7 9 0.062
736 374 7 9 0.049
110 643 20 25 0.048
487 316 14 18 0.044
356 391 41 37 0.036
521 540 28 35 0.034
767 387 7 9 0.034
763 384 8 10 0.033
65 326 12 14 0.033
410 413 32 37 0.031
736 379 19 9 0.030
19 568 24 27 0.030
341 409 36 33 0.029
317 412 26 33 0.028
547 524 32 41 0.026
349 256 10 11 0.026
730 373 15 13 0.026
352 415 34 34 0.024
355 237 12 16 0.020
