54_Rescue_rescuepeople_54_168
32
359 229 141 165 0.870
722 336 129 154 0.867
883 233 49 59 0.844
28 592 239 232 0.813
679 236 36 43 0.784
747 277 42 56 0.749
227 236 45 62 0.720
492 267 32 42 0.711
530 367 79 87 0.699
566 300 58 58 0.682
162 228 19 24 0.389
954 229 39 50 0.378
999 233 23 38 0.301
73 247 13 15 0.272
145 174 16 19 0.221
879 392 89 79 0.221
620 433 45 62 0.213
997 265 26 63 0.196
99 249 11 13 0.116
90 287 10 13 0.115
633 248 23 28 0.106
69 249 14 17 0.080
3 261 22 27 0.067
1 258 18 22 0.067
112 245 16 14 0.045
62 263 14 16 0.041
756 270 49 58 0.039
121 244 14 16 0.030
543 250 40 48 0.030
6 275 19 25 0.024
168 228 18 24 0.021
562 270 61 70 0.020
