54_Rescue_rescuepeople_54_26
24
772 123 40 46 0.799
456 149 42 47 0.799
362 153 44 52 0.750
588 230 52 62 0.725
637 86 40 47 0.724
524 145 39 45 0.695
559 106 41 47 0.686
304 127 59 65 0.680
820 298 57 72 0.661
152 142 39 51 0.625
336 108 47 55 0.171
532 130 34 42 0.110
316 112 63 76 0.101
134 136 45 53 0.091
737 99 49 44 0.063
637 71 39 43 0.063
758 104 30 40 0.061
718 103 35 42 0.052
458 119 36 43 0.038
453 130 42 54 0.033
160 131 41 53 0.032
540 125 35 35 0.030
483 287 63 62 0.021
763 110 35 42 0.020
