54_Rescue_rescuepeople_54_118
35
345 210 26 33 0.799
320 232 26 32 0.793
877 468 28 42 0.724
730 506 28 37 0.679
322 431 35 44 0.627
273 202 25 25 0.550
72 247 13 16 0.505
189 254 18 19 0.467
288 179 24 26 0.457
32 322 14 19 0.435
29 287 14 16 0.379
179 291 17 18 0.363
253 254 23 23 0.340
152 303 14 15 0.298
576 461 30 41 0.175
193 256 20 21 0.104
332 424 35 48 0.093
244 246 24 31 0.091
114 300 13 18 0.086
843 264 36 41 0.063
67 247 15 16 0.050
199 276 20 23 0.048
23 326 14 18 0.038
112 307 13 14 0.035
891 470 26 39 0.033
873 461 26 42 0.031
296 178 22 24 0.030
144 285 12 13 0.026
601 111 212 346 0.024
225 395 20 21 0.023
739 513 24 29 0.023
261 250 20 24 0.023
395 258 20 28 0.022
240 239 22 28 0.021
59 239 18 18 0.020
