54_Rescue_rescuepeople_54_313
31
449 42 35 47 0.848
307 21 33 43 0.825
423 484 45 53 0.764
11 426 56 60 0.750
276 105 33 42 0.742
655 190 45 42 0.638
773 276 51 54 0.426
448 244 45 33 0.381
407 384 54 53 0.372
597 11 27 31 0.287
34 0 36 39 0.232
101 88 27 27 0.192
459 342 29 27 0.190
536 166 38 36 0.169
49 88 27 34 0.161
647 194 41 45 0.150
102 49 25 28 0.122
171 542 81 69 0.121
440 249 42 35 0.115
552 79 25 31 0.105
464 250 32 27 0.097
790 276 40 43 0.074
419 363 48 58 0.066
300 376 46 39 0.057
538 156 35 29 0.053
460 238 37 33 0.052
601 0 30 24 0.047
779 291 53 55 0.035
39 10 35 39 0.031
666 185 42 41 0.031
475 253 19 22 0.023
