54_Rescue_rescuepeople_54_830
45
279 485 23 27 0.778
439 422 19 22 0.734
390 463 19 23 0.730
521 425 18 22 0.727
770 410 15 19 0.690
481 487 18 20 0.561
725 400 8 9 0.369
826 405 7 10 0.267
708 403 9 11 0.265
758 419 10 11 0.236
953 406 7 8 0.214
745 400 8 9 0.212
999 471 9 10 0.177
999 456 9 10 0.158
819 422 7 9 0.139
721 400 15 10 0.118
715 411 10 11 0.109
711 408 11 12 0.108
591 380 31 36 0.094
656 402 16 19 0.084
646 397 30 27 0.064
799 412 9 10 0.060
826 404 7 7 0.055
999 454 7 8 0.053
812 420 15 10 0.051
470 413 14 16 0.051
824 401 7 29 0.048
567 407 14 17 0.046
477 431 14 18 0.045
255 393 24 29 0.045
709 405 11 14 0.044
590 383 21 25 0.038
792 421 11 13 0.038
474 417 16 24 0.037
953 404 7 7 0.035
627 394 27 30 0.034
924 403 7 6 0.033
1001 469 18 11 0.033
793 410 14 22 0.032
589 399 25 30 0.031
585 381 17 23 0.027
634 396 37 31 0.026
927 405 7 8 0.025
802 411 9 9 0.022
871 402 7 6 0.021
