49_Greeting_peoplegreeting_49_805
35
517 310 34 42 0.864
437 331 39 54 0.851
570 310 33 39 0.850
635 309 41 50 0.843
204 299 41 52 0.842
115 314 43 52 0.841
478 306 31 41 0.839
64 274 40 51 0.834
743 317 39 46 0.831
810 317 40 49 0.828
936 300 46 56 0.827
368 297 40 51 0.825
280 310 41 51 0.794
872 281 38 49 0.788
342 331 48 72 0.770
741 265 31 36 0.758
395 293 31 46 0.751
898 371 54 64 0.726
851 286 30 42 0.641
727 322 26 39 0.640
230 518 62 114 0.597
865 342 41 62 0.556
233 301 30 45 0.438
839 444 76 105 0.421
855 549 61 103 0.383
1012 374 12 69 0.283
878 339 46 62 0.126
1016 390 8 63 0.122
1017 367 7 59 0.096
218 297 37 50 0.056
227 504 56 75 0.035
1012 344 11 37 0.028
1010 336 14 71 0.025
648 310 36 42 0.020
326 347 47 58 0.020
