49_Greeting_peoplegreeting_49_791
99
466 31 77 104 0.838
858 86 63 70 0.834
758 86 29 36 0.711
941 26 18 23 0.646
575 40 15 18 0.644
980 72 20 23 0.629
769 23 16 19 0.558
805 67 21 27 0.545
974 40 18 23 0.544
716 83 22 27 0.541
794 110 27 31 0.519
430 81 20 25 0.485
847 36 17 20 0.461
438 58 14 16 0.415
891 35 17 22 0.351
553 60 18 25 0.349
825 50 21 26 0.324
759 64 24 27 0.291
769 29 18 23 0.277
713 46 17 20 0.269
751 151 26 31 0.240
365 43 17 20 0.238
715 126 22 27 0.231
650 86 22 26 0.230
614 59 19 22 0.223
587 89 20 24 0.216
630 43 16 20 0.213
770 36 20 23 0.205
994 169 30 62 0.203
632 269 34 41 0.199
650 117 44 59 0.190
586 62 19 22 0.178
679 40 15 20 0.176
799 85 24 53 0.175
922 34 15 19 0.168
418 51 14 16 0.152
548 92 27 30 0.145
1010 62 14 23 0.132
397 47 16 21 0.124
294 312 29 38 0.114
549 66 26 31 0.101
325 48 20 22 0.096
617 46 28 29 0.094
407 50 26 18 0.092
24 153 18 22 0.086
795 98 24 30 0.083
426 56 24 26 0.079
820 46 15 18 0.074
921 31 34 20 0.067
210 71 17 20 0.065
659 61 21 25 0.064
131 166 21 24 0.064
1006 95 18 33 0.063
713 51 21 25 0.060
615 96 20 25 0.060
263 195 19 20 0.059
649 112 37 42 0.059
587 54 21 55 0.056
597 60 21 23 0.056
654 90 29 28 0.054
652 77 23 29 0.049
997 47 24 34 0.046
454 62 14 26 0.044
660 46 26 54 0.043
775 624 31 39 0.042
552 80 32 32 0.042
905 35 18 20 0.041
706 71 22 32 0.041
698 75 18 23 0.040
995 147 29 59 0.040
453 66 20 34 0.038
574 86 29 26 0.038
372 70 21 26 0.038
848 31 17 19 0.037
69 131 19 22 0.036
825 54 27 32 0.036
1012 16 12 36 0.034
578 53 20 23 0.034
891 30 16 19 0.033
409 76 16 22 0.031
718 71 24 33 0.030
667 88 20 26 0.029
761 108 24 31 0.027
717 90 23 30 0.027
289 307 26 33 0.025
354 73 20 25 0.024
150 72 15 17 0.024
966 43 18 23 0.023
95 157 18 23 0.023
716 101 21 31 0.022
179 64 17 22 0.022
898 63 28 32 0.021
219 148 21 25 0.021
720 57 22 26 0.021
934 118 46 54 0.021
836 105 24 37 0.021
6 271 46 52 0.021
845 66 35 42 0.021
278 308 32 36 0.020
