49_Greeting_peoplegreeting_49_119
128
221 60 68 72 0.842
913 1 75 101 0.841
119 106 33 52 0.809
557 33 42 52 0.796
613 71 45 65 0.785
512 0 33 29 0.785
660 31 64 95 0.781
774 145 67 98 0.770
319 41 27 36 0.742
606 26 44 55 0.727
677 144 64 87 0.720
156 25 13 16 0.682
289 29 14 20 0.575
501 66 46 56 0.553
61 0 13 17 0.541
860 1 50 60 0.518
130 16 11 14 0.509
447 31 42 47 0.454
164 2 11 13 0.444
324 28 19 22 0.418
193 4 11 12 0.418
38 23 11 12 0.391
591 0 35 28 0.376
310 3 12 13 0.369
127 0 9 10 0.357
376 26 16 19 0.347
35 0 9 10 0.337
207 0 10 11 0.331
285 6 11 12 0.282
386 1 11 11 0.253
9 14 11 13 0.248
794 0 44 39 0.244
80 3 11 15 0.242
407 38 22 25 0.216
1 0 9 11 0.214
178 5 10 10 0.207
102 26 13 15 0.189
9 1 10 11 0.188
100 0 11 10 0.184
422 20 14 17 0.183
765 56 50 58 0.177
145 9 11 18 0.176
176 9 10 13 0.175
363 13 11 13 0.173
373 32 18 22 0.171
97 0 11 10 0.160
164 4 18 12 0.155
869 19 39 49 0.155
177 5 15 13 0.153
348 11 11 13 0.146
439 36 32 40 0.143
346 2 11 13 0.142
333 1 11 11 0.141
194 1 20 11 0.139
347 5 10 16 0.136
369 19 20 18 0.134
10 0 10 23 0.131
81 9 10 13 0.119
141 56 13 15 0.117
881 0 32 49 0.114
81 35 13 15 0.101
210 0 11 12 0.099
860 0 32 38 0.096
450 27 30 35 0.091
421 1 13 13 0.091
317 1 10 11 0.087
34 14 15 24 0.085
459 37 40 46 0.078
417 5 14 13 0.077
387 1 17 13 0.077
91 29 24 16 0.073
483 2 17 19 0.073
803 0 48 49 0.071
141 0 15 11 0.069
7 5 14 22 0.068
362 9 31 39 0.062
5 0 13 14 0.062
80 33 24 14 0.061
296 2 12 9 0.058
103 27 18 12 0.057
791 0 29 24 0.052
54 0 12 13 0.052
331 3 24 13 0.051
396 14 12 13 0.050
42 16 13 16 0.048
148 1 20 11 0.048
599 0 36 41 0.046
419 14 37 29 0.046
119 0 16 11 0.045
159 17 17 16 0.042
393 1 13 11 0.042
461 28 33 36 0.042
568 0 32 20 0.042
270 6 14 12 0.041
380 39 24 38 0.039
185 28 11 15 0.039
740 0 25 23 0.038
309 8 12 13 0.038
383 53 24 28 0.037
362 5 32 16 0.034
432 41 26 34 0.033
425 24 29 28 0.033
365 39 28 23 0.033
359 3 13 11 0.033
411 4 14 12 0.030
545 0 23 16 0.029
431 0 15 11 0.029
860 1 21 24 0.029
551 0 33 19 0.028
375 2 13 11 0.028
477 1 35 22 0.028
120 2 30 15 0.027
190 7 11 21 0.027
164 1 48 21 0.027
438 38 22 29 0.026
853 27 32 47 0.026
443 19 23 28 0.026
91 13 19 23 0.025
895 0 28 46 0.024
765 1 21 20 0.024
273 3 11 11 0.024
585 0 30 20 0.024
640 39 69 97 0.024
826 3 29 32 0.023
722 0 43 29 0.022
489 2 19 16 0.022
353 47 19 20 0.021
128 24 12 25 0.021
