49_Greeting_peoplegreeting_49_605
32
428 293 23 31 0.828
624 308 24 30 0.817
48 280 23 31 0.809
312 302 22 29 0.807
807 284 18 23 0.804
73 264 24 29 0.791
518 301 21 26 0.789
851 323 21 28 0.769
787 246 18 23 0.766
226 242 17 20 0.731
185 235 18 27 0.688
561 152 14 19 0.677
829 278 18 22 0.649
536 142 11 15 0.409
765 322 12 16 0.271
106 229 13 19 0.207
244 233 17 21 0.195
918 595 25 32 0.158
825 541 26 37 0.115
60 580 25 44 0.078
0 532 15 33 0.049
857 536 21 37 0.046
128 266 17 20 0.045
192 234 16 28 0.042
250 232 13 18 0.033
108 240 14 22 0.033
202 623 22 35 0.030
71 259 21 27 0.026
110 245 20 21 0.026
125 260 17 23 0.025
0 515 10 31 0.025
993 648 26 35 0.023
