49_Greeting_peoplegreeting_49_788
27
733 92 57 73 0.892
301 93 52 68 0.879
538 113 46 62 0.869
434 108 43 59 0.849
478 172 60 79 0.833
731 310 82 114 0.833
235 404 29 38 0.829
170 395 29 34 0.801
106 405 27 33 0.800
205 356 20 25 0.773
122 355 26 32 0.768
168 353 18 24 0.759
102 339 21 26 0.755
240 344 23 27 0.755
153 341 15 19 0.606
372 366 17 20 0.391
366 354 20 23 0.096
417 394 12 17 0.091
359 349 15 18 0.089
203 424 22 28 0.058
345 367 17 19 0.045
421 360 16 17 0.040
377 362 15 17 0.039
354 351 17 24 0.033
372 357 18 20 0.031
393 386 14 15 0.031
354 366 36 20 0.023
