49_Greeting_peoplegreeting_49_690
152
400 447 50 62 0.847
762 486 78 93 0.833
856 101 11 14 0.718
897 115 11 13 0.660
722 161 13 14 0.659
875 106 11 13 0.657
694 173 13 15 0.642
764 104 13 15 0.636
996 134 11 13 0.628
740 136 13 16 0.625
747 112 13 15 0.608
960 76 11 13 0.592
835 79 12 14 0.553
787 113 11 13 0.546
261 244 11 14 0.506
742 161 12 15 0.477
816 101 11 13 0.463
901 80 10 11 0.439
1012 102 10 13 0.423
221 236 10 13 0.412
934 99 10 12 0.342
475 363 18 26 0.335
616 413 41 56 0.291
783 108 13 16 0.284
704 170 12 15 0.257
927 134 12 13 0.255
539 522 83 109 0.245
277 240 10 12 0.240
920 106 10 12 0.237
819 103 14 15 0.232
828 113 13 14 0.232
966 103 11 13 0.230
360 233 11 12 0.221
241 253 9 12 0.215
392 299 18 24 0.198
930 102 12 13 0.197
1007 33 8 10 0.186
191 608 68 79 0.182
649 152 13 18 0.180
321 513 65 70 0.176
881 286 13 15 0.173
840 112 9 12 0.156
944 106 10 12 0.153
904 80 10 12 0.146
641 206 12 14 0.145
1014 91 9 11 0.141
788 149 12 15 0.140
935 103 12 13 0.136
991 66 10 12 0.119
841 274 13 16 0.112
258 244 26 11 0.112
1006 28 9 11 0.112
364 240 11 12 0.107
672 151 14 18 0.103
306 247 10 13 0.098
359 232 15 16 0.097
932 136 11 12 0.095
711 166 14 17 0.095
425 358 24 30 0.093
486 307 13 15 0.092
643 203 12 14 0.091
362 266 9 10 0.091
742 119 12 72 0.089
815 101 25 20 0.089
868 140 10 13 0.088
0 359 20 54 0.081
276 239 9 10 0.080
354 285 13 16 0.078
78 246 10 11 0.075
414 381 22 33 0.070
894 138 11 13 0.070
325 248 9 11 0.069
202 262 10 12 0.068
962 245 11 12 0.066
313 292 10 12 0.066
999 47 8 10 0.062
240 250 18 14 0.061
351 244 8 11 0.059
154 249 9 9 0.053
903 163 11 15 0.052
326 244 9 11 0.051
421 362 23 36 0.051
995 70 9 16 0.051
585 412 64 68 0.050
639 158 16 16 0.048
349 239 14 13 0.048
975 295 20 25 0.047
355 275 12 26 0.046
8 315 13 17 0.044
907 302 16 18 0.044
932 122 13 22 0.040
790 154 13 14 0.039
80 402 36 43 0.039
641 151 13 20 0.037
901 301 18 20 0.035
926 288 17 21 0.035
993 65 12 14 0.034
1013 237 8 10 0.034
843 105 77 16 0.033
406 367 27 35 0.033
832 78 11 13 0.032
777 263 10 13 0.032
330 302 10 15 0.032
1010 245 12 17 0.032
577 352 23 31 0.032
398 299 14 18 0.031
636 209 12 13 0.030
996 84 14 12 0.030
141 246 12 10 0.029
533 538 60 80 0.029
565 424 80 85 0.029
907 274 14 16 0.029
30 272 8 10 0.029
827 86 13 17 0.029
468 297 15 17 0.028
350 231 20 12 0.028
786 245 9 12 0.028
476 302 21 18 0.027
976 288 17 24 0.027
1006 104 12 13 0.027
924 103 59 13 0.027
915 319 19 21 0.027
711 442 51 64 0.027
350 516 41 60 0.027
881 263 12 17 0.026
368 244 9 11 0.026
909 304 17 21 0.025
470 291 14 19 0.025
285 373 23 37 0.025
637 163 11 13 0.025
357 295 14 18 0.025
520 360 22 29 0.025
213 239 53 21 0.025
899 119 12 12 0.025
464 409 26 41 0.025
0 301 8 21 0.024
1012 322 12 29 0.024
952 268 11 14 0.024
668 142 15 17 0.023
841 114 13 13 0.023
89 429 34 46 0.023
166 256 10 9 0.023
1004 242 18 11 0.022
932 139 12 13 0.022
0 237 7 10 0.022
639 150 11 15 0.021
911 297 21 22 0.021
956 80 10 12 0.021
881 262 11 11 0.021
689 456 50 56 0.021
926 139 12 13 0.021
362 289 13 16 0.020
