49_Greeting_peoplegreeting_49_205
65
130 994 49 65 0.865
617 1108 50 65 0.841
363 1082 45 70 0.830
332 854 49 58 0.823
708 509 26 33 0.814
530 944 42 55 0.814
34 443 22 28 0.785
74 446 22 28 0.778
104 466 24 30 0.774
792 519 22 29 0.771
9 431 23 30 0.766
858 538 21 30 0.755
495 845 45 53 0.752
259 477 22 26 0.751
185 457 21 26 0.739
314 502 19 23 0.730
502 506 24 31 0.723
50 1148 54 76 0.714
200 487 20 23 0.704
197 864 39 51 0.699
238 477 19 24 0.681
334 483 21 26 0.661
680 821 28 37 0.619
705 913 44 56 0.614
157 475 23 30 0.558
22 822 32 51 0.512
356 497 17 20 0.483
313 998 44 61 0.406
453 826 45 50 0.376
465 496 17 22 0.371
804 800 26 46 0.327
630 827 31 45 0.199
112 455 20 25 0.147
820 905 35 50 0.131
672 890 42 53 0.124
170 479 61 29 0.116
385 500 21 27 0.114
396 514 20 22 0.110
376 494 20 21 0.094
383 493 18 21 0.088
317 486 57 35 0.086
388 510 23 23 0.085
157 490 20 26 0.079
247 474 37 31 0.057
842 834 40 54 0.054
405 510 22 23 0.054
423 508 19 21 0.054
798 1128 37 59 0.042
496 1090 81 81 0.039
193 853 33 46 0.036
389 506 43 25 0.034
11 827 30 49 0.034
444 512 18 22 0.034
908 833 22 46 0.032
641 818 44 43 0.031
184 484 24 27 0.028
379 517 26 21 0.025
613 823 43 46 0.025
333 997 46 60 0.024
453 510 17 22 0.024
316 488 17 22 0.024
137 908 17 21 0.022
5 817 30 52 0.022
66 1144 45 66 0.021
435 509 23 23 0.020
