10_People_Marching_People_Marching_10_People_Marching_People_Marching_10_584
37
339 307 34 36 0.790
138 193 16 19 0.745
525 203 16 19 0.726
304 196 17 20 0.724
731 216 14 18 0.694
638 210 15 20 0.672
881 220 14 19 0.654
854 222 15 18 0.640
207 191 12 16 0.633
228 198 11 16 0.539
764 212 14 18 0.451
619 216 15 17 0.265
759 214 15 19 0.194
948 253 10 14 0.182
466 247 7 8 0.175
604 234 10 10 0.169
854 220 43 19 0.159
950 252 11 13 0.145
347 131 18 42 0.128
419 203 10 14 0.123
953 249 10 12 0.117
770 214 11 14 0.085
224 201 11 17 0.082
581 235 7 8 0.065
955 297 11 13 0.062
232 199 11 15 0.053
446 247 6 8 0.052
947 257 9 13 0.050
955 292 11 14 0.040
1017 280 7 11 0.032
956 275 10 14 0.030
953 296 23 15 0.026
767 211 11 12 0.025
444 246 7 8 0.024
414 202 13 19 0.024
582 235 11 8 0.024
23 228 9 7 0.023
