10_People_Marching_People_Marching_10_People_Marching_People_Marching_10_8
27
675 413 25 33 0.848
432 381 79 95 0.822
258 407 64 78 0.808
843 422 41 50 0.806
633 417 29 39 0.745
616 418 17 23 0.731
582 407 16 21 0.694
0 411 19 40 0.347
703 413 18 22 0.300
708 411 18 25 0.295
569 429 13 15 0.124
575 414 16 20 0.104
913 422 32 38 0.091
2 410 29 45 0.079
806 419 12 14 0.072
818 423 15 15 0.066
823 422 13 16 0.056
661 428 16 19 0.047
655 421 21 25 0.044
716 407 21 34 0.044
565 425 14 20 0.037
902 427 33 38 0.033
812 418 19 20 0.031
4 389 23 36 0.028
11 406 23 34 0.027
119 359 36 54 0.025
1017 281 7 43 0.023
