10_People_Marching_People_Marching_2_310
47
593 111 32 41 0.756
497 130 37 43 0.695
219 477 23 27 0.606
844 321 13 14 0.469
487 146 39 47 0.264
907 310 17 19 0.256
77 452 30 34 0.236
340 442 22 22 0.207
291 409 29 33 0.181
882 337 13 16 0.134
801 346 12 14 0.120
983 310 13 15 0.120
779 363 11 14 0.100
179 380 38 42 0.088
194 439 26 30 0.082
522 133 36 40 0.081
980 315 14 17 0.074
943 314 12 15 0.071
907 307 12 16 0.069
986 311 24 25 0.061
97 504 27 35 0.055
757 94 24 36 0.051
1010 291 13 22 0.050
414 429 22 24 0.049
998 317 19 23 0.047
0 448 13 28 0.045
825 340 18 18 0.045
902 306 22 41 0.042
912 304 21 22 0.042
978 312 23 36 0.041
340 449 26 26 0.039
906 330 18 23 0.037
975 322 19 20 0.037
961 316 14 15 0.031
773 348 10 10 0.030
158 364 34 46 0.028
171 394 33 35 0.028
807 339 39 20 0.028
389 425 27 29 0.025
188 389 32 39 0.025
86 461 25 29 0.023
55 407 24 31 0.022
941 316 24 15 0.021
772 350 12 15 0.021
961 317 10 9 0.021
881 333 12 14 0.021
992 315 27 32 0.020
