10_People_Marching_People_Marching_10_People_Marching_People_Marching_10_421
64
475 277 36 40 0.782
371 287 31 39 0.735
172 322 33 41 0.682
714 324 19 23 0.605
808 307 16 20 0.583
918 274 23 34 0.515
861 318 13 16 0.513
303 308 30 33 0.509
783 315 15 19 0.499
626 335 26 26 0.478
832 319 15 18 0.468
685 309 23 23 0.375
234 326 24 30 0.364
700 308 20 22 0.318
621 314 25 27 0.306
739 330 16 19 0.293
623 319 27 38 0.263
227 333 25 33 0.232
223 342 24 26 0.184
35 407 33 37 0.157
827 319 42 16 0.150
752 307 17 18 0.149
803 310 43 19 0.124
946 266 21 30 0.119
586 326 21 26 0.104
911 283 23 30 0.100
863 322 14 17 0.091
744 311 24 17 0.089
662 328 20 24 0.085
7 411 18 21 0.084
310 305 28 29 0.084
0 419 9 26 0.079
777 305 19 21 0.077
299 315 22 27 0.074
538 318 24 30 0.066
676 314 24 23 0.065
618 311 21 25 0.064
32 380 31 53 0.063
592 325 23 26 0.059
576 332 18 20 0.057
2 414 17 24 0.057
884 307 12 15 0.052
909 295 17 20 0.052
874 330 12 15 0.052
735 313 17 20 0.049
760 306 26 17 0.049
657 325 19 24 0.049
180 332 65 36 0.044
724 330 23 20 0.040
914 292 17 24 0.040
309 323 27 31 0.037
743 325 19 21 0.037
385 284 33 36 0.035
261 326 25 29 0.034
870 327 15 16 0.032
829 309 15 17 0.031
177 318 41 41 0.029
903 306 15 18 0.028
245 319 32 31 0.028
683 320 27 27 0.027
680 309 20 21 0.027
646 329 25 32 0.027
432 305 28 37 0.026
258 349 24 27 0.022
