10_People_Marching_People_Marching_10_People_Marching_People_Marching_10_People_Marching_People_Marching_10_1049
31
444 409 74 89 0.848
559 392 55 76 0.833
255 446 86 116 0.810
3 408 61 84 0.806
365 412 63 86 0.779
302 423 62 84 0.687
71 419 50 70 0.574
784 415 19 24 0.541
495 411 49 71 0.466
710 417 17 21 0.454
665 418 18 21 0.426
747 398 21 26 0.408
84 439 41 55 0.276
665 463 18 23 0.211
748 426 18 21 0.198
681 436 18 22 0.183
600 391 28 40 0.138
632 417 17 23 0.118
707 411 44 23 0.091
507 418 34 45 0.049
300 402 48 65 0.047
209 364 30 33 0.046
665 397 26 92 0.043
714 407 28 24 0.041
652 403 21 23 0.034
139 373 28 37 0.029
97 412 49 65 0.028
583 400 47 58 0.026
125 373 41 56 0.021
661 399 16 18 0.021
515 431 34 55 0.020
