10_People_Marching_People_Marching_2_84
77
435 514 59 71 0.876
599 355 51 66 0.842
357 467 55 63 0.832
536 349 47 59 0.825
607 515 63 70 0.811
261 370 46 51 0.806
183 360 42 52 0.801
351 306 53 61 0.799
835 361 37 58 0.790
468 368 40 50 0.780
35 269 82 91 0.758
689 315 33 39 0.703
490 322 25 28 0.681
994 316 19 25 0.634
779 338 32 40 0.627
145 346 28 42 0.622
295 317 24 29 0.557
574 323 41 49 0.513
248 299 35 44 0.505
0 301 10 22 0.481
940 324 20 24 0.452
731 353 44 46 0.242
0 370 30 57 0.237
808 341 21 32 0.218
857 309 25 32 0.190
167 321 24 27 0.166
136 319 22 26 0.164
731 323 44 66 0.163
137 324 30 47 0.157
901 354 28 45 0.157
596 72 22 29 0.148
819 310 22 26 0.133
229 345 33 46 0.115
705 26 24 32 0.114
878 309 21 27 0.083
1016 328 8 29 0.078
1000 319 20 25 0.077
650 338 30 37 0.074
238 316 36 47 0.073
132 320 51 28 0.070
907 351 27 35 0.069
635 345 39 50 0.065
600 75 30 35 0.061
953 354 26 37 0.060
233 329 32 40 0.059
404 308 27 35 0.058
722 348 38 49 0.055
1007 377 17 49 0.053
1000 359 24 55 0.053
723 327 34 45 0.052
433 302 23 28 0.051
815 306 22 25 0.047
897 330 19 28 0.046
866 306 31 32 0.044
705 64 24 26 0.043
443 307 28 27 0.043
737 323 31 39 0.042
247 293 25 35 0.041
761 280 24 34 0.040
138 316 17 21 0.038
287 309 30 33 0.037
126 323 30 46 0.036
252 302 23 30 0.035
268 313 38 39 0.034
437 303 17 20 0.034
861 300 26 36 0.034
577 315 33 33 0.033
224 336 29 37 0.033
958 345 21 29 0.032
760 294 24 30 0.032
938 312 16 29 0.027
909 323 21 24 0.027
413 310 29 33 0.023
946 361 27 38 0.022
909 332 31 52 0.021
341 306 37 51 0.021
454 307 20 22 0.021
