10_People_Marching_People_Marching_10_People_Marching_People_Marching_10_People_Marching_People_Marching_10_369
48
788 420 22 25 0.794
221 424 22 25 0.794
262 198 21 24 0.791
281 120 21 22 0.786
397 137 23 25 0.783
668 101 19 22 0.779
790 54 19 22 0.778
207 508 25 27 0.777
475 549 22 25 0.776
553 21 19 22 0.775
414 70 20 21 0.773
238 340 21 24 0.764
250 272 21 23 0.764
792 120 20 22 0.762
546 87 18 21 0.762
381 289 21 23 0.759
380 220 22 24 0.759
513 233 21 23 0.759
502 308 21 23 0.757
638 575 24 26 0.757
668 251 19 22 0.755
792 198 22 22 0.753
506 382 20 23 0.751
195 606 25 29 0.750
662 320 20 23 0.748
787 349 21 22 0.746
336 635 24 25 0.744
535 161 20 22 0.738
362 445 22 23 0.737
369 359 22 25 0.731
677 182 19 22 0.731
652 476 23 25 0.724
495 454 22 24 0.721
785 594 22 24 0.721
655 405 20 23 0.718
672 40 20 21 0.714
785 271 20 21 0.710
292 42 21 23 0.700
424 4 21 23 0.697
463 652 20 23 0.663
796 507 22 24 0.658
341 533 22 23 0.647
790 0 19 15 0.576
632 663 19 20 0.093
817 549 21 24 0.057
678 0 15 7 0.025
811 601 26 27 0.021
328 50 18 18 0.021
