10_People_Marching_People_Marching_10_People_Marching_People_Marching_10_People_Marching_People_Marching_10_581
42
678 346 27 45 0.703
922 319 26 34 0.685
860 344 26 35 0.657
69 293 11 13 0.431
106 289 11 13 0.428
218 291 10 12 0.268
183 293 11 13 0.201
923 298 22 30 0.096
145 290 11 11 0.084
150 290 11 11 0.079
148 292 11 13 0.078
73 294 10 12 0.072
220 293 10 13 0.070
216 296 12 13 0.068
115 297 12 13 0.060
207 297 11 13 0.059
667 307 9 10 0.055
462 304 8 8 0.054
513 532 28 27 0.050
314 300 7 8 0.046
563 302 8 9 0.045
294 295 9 10 0.045
333 293 8 8 0.040
103 291 10 12 0.038
254 293 9 11 0.035
256 293 9 8 0.035
670 306 9 9 0.032
519 527 41 31 0.031
65 294 9 11 0.030
532 295 9 10 0.029
221 288 9 10 0.028
143 296 12 13 0.027
791 306 8 9 0.025
529 294 9 9 0.024
942 308 27 31 0.024
265 297 8 9 0.024
291 296 10 10 0.023
527 296 9 10 0.022
746 361 15 21 0.022
499 302 7 8 0.020
524 296 8 10 0.020
562 304 9 10 0.020
