10_People_Marching_People_Marching_2_763
85
129 224 33 41 0.844
528 177 41 54 0.808
261 272 23 29 0.800
788 252 26 36 0.798
53 260 25 31 0.793
720 270 21 26 0.789
318 292 16 20 0.734
1008 286 15 17 0.683
393 317 14 17 0.658
923 297 12 15 0.622
889 308 11 14 0.597
855 313 10 13 0.595
810 298 13 16 0.540
958 314 11 13 0.362
977 324 12 14 0.360
369 315 14 17 0.325
644 330 8 11 0.256
830 319 10 12 0.232
658 333 9 10 0.211
906 320 11 13 0.157
276 300 15 19 0.145
940 322 11 14 0.123
953 348 13 15 0.119
978 320 12 14 0.114
922 315 12 14 0.112
889 311 16 15 0.101
335 307 13 16 0.098
934 318 18 13 0.091
829 318 13 19 0.091
326 298 16 21 0.086
839 330 11 14 0.085
643 331 25 10 0.081
410 309 13 24 0.080
296 308 14 20 0.079
861 322 11 14 0.074
944 325 13 12 0.073
444 327 12 14 0.072
412 318 13 15 0.070
277 304 25 21 0.069
620 340 8 9 0.069
821 328 15 12 0.068
957 319 38 21 0.061
409 306 13 17 0.057
609 349 9 12 0.053
866 328 12 16 0.051
179 310 15 16 0.051
657 326 9 11 0.050
997 288 12 14 0.050
430 315 17 20 0.048
285 305 27 20 0.048
421 319 16 16 0.045
804 297 13 17 0.043
467 248 28 28 0.041
416 310 22 24 0.041
869 338 11 13 0.041
657 330 13 14 0.040
315 295 24 19 0.039
432 311 15 17 0.039
632 330 19 10 0.038
599 323 11 12 0.036
215 307 12 14 0.036
814 325 10 13 0.035
432 319 23 21 0.034
918 346 14 16 0.034
183 311 17 18 0.034
851 314 10 11 0.033
364 324 12 14 0.033
806 293 19 25 0.032
836 333 11 14 0.028
958 319 14 25 0.028
431 306 14 17 0.027
842 333 12 14 0.027
706 309 17 23 0.026
388 317 13 16 0.026
337 313 15 15 0.025
914 343 13 18 0.025
630 327 9 9 0.025
587 321 12 12 0.025
998 281 14 22 0.024
1005 316 12 17 0.024
974 329 12 18 0.024
813 302 10 25 0.024
823 331 11 10 0.023
417 307 22 15 0.023
834 315 9 10 0.022
