10_People_Marching_People_Marching_10_People_Marching_People_Marching_10_188
64
396 531 62 76 0.847
760 535 31 42 0.820
488 92 50 63 0.750
393 78 36 43 0.671
610 510 21 25 0.640
214 302 22 25 0.625
212 553 17 20 0.616
860 569 25 28 0.608
920 586 21 23 0.602
36 604 19 22 0.590
149 304 22 25 0.574
716 368 23 26 0.543
953 598 20 22 0.527
266 556 15 18 0.507
866 338 24 32 0.487
90 330 21 30 0.424
851 300 17 21 0.357
140 585 18 19 0.352
566 549 35 37 0.331
127 591 20 22 0.285
734 339 12 16 0.255
600 319 25 38 0.225
982 348 19 27 0.214
121 567 23 24 0.197
983 352 19 37 0.196
127 581 21 23 0.172
151 314 23 26 0.119
873 528 20 24 0.110
991 531 21 24 0.103
432 337 13 19 0.101
83 332 22 29 0.095
922 13 15 17 0.087
130 584 27 25 0.082
919 549 17 19 0.072
46 606 20 21 0.069
704 574 10 12 0.058
542 337 10 11 0.054
463 331 10 10 0.053
522 331 8 10 0.048
790 584 24 28 0.046
810 490 25 32 0.046
899 341 22 30 0.045
950 583 25 30 0.042
260 558 15 18 0.041
469 331 9 10 0.039
502 101 48 68 0.036
510 489 23 32 0.033
513 566 25 31 0.032
712 373 19 23 0.032
152 323 20 22 0.031
40 599 22 25 0.030
644 151 35 55 0.029
915 545 18 20 0.028
701 259 26 28 0.028
666 563 12 17 0.027
471 332 10 11 0.026
809 489 17 24 0.026
815 365 20 27 0.025
979 367 22 26 0.024
981 418 26 34 0.024
547 331 11 14 0.024
50 290 18 25 0.022
596 331 18 24 0.021
104 195 18 22 0.020
