10_People_Marching_People_Marching_10_People_Marching_People_Marching_10_People_Marching_People_Marching_10_138
552
65 409 30 34 0.801
681 463 28 38 0.801
953 411 24 35 0.791
131 228 18 23 0.772
979 288 21 24 0.764
216 421 28 34 0.761
144 372 26 28 0.753
183 390 28 32 0.752
321 395 28 34 0.745
40 395 27 30 0.734
240 355 25 30 0.729
18 243 22 27 0.721
291 380 25 28 0.706
386 359 24 26 0.700
515 126 11 12 0.686
421 384 28 32 0.686
808 408 22 33 0.680
488 379 25 30 0.674
59 275 17 23 0.670
161 292 20 22 0.669
865 173 12 14 0.667
917 265 19 22 0.662
209 318 22 25 0.657
648 123 12 13 0.649
940 95 9 11 0.638
724 339 23 24 0.637
366 312 19 20 0.635
974 154 12 14 0.634
304 316 19 22 0.631
275 208 15 19 0.626
394 209 17 18 0.623
952 158 14 16 0.623
1 372 22 28 0.618
499 465 25 39 0.617
797 327 21 24 0.617
323 350 21 24 0.613
410 456 21 33 0.610
516 318 19 21 0.605
575 123 11 13 0.604
593 304 21 21 0.604
664 419 22 30 0.601
674 291 18 21 0.590
526 170 14 17 0.589
477 155 12 14 0.586
628 119 11 13 0.579
681 56 9 11 0.571
890 236 18 19 0.570
587 91 10 12 0.567
161 255 16 22 0.567
985 93 10 12 0.566
633 430 21 29 0.560
1013 88 10 13 0.560
725 61 8 10 0.547
424 190 15 20 0.545
267 141 13 18 0.544
496 164 13 15 0.540
557 114 11 13 0.537
1007 256 17 19 0.529
413 82 10 12 0.524
879 89 10 11 0.522
345 220 15 20 0.520
261 95 10 11 0.519
229 127 12 14 0.519
607 333 20 21 0.519
374 80 10 12 0.515
349 41 9 12 0.515
753 78 8 10 0.514
471 199 15 19 0.511
530 43 9 10 0.510
644 81 10 11 0.509
552 87 10 11 0.506
936 356 18 26 0.505
204 129 9 12 0.504
106 61 9 10 0.503
637 494 21 36 0.503
61 95 10 13 0.500
112 503 30 38 0.498
479 119 11 13 0.495
786 57 7 8 0.494
95 35 7 8 0.492
456 354 22 26 0.489
571 364 24 28 0.489
385 133 12 17 0.486
715 83 9 11 0.486
654 350 22 26 0.474
292 83 8 9 0.471
500 201 13 15 0.465
343 78 10 12 0.464
759 432 18 29 0.461
88 288 20 22 0.460
415 42 8 10 0.453
0 274 13 23 0.449
32 68 9 10 0.444
138 114 11 12 0.443
928 92 8 10 0.441
333 480 26 41 0.437
792 70 7 9 0.432
443 80 12 13 0.430
22 53 8 10 0.430
319 66 10 11 0.423
775 67 8 10 0.422
515 85 10 11 0.420
428 75 9 10 0.416
234 42 8 10 0.394
191 64 9 11 0.393
185 31 7 8 0.390
158 58 9 10 0.388
231 70 11 11 0.381
608 90 11 12 0.377
314 138 11 15 0.375
59 247 15 19 0.375
262 243 16 22 0.374
746 57 9 10 0.372
847 87 9 11 0.370
15 128 16 18 0.369
116 509 36 43 0.365
170 64 9 11 0.365
415 141 12 14 0.363
309 79 10 11 0.358
256 152 13 16 0.352
29 37 9 10 0.350
446 65 10 12 0.348
605 90 11 12 0.343
188 525 26 39 0.340
357 61 9 10 0.339
499 88 10 10 0.338
137 269 18 23 0.331
261 35 9 9 0.325
85 340 19 23 0.324
539 75 10 11 0.323
394 59 8 10 0.312
512 175 14 17 0.308
555 85 11 13 0.301
618 40 7 9 0.301
563 25 8 10 0.300
475 29 9 10 0.299
64 41 9 10 0.297
830 88 9 10 0.294
539 29 8 10 0.292
399 74 11 13 0.292
433 140 11 14 0.288
788 100 9 11 0.287
958 113 9 11 0.286
460 82 13 11 0.285
826 86 12 12 0.281
260 68 11 11 0.280
57 72 9 10 0.273
474 53 9 11 0.270
646 53 9 10 0.268
850 86 9 11 0.265
51 346 17 18 0.262
394 38 8 9 0.260
305 29 7 8 0.257
1009 374 15 36 0.256
485 79 10 10 0.253
325 51 9 10 0.252
204 72 8 9 0.252
476 79 12 12 0.247
86 49 9 11 0.243
401 327 20 22 0.241
115 49 8 9 0.240
452 224 16 18 0.240
26 40 9 11 0.239
559 55 9 10 0.239
188 120 11 14 0.237
612 90 10 12 0.235
378 55 9 11 0.233
856 310 19 26 0.231
831 305 16 20 0.231
678 82 10 10 0.230
389 75 11 12 0.230
201 268 17 21 0.226
260 146 20 18 0.226
320 104 9 12 0.225
312 81 8 10 0.220
512 47 8 10 0.216
69 28 7 8 0.216
466 65 9 11 0.215
203 69 16 11 0.215
602 53 8 9 0.211
138 56 12 10 0.210
196 112 9 11 0.207
144 85 9 11 0.204
284 434 27 33 0.203
278 97 9 11 0.201
390 88 10 12 0.201
446 75 12 17 0.200
458 41 10 11 0.200
310 46 8 10 0.200
822 87 10 11 0.197
455 38 8 11 0.196
575 50 8 9 0.193
626 54 8 12 0.188
469 302 15 19 0.187
216 66 10 12 0.187
0 103 7 11 0.184
442 80 25 12 0.184
686 82 8 9 0.181
291 46 9 11 0.179
368 34 9 11 0.177
649 299 17 18 0.176
788 56 7 12 0.175
993 18 7 9 0.173
96 144 11 13 0.172
165 42 8 9 0.172
711 316 20 22 0.172
661 106 7 9 0.168
248 63 9 10 0.167
175 319 19 20 0.163
879 329 17 23 0.161
531 353 23 26 0.161
531 438 23 37 0.161
282 63 10 15 0.161
292 76 9 19 0.159
141 53 9 12 0.159
556 56 9 9 0.157
268 250 16 22 0.157
766 55 7 8 0.156
862 427 22 35 0.156
572 323 17 22 0.155
658 38 7 9 0.155
619 55 15 10 0.154
555 115 26 14 0.152
552 179 13 15 0.152
476 149 13 30 0.152
645 47 8 17 0.152
60 246 15 48 0.150
428 40 9 11 0.149
646 43 8 9 0.149
463 72 11 22 0.147
23 52 9 14 0.146
359 365 18 22 0.146
289 357 23 24 0.145
480 79 15 13 0.145
197 43 8 11 0.145
422 108 9 12 0.144
108 364 21 24 0.144
505 38 8 9 0.143
771 337 18 20 0.142
116 46 9 11 0.141
208 358 22 26 0.139
475 158 35 15 0.137
309 73 15 14 0.137
745 404 18 24 0.137
358 105 11 13 0.135
279 36 8 10 0.135
378 335 19 23 0.133
394 88 10 13 0.132
683 323 17 21 0.131
189 295 19 22 0.130
83 26 9 9 0.128
534 75 10 12 0.127
486 91 10 10 0.126
509 72 11 10 0.126
543 68 12 12 0.126
117 85 8 10 0.125
588 49 8 8 0.125
301 28 9 10 0.125
128 60 9 9 0.124
370 78 10 11 0.124
191 114 11 20 0.124
567 51 10 10 0.123
340 321 18 20 0.123
270 67 11 12 0.123
610 68 8 10 0.123
27 37 7 9 0.123
465 81 29 10 0.123
215 68 23 10 0.121
578 352 24 28 0.121
581 77 10 13 0.121
554 56 16 11 0.119
384 157 11 16 0.119
127 29 7 9 0.119
71 70 11 11 0.118
711 65 7 23 0.118
284 47 16 14 0.115
55 30 7 7 0.114
491 322 15 19 0.114
582 345 21 24 0.114
621 120 41 14 0.113
258 69 32 10 0.113
625 352 19 23 0.112
998 355 21 32 0.111
256 127 12 15 0.110
124 57 23 11 0.110
707 67 11 10 0.109
619 118 10 12 0.108
601 54 16 8 0.108
788 379 18 22 0.107
851 398 23 41 0.107
271 257 16 18 0.107
633 42 8 9 0.106
400 72 17 24 0.105
438 321 17 20 0.104
379 58 26 9 0.104
248 318 16 19 0.103
522 351 25 28 0.100
192 272 21 41 0.100
143 265 19 22 0.099
301 485 27 35 0.098
139 301 17 20 0.098
478 29 9 10 0.097
396 112 10 13 0.096
161 29 7 22 0.096
464 109 10 13 0.096
341 156 19 18 0.095
626 68 21 10 0.093
370 78 26 13 0.092
641 503 22 30 0.092
803 90 11 11 0.091
154 59 26 12 0.090
542 400 27 29 0.090
90 34 9 24 0.090
370 31 8 10 0.088
720 84 8 10 0.088
249 96 9 11 0.088
158 28 7 8 0.088
416 60 9 10 0.087
104 59 26 10 0.087
316 133 13 17 0.087
601 121 10 12 0.086
276 68 24 10 0.086
487 198 18 19 0.085
975 355 20 28 0.085
12 138 15 18 0.085
560 27 12 10 0.084
773 69 30 8 0.083
0 249 8 20 0.082
512 70 10 19 0.082
297 108 9 11 0.082
49 33 11 14 0.081
658 68 10 14 0.081
91 89 9 12 0.081
55 73 24 9 0.080
381 347 20 24 0.079
935 29 7 9 0.079
252 574 18 36 0.079
995 105 10 12 0.078
199 47 11 15 0.078
428 72 24 19 0.077
10 129 15 20 0.076
419 57 13 13 0.076
421 105 10 12 0.076
857 412 20 33 0.075
981 257 43 44 0.074
672 329 26 32 0.073
512 352 20 24 0.073
972 102 9 11 0.073
379 41 16 13 0.073
1004 364 19 32 0.072
322 54 24 9 0.072
339 156 12 16 0.072
363 104 11 14 0.072
133 276 15 20 0.070
847 394 21 29 0.070
239 260 14 21 0.070
749 62 9 15 0.069
205 56 10 28 0.069
427 43 21 11 0.069
1003 89 17 14 0.069
500 52 10 10 0.068
434 40 10 10 0.068
478 203 16 18 0.067
340 71 15 15 0.066
787 90 8 16 0.066
444 144 11 14 0.066
693 65 9 15 0.065
30 367 18 23 0.064
200 362 21 24 0.064
530 112 11 11 0.064
616 35 8 28 0.062
242 129 16 15 0.062
629 75 13 11 0.062
761 55 9 9 0.061
33 552 23 40 0.060
966 37 8 10 0.059
229 42 11 13 0.059
572 311 33 28 0.059
800 88 22 11 0.058
548 58 11 10 0.057
417 354 25 26 0.057
123 30 7 23 0.056
927 11 7 8 0.056
539 71 17 27 0.055
299 314 20 22 0.055
123 85 11 11 0.055
420 191 14 17 0.054
79 26 13 17 0.054
231 67 30 13 0.053
118 348 21 24 0.053
64 272 16 23 0.052
75 284 28 23 0.051
638 18 7 7 0.051
824 110 9 11 0.051
317 65 13 17 0.050
137 35 10 20 0.050
478 54 17 10 0.050
324 98 10 13 0.049
970 90 54 12 0.049
371 37 17 28 0.048
537 88 10 10 0.048
426 356 24 28 0.048
160 107 11 13 0.048
298 220 16 19 0.047
161 36 7 39 0.047
567 100 22 46 0.047
609 68 26 12 0.046
2 559 21 38 0.046
125 148 10 12 0.045
149 28 7 8 0.045
1017 314 7 24 0.045
864 441 18 27 0.044
119 60 11 10 0.044
491 85 17 17 0.044
857 86 8 10 0.044
350 157 13 17 0.044
604 336 18 21 0.044
251 315 22 23 0.043
182 44 9 23 0.043
11 73 10 11 0.042
169 57 33 16 0.042
408 265 15 20 0.042
506 37 13 25 0.041
384 142 10 13 0.041
456 32 24 20 0.041
656 73 20 10 0.041
214 94 9 12 0.041
466 304 30 32 0.040
130 108 13 20 0.040
634 485 19 34 0.039
799 86 14 16 0.039
864 356 26 28 0.039
318 98 10 13 0.039
86 26 12 8 0.039
935 21 7 21 0.039
121 28 8 9 0.039
585 50 25 11 0.039
291 44 11 32 0.039
581 73 10 13 0.039
293 80 9 19 0.038
259 65 14 18 0.038
166 31 8 7 0.038
309 45 8 32 0.038
113 350 29 38 0.038
275 35 11 24 0.037
279 266 16 17 0.037
402 396 23 28 0.036
798 422 19 32 0.036
240 126 32 48 0.036
505 347 23 34 0.036
366 93 10 19 0.036
989 99 13 20 0.035
310 484 31 33 0.035
339 496 22 37 0.035
568 25 7 8 0.035
803 328 21 24 0.034
98 141 13 15 0.034
79 48 14 25 0.033
940 163 10 13 0.033
850 20 7 12 0.033
273 261 16 20 0.033
501 161 15 16 0.033
931 355 17 26 0.033
317 114 12 25 0.033
124 28 18 18 0.033
716 77 10 23 0.032
572 115 12 17 0.032
295 112 10 14 0.032
425 369 27 30 0.032
832 395 22 31 0.032
548 308 15 19 0.031
644 37 19 24 0.031
196 110 13 19 0.031
4 362 22 28 0.030
841 86 20 13 0.030
232 39 12 14 0.030
19 121 12 21 0.030
188 237 17 18 0.030
86 65 9 14 0.030
410 347 19 26 0.030
126 38 19 31 0.030
340 65 15 41 0.030
511 124 13 14 0.029
851 25 7 8 0.029
184 123 12 12 0.029
445 58 12 26 0.028
382 238 16 17 0.028
853 30 6 6 0.028
190 93 11 13 0.028
680 47 10 31 0.027
232 153 12 18 0.027
41 32 8 7 0.027
749 93 10 11 0.027
574 319 17 20 0.027
79 102 10 12 0.026
880 338 19 26 0.026
647 105 9 14 0.026
1016 440 8 41 0.026
539 414 26 32 0.026
635 348 26 25 0.026
820 83 9 9 0.025
580 317 18 22 0.025
95 94 10 12 0.025
614 352 24 28 0.025
172 350 19 23 0.025
998 62 8 8 0.025
497 381 20 26 0.025
560 88 16 11 0.025
568 328 18 26 0.025
789 323 18 21 0.025
790 269 14 17 0.024
431 52 21 17 0.024
269 68 10 25 0.024
636 70 22 30 0.024
543 346 25 26 0.024
854 302 18 25 0.024
708 85 11 12 0.024
849 419 19 31 0.024
135 305 18 22 0.024
77 94 18 13 0.023
374 338 20 25 0.023
268 30 8 10 0.023
974 145 15 22 0.023
271 318 19 20 0.023
465 124 11 13 0.023
971 346 23 26 0.023
445 148 14 20 0.023
376 324 21 23 0.023
263 11 7 7 0.023
558 62 19 24 0.022
947 94 11 12 0.022
198 259 20 26 0.022
600 320 19 25 0.022
406 440 23 32 0.022
460 386 20 24 0.022
547 179 13 16 0.022
277 427 27 38 0.021
126 112 10 13 0.021
877 371 25 26 0.021
988 25 9 9 0.021
271 155 12 16 0.021
391 69 11 53 0.021
849 19 7 7 0.021
274 97 10 12 0.021
52 272 20 27 0.021
356 109 12 15 0.021
528 40 13 15 0.020
534 309 34 21 0.020
525 87 16 13 0.020
485 112 11 20 0.020
205 283 16 20 0.020
934 347 18 27 0.020
