10_People_Marching_People_Marching_10_People_Marching_People_Marching_10_People_Marching_People_Marching_10_26
61
949 374 66 79 0.871
23 536 141 147 0.861
887 532 136 146 0.854
596 400 62 82 0.853
991 202 33 48 0.852
770 493 107 124 0.852
0 363 59 85 0.841
301 552 110 132 0.839
65 334 51 63 0.830
796 189 40 49 0.825
837 245 47 53 0.823
232 358 56 65 0.820
900 98 44 53 0.816
256 250 42 55 0.815
190 115 38 48 0.813
420 360 58 70 0.804
893 330 43 50 0.803
431 490 99 122 0.803
70 127 36 43 0.802
311 272 39 46 0.799
298 407 60 78 0.798
339 466 80 92 0.797
708 293 43 47 0.787
646 351 61 65 0.786
695 560 89 115 0.784
856 411 63 72 0.777
988 152 35 45 0.747
200 470 95 114 0.744
351 199 31 37 0.727
201 377 43 56 0.696
548 404 49 67 0.675
494 533 172 151 0.672
242 176 27 33 0.617
644 206 45 57 0.600
350 377 47 65 0.584
710 191 38 48 0.417
960 325 40 46 0.416
1 228 22 43 0.409
124 308 28 35 0.384
131 85 34 38 0.353
0 162 12 42 0.266
892 30 24 27 0.256
178 222 33 36 0.207
0 569 22 115 0.119
693 188 45 54 0.115
1005 434 19 88 0.111
6 290 31 43 0.100
435 217 27 33 0.078
0 171 18 42 0.063
437 500 154 148 0.063
648 230 42 51 0.049
992 608 32 75 0.046
0 451 66 146 0.042
516 220 26 30 0.038
1008 411 15 76 0.034
1000 417 24 56 0.032
214 360 38 58 0.029
4 25 20 30 0.028
189 217 25 34 0.026
220 510 97 112 0.026
1012 472 12 74 0.021
