10_People_Marching_People_Marching_2_740
614
118 434 26 43 0.777
147 308 26 36 0.755
198 289 23 32 0.754
786 36 12 15 0.693
950 79 12 15 0.684
135 219 16 19 0.683
123 278 18 21 0.651
869 374 58 93 0.644
104 59 11 14 0.643
1001 102 12 15 0.641
722 97 13 16 0.617
163 267 18 23 0.610
149 24 11 14 0.601
904 44 12 15 0.596
942 16 11 14 0.591
179 282 20 26 0.589
135 249 17 21 0.587
518 97 11 14 0.581
578 14 10 12 0.578
590 51 11 14 0.574
477 77 11 13 0.570
380 124 12 15 0.568
855 50 11 14 0.554
985 119 11 13 0.553
2 10 10 11 0.545
619 41 10 13 0.542
112 103 12 14 0.539
263 115 12 14 0.538
748 216 16 21 0.535
279 207 15 20 0.525
56 20 11 14 0.525
890 22 11 12 0.521
762 207 15 20 0.521
492 209 13 17 0.516
85 175 16 18 0.514
662 18 10 13 0.507
91 95 11 14 0.501
446 26 11 12 0.495
170 38 11 13 0.493
353 111 12 13 0.492
383 96 10 12 0.492
160 86 12 15 0.492
136 79 12 12 0.491
107 238 15 20 0.490
426 57 11 15 0.488
175 421 32 46 0.486
140 387 26 34 0.485
260 88 11 13 0.481
922 33 10 12 0.472
127 44 10 11 0.468
126 198 12 17 0.466
180 134 13 15 0.463
199 28 11 13 0.462
201 10 10 12 0.460
642 44 12 13 0.454
414 115 11 13 0.452
149 62 11 12 0.451
511 0 10 10 0.448
16 16 12 14 0.445
113 21 10 13 0.442
718 49 12 14 0.433
49 97 12 15 0.425
694 121 15 18 0.416
331 198 21 23 0.412
414 16 12 13 0.406
171 158 14 17 0.404
87 5 9 11 0.403
695 22 10 11 0.403
448 207 15 18 0.389
789 58 11 14 0.388
448 228 17 20 0.388
216 255 17 19 0.388
462 35 12 15 0.377
886 92 14 15 0.372
951 0 11 12 0.370
394 17 10 11 0.369
811 156 14 17 0.360
58 78 12 15 0.359
867 5 11 14 0.351
996 125 11 15 0.350
81 33 11 15 0.343
687 158 11 14 0.343
317 227 16 18 0.339
836 37 11 12 0.336
422 207 13 17 0.336
501 154 14 17 0.335
288 138 12 14 0.334
532 119 13 14 0.331
742 142 13 15 0.322
699 40 12 15 0.316
902 4 11 12 0.310
338 205 16 18 0.305
472 210 14 17 0.302
94 211 15 21 0.300
733 190 15 19 0.293
335 69 11 13 0.291
1005 43 11 14 0.287
74 198 12 16 0.281
466 17 11 13 0.275
952 54 12 14 0.274
332 25 10 11 0.270
500 25 11 12 0.267
269 1 13 12 0.266
986 120 16 15 0.265
2 52 13 18 0.264
557 54 9 11 0.264
464 147 14 17 0.264
457 66 10 12 0.261
327 195 18 22 0.260
363 127 11 13 0.257
213 81 11 13 0.244
907 62 13 17 0.242
38 28 11 11 0.240
95 150 13 16 0.238
260 275 19 22 0.235
52 77 16 16 0.235
508 113 12 15 0.233
999 0 9 11 0.232
48 101 14 19 0.229
159 256 18 25 0.227
282 76 13 16 0.224
177 1 11 12 0.224
697 107 13 13 0.223
748 33 14 15 0.223
980 20 13 17 0.215
79 36 11 14 0.215
708 83 13 16 0.213
653 95 12 15 0.213
183 212 16 18 0.207
361 29 11 13 0.204
788 132 14 16 0.203
28 116 14 17 0.202
405 98 10 13 0.201
430 89 12 14 0.200
128 201 13 17 0.198
149 480 38 55 0.196
755 210 18 23 0.196
172 275 21 33 0.195
449 138 12 13 0.195
660 37 10 12 0.190
11 13 16 16 0.188
433 10 19 12 0.185
739 84 11 15 0.184
504 132 14 17 0.181
909 41 14 15 0.179
469 0 10 10 0.178
580 107 18 21 0.178
904 67 13 17 0.177
700 2 11 11 0.175
985 167 14 18 0.174
47 75 13 16 0.171
480 29 12 13 0.167
425 94 13 14 0.166
357 82 13 14 0.165
958 152 15 16 0.165
1000 26 12 16 0.164
376 186 15 21 0.164
467 33 15 15 0.163
541 0 10 10 0.160
700 43 17 14 0.160
77 279 18 24 0.158
316 109 13 15 0.158
208 239 12 19 0.157
446 7 11 16 0.157
981 8 11 16 0.156
611 82 10 13 0.155
319 92 11 12 0.155
932 71 12 15 0.155
459 186 14 17 0.154
200 19 11 18 0.148
309 117 11 13 0.147
96 205 16 18 0.146
339 111 11 15 0.145
196 64 12 16 0.144
641 87 13 13 0.144
646 91 17 19 0.143
623 92 11 14 0.143
654 60 12 14 0.142
747 1 13 15 0.140
75 1 11 12 0.137
482 176 14 18 0.137
385 54 12 15 0.136
469 8 10 15 0.134
471 103 13 14 0.134
83 181 16 21 0.134
47 108 15 17 0.132
685 189 15 17 0.131
817 151 20 17 0.131
665 5 12 11 0.131
751 55 11 13 0.131
906 50 13 34 0.130
286 98 11 14 0.130
206 43 12 15 0.130
362 87 9 12 0.128
317 270 23 28 0.126
770 229 14 19 0.126
424 275 17 23 0.125
416 72 12 14 0.125
450 0 10 10 0.125
944 1 11 31 0.125
168 208 13 17 0.124
136 177 14 17 0.123
768 160 16 21 0.122
987 24 14 16 0.122
416 175 14 16 0.122
51 74 15 29 0.121
248 199 15 17 0.120
702 174 16 20 0.120
860 65 13 15 0.118
351 78 12 15 0.116
292 116 13 14 0.116
427 0 9 10 0.114
457 145 18 16 0.113
175 129 13 48 0.113
938 51 12 15 0.112
765 179 13 17 0.112
467 16 15 19 0.111
109 84 13 16 0.111
729 91 15 17 0.111
911 59 12 15 0.110
119 331 20 27 0.110
381 54 13 22 0.110
380 65 16 15 0.108
127 251 16 22 0.108
502 23 12 14 0.108
194 59 12 17 0.107
796 185 16 19 0.107
695 22 10 21 0.107
338 132 12 14 0.107
825 149 15 17 0.106
460 0 20 10 0.106
448 206 18 35 0.106
897 4 15 14 0.106
859 26 11 11 0.106
445 20 12 21 0.106
722 143 16 18 0.105
427 9 18 15 0.104
465 250 16 18 0.104
152 211 14 17 0.104
308 111 19 15 0.102
742 26 13 18 0.101
752 49 12 16 0.101
832 34 13 16 0.101
333 72 24 13 0.100
288 109 12 18 0.100
368 2 12 15 0.100
318 98 11 22 0.099
779 225 22 17 0.099
203 170 19 18 0.098
83 126 11 14 0.098
768 147 15 18 0.098
183 197 15 20 0.097
188 190 13 16 0.097
1003 34 13 24 0.096
238 37 11 12 0.096
460 121 12 12 0.095
767 143 13 15 0.095
364 20 12 14 0.095
732 40 12 14 0.095
430 111 11 14 0.095
840 7 12 15 0.095
534 0 20 11 0.095
235 51 12 15 0.093
173 5 11 11 0.093
530 1 13 12 0.093
266 160 14 15 0.092
211 169 14 18 0.091
576 16 10 12 0.091
194 162 12 16 0.091
555 56 12 14 0.090
615 41 29 14 0.090
82 23 12 31 0.090
408 142 15 20 0.090
187 244 17 23 0.088
772 156 16 19 0.088
662 12 11 27 0.087
287 116 12 13 0.087
200 8 11 34 0.086
171 415 30 41 0.086
12 74 14 21 0.086
1006 24 12 15 0.086
940 162 14 16 0.085
497 159 14 16 0.085
455 185 14 19 0.085
342 21 13 13 0.085
747 20 15 29 0.085
462 81 11 14 0.084
31 110 33 16 0.083
411 14 19 16 0.083
658 108 13 18 0.082
411 45 11 14 0.082
278 56 14 16 0.082
4 47 15 18 0.081
902 55 13 17 0.081
197 165 17 18 0.080
701 91 14 20 0.080
208 187 13 17 0.079
170 41 12 15 0.079
409 85 12 19 0.079
97 218 18 24 0.079
290 137 14 19 0.079
206 87 13 15 0.078
393 68 13 14 0.077
14 41 12 14 0.077
233 311 19 29 0.077
976 23 14 15 0.077
827 35 12 15 0.076
61 216 12 15 0.075
274 278 19 22 0.075
261 77 11 53 0.074
766 164 14 33 0.074
143 287 18 24 0.074
347 112 13 14 0.073
789 224 13 16 0.072
683 61 11 17 0.072
988 134 15 18 0.072
1000 83 14 67 0.071
507 107 13 35 0.071
101 201 17 71 0.071
24 110 19 25 0.071
198 77 13 16 0.070
346 17 12 14 0.070
848 0 12 12 0.070
881 108 19 22 0.069
582 103 14 17 0.069
874 25 11 12 0.068
840 60 11 14 0.068
131 93 12 13 0.067
234 152 12 13 0.067
1000 77 11 13 0.067
639 35 16 38 0.066
1014 147 10 16 0.066
85 32 10 12 0.066
293 153 15 19 0.065
188 214 15 17 0.065
776 149 19 20 0.065
151 301 20 30 0.064
190 240 17 21 0.064
668 172 12 16 0.064
936 49 11 31 0.064
445 228 15 18 0.063
843 2 14 16 0.063
238 42 12 17 0.063
337 117 12 23 0.063
661 0 11 11 0.063
268 217 15 30 0.062
838 72 11 16 0.062
675 269 18 20 0.061
138 283 20 23 0.061
558 156 18 24 0.061
896 29 13 20 0.061
300 195 15 18 0.061
30 32 13 15 0.060
692 177 28 20 0.060
189 240 29 24 0.060
833 144 14 16 0.060
670 6 9 11 0.060
196 74 16 15 0.059
1014 194 9 18 0.059
244 202 14 19 0.059
237 220 13 16 0.059
1006 24 11 31 0.058
981 205 15 18 0.058
983 9 18 30 0.058
440 41 12 13 0.058
349 36 11 14 0.058
55 2 15 11 0.058
279 51 15 18 0.058
19 1 11 12 0.058
399 14 26 15 0.056
779 129 22 33 0.056
206 356 26 33 0.056
354 80 13 62 0.055
479 26 27 13 0.055
737 6 13 16 0.055
174 438 32 43 0.055
83 275 23 25 0.054
716 187 14 17 0.054
315 93 16 14 0.054
97 452 24 39 0.054
229 480 32 44 0.054
363 124 23 15 0.054
557 153 17 18 0.053
982 4 19 16 0.052
833 89 13 17 0.052
150 215 13 16 0.052
277 202 14 17 0.052
8 71 20 34 0.052
742 144 23 15 0.052
327 314 20 26 0.051
403 136 15 18 0.051
763 171 14 20 0.050
193 48 13 14 0.050
962 37 12 16 0.049
504 115 15 50 0.048
167 66 13 15 0.048
418 213 16 19 0.048
241 180 13 19 0.048
170 72 13 15 0.048
405 85 12 16 0.048
553 568 60 79 0.048
267 6 15 20 0.047
659 73 14 15 0.047
141 397 27 34 0.047
865 22 19 17 0.046
740 21 12 16 0.046
194 212 14 16 0.046
369 103 11 14 0.045
147 290 18 27 0.045
298 297 21 25 0.045
358 46 15 15 0.045
625 61 16 13 0.045
95 36 10 12 0.044
432 113 13 15 0.044
593 89 12 15 0.044
163 195 13 15 0.044
582 95 25 35 0.043
549 0 10 10 0.043
297 189 15 19 0.043
458 77 11 16 0.043
688 38 46 23 0.043
447 218 19 36 0.043
463 185 21 17 0.043
445 139 13 14 0.042
508 0 12 32 0.042
310 232 21 25 0.042
950 7 12 77 0.042
94 274 22 23 0.042
780 210 15 22 0.041
268 232 17 19 0.041
708 160 15 22 0.041
627 0 12 15 0.041
271 5 12 12 0.040
966 182 15 17 0.040
707 166 19 23 0.040
662 5 10 21 0.040
552 152 15 16 0.040
357 56 14 17 0.039
762 160 15 21 0.039
348 100 12 19 0.039
253 270 19 19 0.039
182 25 32 31 0.039
802 0 13 14 0.038
188 343 26 36 0.038
710 147 14 17 0.038
262 212 17 19 0.038
360 4 20 21 0.038
749 108 11 17 0.038
588 55 11 13 0.038
437 72 14 14 0.038
303 239 19 22 0.037
585 99 16 20 0.037
369 156 13 14 0.037
764 70 12 16 0.037
375 466 54 72 0.036
61 0 10 29 0.036
498 153 12 15 0.036
639 61 13 19 0.036
0 125 7 19 0.036
157 199 16 20 0.036
983 163 15 35 0.036
299 112 40 16 0.036
1003 387 20 33 0.036
741 0 13 32 0.036
149 159 12 15 0.036
584 113 19 19 0.036
548 63 14 24 0.035
346 58 14 18 0.035
964 43 11 15 0.035
17 42 12 16 0.035
476 101 12 14 0.035
839 65 12 17 0.035
745 125 17 33 0.035
276 72 14 18 0.035
143 48 18 13 0.035
124 258 15 21 0.034
774 227 17 19 0.034
245 267 17 21 0.034
1016 177 8 19 0.034
979 0 11 16 0.034
105 441 30 42 0.034
450 180 15 17 0.034
48 1 10 12 0.034
60 209 17 27 0.034
500 15 13 17 0.034
48 384 29 39 0.034
391 33 14 14 0.033
265 42 14 16 0.033
268 147 20 33 0.033
42 195 14 16 0.033
202 234 15 16 0.033
45 63 12 16 0.033
18 57 11 15 0.033
963 161 16 20 0.033
266 4 12 14 0.033
443 31 13 17 0.032
261 82 12 14 0.032
1016 6 8 20 0.032
492 168 15 19 0.032
188 56 21 35 0.032
411 148 16 17 0.032
631 68 11 27 0.031
318 217 16 21 0.031
882 89 20 28 0.031
637 59 22 15 0.031
748 94 13 17 0.031
378 182 13 17 0.031
76 34 11 16 0.031
699 54 15 16 0.031
309 71 12 15 0.031
43 59 11 16 0.030
735 173 32 76 0.030
829 247 10 13 0.030
504 44 12 15 0.030
392 48 20 14 0.030
546 80 14 16 0.030
1001 0 13 10 0.030
166 257 21 24 0.030
799 189 16 19 0.030
784 143 16 20 0.029
198 368 28 35 0.029
270 88 13 12 0.029
540 74 13 16 0.029
839 53 12 40 0.029
824 117 15 20 0.029
531 129 15 21 0.029
711 160 21 21 0.029
225 33 11 14 0.029
188 152 14 19 0.028
294 38 13 14 0.028
217 203 15 16 0.028
362 4 12 50 0.028
71 189 14 17 0.028
245 421 33 49 0.028
817 39 15 14 0.028
97 151 17 18 0.028
618 28 13 30 0.028
969 170 26 20 0.028
960 183 19 18 0.028
55 225 13 16 0.028
734 36 22 29 0.027
606 82 48 24 0.027
472 214 16 21 0.027
728 135 25 23 0.027
666 161 14 22 0.026
262 156 12 15 0.026
150 46 11 19 0.026
87 37 14 13 0.026
409 222 15 16 0.026
297 302 21 30 0.026
743 119 18 17 0.026
268 294 18 28 0.026
756 21 15 24 0.026
320 230 17 21 0.026
321 264 25 23 0.026
169 441 24 39 0.026
788 35 12 33 0.026
195 349 42 33 0.025
387 384 19 23 0.025
793 178 17 21 0.025
814 6 13 15 0.025
110 229 18 20 0.025
937 79 22 16 0.025
118 4 12 12 0.025
535 95 11 13 0.025
684 58 25 15 0.025
334 107 15 14 0.025
232 148 17 22 0.025
987 160 16 21 0.025
19 12 19 17 0.025
62 242 14 18 0.025
238 173 13 18 0.024
225 202 15 17 0.024
267 162 16 18 0.024
200 132 13 16 0.024
331 179 17 19 0.024
319 185 21 25 0.024
209 41 14 77 0.024
278 160 21 17 0.023
703 42 15 83 0.023
806 2 16 16 0.023
335 182 18 20 0.023
315 80 12 21 0.023
328 134 12 14 0.023
265 222 15 18 0.023
201 279 17 27 0.023
961 169 16 28 0.023
5 65 13 20 0.023
657 249 14 15 0.023
682 64 17 17 0.022
559 0 15 10 0.022
690 36 12 14 0.022
264 279 48 33 0.022
498 72 13 13 0.022
465 0 14 21 0.022
971 144 13 15 0.022
599 104 18 29 0.022
314 175 14 17 0.022
681 50 14 16 0.022
809 46 12 16 0.022
501 26 14 31 0.021
669 176 13 17 0.021
540 77 15 25 0.021
122 185 13 20 0.021
733 1 16 15 0.021
441 42 17 20 0.021
632 1 11 12 0.021
238 432 25 42 0.021
0 370 7 37 0.021
123 174 13 17 0.020
187 432 32 38 0.020
413 177 13 19 0.020
450 107 16 53 0.020
279 25 13 22 0.020
