10_People_Marching_People_Marching_2_211
90
622 202 53 61 0.834
875 230 60 67 0.828
92 232 59 67 0.824
420 233 60 66 0.821
804 176 47 54 0.801
192 209 51 61 0.795
751 249 55 65 0.789
306 188 53 68 0.787
528 231 53 59 0.767
867 168 43 45 0.701
671 144 28 35 0.699
993 211 31 49 0.624
760 128 13 15 0.558
954 160 14 16 0.551
413 161 40 46 0.486
991 151 16 19 0.471
77 185 48 53 0.404
927 168 13 14 0.337
728 140 15 18 0.327
749 192 38 43 0.296
541 179 37 39 0.281
947 198 23 28 0.273
620 156 38 39 0.228
80 195 54 77 0.189
894 136 12 13 0.184
28 261 37 44 0.180
843 128 13 15 0.167
205 172 41 45 0.164
943 128 11 12 0.164
576 176 20 24 0.133
708 136 15 17 0.115
855 135 12 14 0.106
988 154 15 18 0.106
67 198 50 51 0.096
200 175 44 77 0.094
904 157 14 18 0.093
677 119 10 13 0.086
933 146 11 13 0.075
334 225 32 40 0.075
0 215 19 33 0.074
1005 122 10 11 0.072
255 222 29 32 0.072
1008 143 12 18 0.067
706 136 26 20 0.066
696 123 14 15 0.065
788 123 11 13 0.064
881 168 34 33 0.055
130 212 32 37 0.055
791 166 31 39 0.053
734 124 13 16 0.053
358 193 12 14 0.052
112 207 42 50 0.052
967 145 14 15 0.051
1004 124 20 12 0.050
787 123 18 16 0.050
798 128 13 16 0.048
871 184 44 39 0.047
800 133 15 18 0.045
911 169 18 19 0.039
344 236 25 32 0.038
617 108 28 30 0.038
173 166 40 43 0.038
386 198 12 14 0.036
895 118 15 63 0.036
220 181 30 41 0.035
776 125 22 14 0.035
1011 137 10 19 0.035
1017 129 7 11 0.033
699 124 26 27 0.033
557 131 13 16 0.032
372 234 28 34 0.032
669 118 20 20 0.032
20 255 32 42 0.031
506 122 12 13 0.031
568 122 10 9 0.030
787 168 23 30 0.029
1008 123 12 12 0.028
810 147 17 16 0.027
442 206 45 52 0.027
971 135 11 25 0.027
479 128 14 17 0.025
713 161 17 20 0.025
773 155 17 20 0.025
144 217 26 28 0.024
518 183 33 33 0.024
713 126 25 15 0.023
56 193 48 48 0.022
961 138 17 17 0.022
699 129 17 20 0.022
969 130 17 11 0.021
