10_People_Marching_People_Marching_2_680
33
291 195 45 59 0.845
431 226 32 41 0.791
689 243 21 30 0.776
594 237 24 31 0.768
717 284 22 27 0.725
954 290 14 17 0.703
926 311 12 14 0.620
88 238 32 36 0.517
873 309 12 14 0.503
759 280 19 25 0.464
1 255 25 32 0.359
105 245 31 34 0.268
111 216 33 37 0.160
5 265 20 25 0.120
77 24 22 28 0.118
108 225 32 51 0.109
540 242 22 30 0.081
219 236 34 37 0.078
330 230 24 31 0.065
5 245 24 31 0.045
181 198 28 39 0.036
956 307 12 15 0.035
868 312 11 16 0.029
641 269 25 27 0.029
205 211 36 40 0.029
672 265 18 25 0.028
688 293 20 22 0.028
527 258 24 26 0.026
543 251 23 25 0.023
540 238 19 23 0.023
219 221 29 36 0.022
705 287 28 23 0.022
831 327 9 9 0.021
