10_People_Marching_People_Marching_2_408
23
343 574 156 190 0.861
582 570 133 146 0.745
54 1265 86 121 0.551
29 760 57 103 0.392
919 549 35 38 0.258
101 713 69 106 0.163
809 506 36 50 0.124
82 1245 66 119 0.063
0 1230 27 92 0.054
765 552 46 55 0.047
908 590 28 37 0.044
982 841 39 62 0.043
915 542 33 72 0.040
960 617 33 42 0.039
629 524 51 59 0.037
94 1266 78 106 0.035
946 687 45 51 0.034
564 581 96 125 0.034
69 747 79 108 0.030
0 1142 26 73 0.027
0 631 23 87 0.024
42 728 60 111 0.023
799 318 29 31 0.023
