10_People_Marching_People_Marching_2_44
58
104 284 47 55 0.831
58 342 34 41 0.801
404 327 31 41 0.793
265 308 21 25 0.771
715 310 25 27 0.768
567 320 15 16 0.731
449 320 15 19 0.731
811 306 21 24 0.716
648 315 13 15 0.665
886 306 15 20 0.662
951 315 13 18 0.659
981 315 13 15 0.604
1017 296 7 10 0.424
758 298 8 9 0.420
931 310 10 12 0.294
961 305 12 13 0.172
780 301 10 12 0.147
844 302 9 10 0.146
1004 311 10 13 0.145
870 298 8 9 0.114
926 310 10 12 0.107
422 309 12 14 0.105
910 306 12 14 0.087
1018 330 6 12 0.078
309 329 10 10 0.077
839 298 11 12 0.073
404 313 16 18 0.065
911 311 12 13 0.064
972 312 19 17 0.063
705 299 11 13 0.062
774 322 10 12 0.061
758 295 8 9 0.053
486 312 7 8 0.045
1013 316 10 27 0.037
850 305 10 13 0.037
389 318 12 14 0.037
802 297 10 11 0.034
312 330 9 11 0.034
933 306 10 11 0.033
836 306 17 17 0.032
406 311 22 13 0.031
306 329 10 13 0.031
405 312 12 14 0.031
704 298 9 9 0.030
989 301 13 9 0.029
646 366 11 12 0.028
786 297 26 8 0.028
785 328 12 12 0.028
788 296 6 7 0.028
956 297 10 11 0.027
647 362 12 13 0.026
388 318 29 17 0.025
921 305 11 10 0.023
425 309 14 14 0.022
885 313 15 18 0.021
26 366 13 29 0.021
1013 291 11 21 0.020
992 299 16 10 0.020
