10_People_Marching_People_Marching_10_People_Marching_People_Marching_10_People_Marching_People_Marching_10_528
47
850 328 29 33 0.822
172 346 25 29 0.798
370 314 27 30 0.796
611 335 24 29 0.793
459 321 27 32 0.785
272 337 23 29 0.775
741 346 22 28 0.770
93 356 21 26 0.748
675 339 20 29 0.527
243 307 17 28 0.514
716 350 16 22 0.491
1015 396 8 13 0.333
569 355 18 20 0.291
537 326 23 29 0.278
330 318 22 27 0.226
816 340 21 26 0.214
921 380 15 17 0.182
429 180 20 32 0.170
437 347 23 28 0.121
993 402 13 16 0.106
960 395 13 16 0.104
985 398 13 14 0.097
996 407 11 12 0.083
22 397 8 8 0.074
879 306 15 18 0.074
15 418 8 8 0.070
678 332 18 23 0.060
981 399 13 15 0.060
920 385 14 17 0.055
954 401 13 15 0.050
1001 393 23 18 0.047
204 271 19 27 0.038
559 360 22 26 0.037
285 136 16 19 0.036
21 396 16 9 0.035
988 396 32 14 0.033
878 308 18 23 0.031
3 404 6 14 0.027
37 395 8 9 0.024
2 405 6 8 0.024
926 382 16 23 0.023
17 402 8 29 0.022
516 344 22 25 0.022
811 337 21 26 0.022
544 365 23 25 0.021
960 398 53 19 0.021
682 329 17 23 0.021
