10_People_Marching_People_Marching_2_510
138
869 415 27 36 0.821
263 460 25 34 0.814
464 447 29 36 0.802
460 516 29 36 0.792
638 454 33 48 0.792
921 363 33 39 0.789
746 450 29 37 0.779
863 358 19 23 0.767
616 451 29 39 0.756
774 407 23 28 0.745
64 477 19 22 0.730
982 382 16 20 0.722
542 439 22 28 0.708
418 416 17 20 0.701
294 429 17 23 0.680
521 504 28 46 0.674
828 369 12 15 0.671
1 468 17 21 0.670
734 374 10 13 0.658
468 410 16 19 0.657
516 415 16 20 0.648
244 420 13 17 0.645
618 403 11 13 0.624
653 510 41 59 0.624
349 442 13 16 0.623
38 446 12 13 0.608
713 391 12 15 0.607
496 418 14 16 0.600
575 451 22 26 0.598
578 402 11 14 0.580
332 413 9 11 0.572
228 444 18 23 0.561
113 453 11 12 0.542
155 414 13 18 0.526
369 436 12 15 0.498
454 410 13 17 0.488
561 417 15 17 0.471
761 371 9 11 0.465
697 415 17 20 0.446
627 435 21 26 0.443
675 381 9 11 0.437
0 446 7 15 0.395
401 421 12 13 0.391
375 414 12 14 0.388
610 424 13 16 0.341
681 399 13 15 0.341
507 471 22 24 0.302
138 437 11 14 0.302
655 403 11 14 0.298
962 375 16 23 0.275
645 416 15 19 0.257
896 378 8 10 0.250
760 403 13 17 0.248
635 401 13 18 0.239
794 402 15 22 0.214
338 465 16 21 0.213
257 434 10 11 0.208
225 439 16 21 0.204
348 512 27 44 0.200
638 399 13 15 0.199
805 371 9 12 0.191
397 494 21 27 0.187
640 410 19 22 0.181
963 366 15 18 0.156
782 404 22 27 0.155
689 404 15 18 0.149
679 385 13 29 0.142
563 409 21 26 0.133
711 444 26 30 0.131
433 397 11 12 0.129
81 457 11 12 0.124
548 389 10 12 0.122
639 418 18 22 0.121
1017 382 7 15 0.115
964 379 33 17 0.106
565 401 26 25 0.106
221 432 14 18 0.100
700 384 21 49 0.093
467 435 24 32 0.088
566 416 15 18 0.085
668 509 38 57 0.082
330 461 19 20 0.081
763 373 12 13 0.077
429 414 16 18 0.074
323 459 16 19 0.073
471 430 15 18 0.072
658 349 8 10 0.067
137 437 19 17 0.065
380 414 9 13 0.065
734 370 11 14 0.062
802 377 12 11 0.061
518 408 17 24 0.061
464 416 62 18 0.061
542 387 15 17 0.059
539 384 10 12 0.058
535 437 23 27 0.056
912 374 13 23 0.054
433 477 24 28 0.053
590 393 12 13 0.051
51 455 9 11 0.051
639 391 14 18 0.047
362 414 55 21 0.046
913 368 31 33 0.046
298 427 13 16 0.045
410 418 17 19 0.045
511 439 14 18 0.044
710 389 11 13 0.043
644 387 10 12 0.041
962 363 14 17 0.039
710 412 21 18 0.038
165 440 15 20 0.036
804 368 16 17 0.036
488 406 10 16 0.036
805 365 10 12 0.036
673 382 10 14 0.036
285 430 21 20 0.035
677 372 9 21 0.035
894 374 18 19 0.034
420 464 28 38 0.034
350 481 23 30 0.034
499 439 17 20 0.034
0 549 11 23 0.033
633 407 12 15 0.031
615 381 30 95 0.031
388 480 29 35 0.030
346 486 24 60 0.029
483 440 19 23 0.029
426 458 20 32 0.029
536 397 14 17 0.029
240 417 18 28 0.027
657 352 20 10 0.027
79 457 11 15 0.026
719 441 23 30 0.024
591 389 10 11 0.023
772 378 16 10 0.021
720 412 15 19 0.021
527 396 18 13 0.021
415 399 10 12 0.021
