10_People_Marching_People_Marching_2_1
79
74 110 48 59 0.844
714 70 43 53 0.837
969 46 43 52 0.835
294 97 48 59 0.834
512 83 46 53 0.831
380 90 46 55 0.830
580 75 46 54 0.828
787 59 43 54 0.827
145 105 47 53 0.823
223 102 46 54 0.819
454 88 46 55 0.814
917 52 41 51 0.813
855 60 41 50 0.806
644 75 46 53 0.729
327 63 36 46 0.724
38 83 41 50 0.665
404 51 37 43 0.571
67 51 32 39 0.543
346 39 30 37 0.477
29 35 38 45 0.466
741 39 30 37 0.449
214 41 29 38 0.433
0 99 20 49 0.408
680 42 39 47 0.337
704 14 25 35 0.320
409 38 34 44 0.314
807 31 30 37 0.295
636 16 28 39 0.276
0 68 24 45 0.269
187 74 39 50 0.254
259 72 39 49 0.251
154 22 33 43 0.238
274 25 31 46 0.235
576 17 30 37 0.217
95 28 27 34 0.214
865 29 30 41 0.211
413 24 30 43 0.188
32 44 42 51 0.142
277 14 32 44 0.140
222 84 65 68 0.120
146 52 30 41 0.113
116 79 39 51 0.104
581 5 28 35 0.095
0 0 13 24 0.092
176 83 45 53 0.085
417 35 35 43 0.077
30 90 37 45 0.075
314 82 40 62 0.074
325 88 29 43 0.069
218 32 28 37 0.068
104 8 26 36 0.067
0 63 20 34 0.057
285 9 29 39 0.057
814 39 21 26 0.055
0 14 10 31 0.054
483 55 38 45 0.050
751 20 32 41 0.049
815 18 26 35 0.040
538 53 40 52 0.036
642 7 29 41 0.036
30 21 35 43 0.035
762 14 27 32 0.035
742 64 30 43 0.034
84 38 35 41 0.033
1014 54 10 33 0.032
220 16 27 37 0.032
0 0 18 35 0.031
2 72 58 50 0.031
271 41 32 43 0.030
329 96 31 45 0.027
626 22 34 43 0.025
156 35 34 45 0.025
353 10 27 35 0.025
108 2 25 30 0.024
164 19 27 37 0.023
46 0 26 35 0.021
354 30 27 39 0.021
483 13 28 37 0.020
551 22 42 63 0.020
