10_People_Marching_People_Marching_10_People_Marching_People_Marching_10_People_Marching_People_Marching_10_902
27
480 325 89 117 0.850
164 389 80 95 0.844
156 297 48 57 0.141
40 324 66 78 0.115
401 202 44 52 0.099
557 0 36 28 0.098
37 1 49 54 0.096
655 1 38 38 0.087
251 322 59 86 0.086
930 9 42 57 0.077
121 114 57 72 0.057
595 46 48 59 0.050
255 312 50 56 0.047
271 186 50 49 0.044
648 406 69 87 0.040
192 233 49 59 0.033
28 330 55 77 0.031
504 51 49 59 0.025
381 255 43 53 0.025
0 226 29 52 0.024
14 183 38 47 0.024
734 0 45 31 0.023
5 84 53 64 0.023
458 88 63 76 0.022
261 191 62 76 0.021
126 0 57 29 0.021
65 232 45 50 0.020
