10_People_Marching_People_Marching_2_305
112
132 303 32 38 0.824
179 309 31 37 0.823
44 358 32 37 0.804
232 295 30 39 0.803
285 311 26 30 0.780
391 264 20 25 0.750
488 265 17 22 0.743
351 290 23 28 0.717
512 276 15 18 0.702
419 261 20 28 0.688
450 273 19 24 0.674
586 262 15 19 0.637
941 219 11 13 0.637
639 257 15 18 0.637
546 263 15 17 0.625
838 252 11 14 0.624
714 260 12 14 0.587
466 310 16 19 0.573
744 254 12 14 0.541
606 261 14 19 0.518
695 254 12 15 0.515
852 240 11 13 0.493
766 250 12 14 0.485
665 272 13 14 0.459
812 270 11 13 0.458
885 233 11 14 0.441
315 307 18 21 0.438
926 222 10 11 0.434
792 275 10 12 0.395
682 263 12 14 0.369
902 224 9 12 0.311
878 237 10 12 0.306
773 259 12 13 0.302
633 292 15 18 0.261
691 256 14 17 0.257
744 284 12 14 0.247
764 279 11 14 0.239
393 262 47 26 0.229
832 277 12 13 0.223
732 264 11 12 0.206
582 261 34 19 0.199
528 243 13 16 0.186
676 265 21 14 0.165
701 258 24 16 0.145
805 270 18 15 0.138
887 230 11 13 0.125
850 267 10 12 0.118
305 285 16 20 0.108
780 275 12 13 0.099
786 259 12 16 0.098
731 261 20 15 0.097
980 219 12 14 0.094
660 301 14 16 0.088
531 282 17 18 0.085
712 265 13 14 0.083
685 257 49 15 0.081
770 257 13 29 0.078
514 247 12 14 0.077
669 263 13 17 0.076
455 267 17 21 0.076
428 278 20 20 0.074
815 263 11 14 0.069
986 268 12 13 0.066
299 311 27 28 0.065
344 276 18 36 0.063
423 258 16 21 0.063
637 298 15 16 0.061
722 289 11 13 0.060
860 154 8 10 0.060
867 253 10 13 0.058
765 285 14 15 0.057
660 246 11 13 0.056
529 262 79 16 0.055
832 145 8 9 0.052
920 235 9 10 0.050
537 282 17 18 0.045
602 295 15 19 0.044
759 263 11 20 0.044
829 275 12 14 0.043
655 297 14 15 0.043
835 177 9 11 0.042
1001 237 14 16 0.037
598 249 22 13 0.034
612 245 12 17 0.034
513 270 15 18 0.034
877 166 8 10 0.033
724 284 24 13 0.031
857 158 8 9 0.030
900 229 16 14 0.029
509 242 26 51 0.029
982 215 12 13 0.029
547 279 13 18 0.029
662 242 14 15 0.028
977 215 12 13 0.027
908 236 13 11 0.027
834 146 8 11 0.027
337 289 21 22 0.025
555 238 12 13 0.025
714 310 10 12 0.024
692 291 13 14 0.024
721 239 12 12 0.024
652 303 19 21 0.024
530 287 14 17 0.023
737 255 19 34 0.023
719 244 14 14 0.023
323 311 16 19 0.023
590 245 16 18 0.021
976 221 13 15 0.021
557 255 20 21 0.021
724 242 23 17 0.020
885 260 9 11 0.020
837 178 10 15 0.020
