10_People_Marching_People_Marching_10_People_Marching_People_Marching_10_People_Marching_People_Marching_10_85
44
948 277 35 44 0.835
160 269 26 30 0.827
772 290 28 35 0.827
694 302 36 40 0.824
604 287 34 38 0.815
802 282 36 41 0.811
871 291 36 42 0.803
494 267 31 35 0.802
351 272 36 42 0.801
205 267 31 38 0.799
478 311 35 42 0.798
95 255 27 41 0.790
464 283 29 34 0.781
114 305 28 36 0.768
835 305 29 36 0.768
563 265 27 36 0.768
10 286 26 35 0.760
419 280 30 37 0.747
847 275 28 33 0.741
397 307 30 37 0.707
251 282 24 32 0.665
710 276 26 29 0.606
387 287 26 35 0.577
484 241 19 24 0.546
332 301 27 33 0.494
191 288 26 27 0.382
0 291 11 29 0.317
648 318 22 27 0.277
1005 341 17 28 0.243
36 285 20 24 0.195
932 271 19 23 0.182
330 264 21 27 0.167
573 265 27 35 0.151
516 305 24 35 0.103
677 337 23 28 0.103
647 325 25 29 0.102
397 284 26 32 0.097
435 282 24 32 0.055
1006 334 16 25 0.041
45 284 23 26 0.026
271 256 19 26 0.026
261 278 24 33 0.024
245 289 25 34 0.023
700 272 25 28 0.021
