10_People_Marching_People_Marching_2_467
99
458 179 31 36 0.762
106 187 21 25 0.730
574 189 20 25 0.725
336 195 19 22 0.723
427 192 12 13 0.442
802 203 19 24 0.412
683 199 13 15 0.412
501 183 13 15 0.391
188 195 11 13 0.373
632 210 11 13 0.349
248 185 14 16 0.331
252 193 14 17 0.311
663 215 11 13 0.283
217 187 16 17 0.273
304 186 14 15 0.269
706 202 13 16 0.266
604 194 16 19 0.260
70 181 7 9 0.247
709 206 13 17 0.241
224 187 15 16 0.239
252 185 15 16 0.238
268 182 12 13 0.204
626 195 11 13 0.204
398 182 13 14 0.172
803 196 19 20 0.170
500 186 17 19 0.158
402 185 13 14 0.150
231 187 13 16 0.150
71 215 8 9 0.141
629 199 12 23 0.121
705 196 13 15 0.118
605 189 15 16 0.113
605 202 14 16 0.112
382 190 14 15 0.110
209 192 14 15 0.110
458 164 33 39 0.104
200 190 28 15 0.103
610 203 12 14 0.101
412 191 11 12 0.099
126 197 16 23 0.097
556 195 12 14 0.094
11 183 8 7 0.092
40 181 7 9 0.086
73 183 10 9 0.086
253 199 13 15 0.082
82 187 6 7 0.081
355 175 11 10 0.080
311 188 13 14 0.078
4 182 8 8 0.072
616 203 29 20 0.072
273 186 13 15 0.070
379 189 13 13 0.069
387 185 23 17 0.069
219 185 48 17 0.067
529 195 10 10 0.065
75 185 16 8 0.065
532 195 10 10 0.064
607 196 29 16 0.061
548 178 8 9 0.059
717 213 10 12 0.058
293 190 14 15 0.053
376 192 12 13 0.050
507 196 17 15 0.050
654 196 11 11 0.047
0 182 10 8 0.045
171 194 12 11 0.044
215 182 15 14 0.043
104 184 18 22 0.042
9 182 13 8 0.040
229 184 14 14 0.040
391 192 17 16 0.039
45 183 15 5 0.036
130 197 16 19 0.036
495 184 16 19 0.034
183 194 13 15 0.034
520 196 22 11 0.033
279 193 19 14 0.032
601 190 41 15 0.032
130 204 16 18 0.032
549 176 10 25 0.032
355 177 14 14 0.031
290 187 21 16 0.029
732 207 11 12 0.028
684 202 18 17 0.028
156 192 10 10 0.028
427 188 18 24 0.028
728 207 15 20 0.028
99 175 21 17 0.026
686 197 13 14 0.026
394 176 11 12 0.026
300 185 12 11 0.025
555 190 26 20 0.024
266 193 18 14 0.023
407 186 10 9 0.023
1014 209 8 11 0.023
804 237 13 15 0.022
657 217 12 12 0.022
119 187 21 21 0.021
797 212 16 18 0.021
