10_People_Marching_People_Marching_2_435
33
615 254 29 34 0.841
827 241 36 42 0.829
703 256 27 33 0.823
645 259 29 33 0.803
534 258 26 30 0.796
394 249 28 33 0.792
500 258 29 32 0.784
245 263 23 25 0.783
138 273 21 24 0.774
283 265 26 30 0.770
192 264 23 26 0.762
98 277 18 21 0.757
576 262 26 30 0.744
332 261 26 29 0.737
2 275 18 22 0.727
29 276 20 23 0.722
481 261 23 29 0.707
439 259 25 30 0.693
222 274 21 24 0.671
82 278 19 22 0.668
56 273 19 23 0.659
318 279 15 18 0.638
158 275 19 19 0.538
117 271 18 21 0.460
168 274 16 21 0.300
422 267 20 24 0.289
356 271 17 21 0.237
264 279 14 21 0.172
76 276 37 23 0.144
274 268 67 27 0.084
805 285 15 18 0.050
266 273 18 21 0.027
379 260 16 25 0.021
