10_People_Marching_People_Marching_10_People_Marching_People_Marching_10_People_Marching_People_Marching_10_75
39
443 237 32 38 0.851
821 197 45 49 0.808
19 309 33 50 0.779
386 315 21 26 0.731
293 329 16 19 0.720
259 359 16 19 0.670
172 324 14 20 0.652
513 323 20 22 0.630
117 364 11 12 0.608
334 329 17 22 0.579
53 316 18 21 0.575
536 262 23 30 0.415
356 314 13 16 0.255
39 337 19 30 0.225
925 288 28 35 0.215
336 336 17 20 0.119
233 312 15 23 0.087
513 299 22 25 0.083
509 316 24 24 0.072
260 351 14 20 0.054
45 344 15 19 0.054
174 357 11 17 0.050
62 358 16 21 0.048
474 285 23 32 0.045
481 300 22 30 0.045
231 319 16 21 0.042
106 376 9 12 0.040
391 300 16 20 0.038
333 321 16 20 0.036
515 306 24 33 0.035
108 369 21 14 0.031
234 309 12 17 0.030
471 294 27 33 0.028
196 417 11 14 0.028
336 314 15 16 0.026
66 357 16 18 0.026
568 268 26 33 0.025
341 312 21 17 0.021
279 351 13 17 0.020
