10_People_Marching_People_Marching_10_People_Marching_People_Marching_10_People_Marching_People_Marching_10_42
67
522 884 86 102 0.846
0 905 78 89 0.844
0 1012 71 113 0.822
457 840 73 87 0.792
105 844 46 56 0.775
934 890 40 51 0.772
708 812 58 72 0.749
510 277 47 62 0.749
851 904 41 53 0.726
242 895 107 131 0.696
984 795 32 43 0.675
706 332 40 56 0.596
185 829 62 86 0.588
43 780 47 55 0.580
225 858 72 107 0.526
231 870 92 125 0.523
130 800 27 37 0.509
416 781 49 58 0.506
297 315 51 61 0.478
0 795 26 56 0.473
379 845 53 67 0.428
452 778 42 55 0.342
906 862 32 37 0.304
188 815 48 62 0.163
133 789 25 37 0.160
472 782 50 56 0.159
918 869 52 53 0.153
139 776 24 33 0.143
997 899 27 45 0.112
945 799 34 42 0.106
665 784 33 37 0.098
142 845 27 41 0.092
226 1128 190 236 0.092
992 947 28 53 0.087
0 763 20 36 0.084
295 305 42 44 0.077
133 906 47 58 0.073
502 208 43 49 0.071
955 845 33 37 0.068
473 235 43 48 0.055
141 769 24 26 0.052
0 815 22 54 0.048
41 783 31 40 0.045
894 799 23 30 0.044
891 862 36 38 0.040
875 859 33 35 0.037
665 826 38 45 0.036
907 761 25 29 0.035
391 733 23 26 0.034
908 802 29 32 0.033
224 850 60 75 0.032
736 770 29 31 0.031
388 761 24 27 0.031
943 809 28 36 0.029
896 775 29 57 0.027
54 797 43 50 0.026
474 245 74 56 0.025
188 816 33 43 0.023
854 841 27 31 0.023
0 767 26 59 0.022
917 898 47 48 0.022
90 816 28 30 0.022
233 774 38 37 0.022
620 798 35 53 0.021
147 835 37 48 0.021
722 318 31 44 0.020
711 351 38 49 0.020
