10_People_Marching_People_Marching_2_719
50
634 272 28 35 0.853
436 256 38 49 0.844
512 281 32 39 0.811
720 270 22 28 0.811
582 266 26 33 0.799
741 261 19 25 0.774
779 270 18 22 0.759
685 286 23 27 0.738
1 228 33 42 0.677
97 244 35 42 0.642
801 276 18 20 0.633
891 285 12 16 0.532
988 284 13 16 0.529
211 246 32 35 0.434
301 247 29 34 0.405
944 276 11 14 0.395
869 275 16 18 0.319
380 272 20 26 0.224
780 275 43 20 0.222
730 265 22 28 0.177
757 279 18 21 0.138
422 250 16 23 0.131
883 280 19 18 0.125
809 279 16 18 0.118
965 288 11 13 0.110
285 264 22 27 0.104
303 261 27 32 0.090
855 280 14 18 0.074
934 277 12 15 0.073
857 278 22 16 0.064
213 264 28 30 0.062
984 273 11 13 0.052
913 291 12 14 0.047
552 223 30 31 0.045
219 226 18 20 0.044
421 251 24 41 0.034
775 254 11 13 0.032
303 226 25 28 0.030
473 242 21 28 0.030
1015 233 9 17 0.027
218 230 26 28 0.027
423 248 13 15 0.027
854 288 14 18 0.026
495 282 18 28 0.025
101 261 24 27 0.025
856 292 15 17 0.025
717 220 18 21 0.024
0 243 30 38 0.023
100 237 34 35 0.021
3 153 12 15 0.021
