10_People_Marching_People_Marching_10_People_Marching_People_Marching_10_People_Marching_People_Marching_10_714
78
187 254 21 24 0.819
850 294 22 25 0.812
411 172 16 21 0.810
470 166 17 21 0.809
899 105 15 20 0.809
764 251 22 25 0.808
689 184 19 22 0.808
657 202 17 22 0.807
743 144 15 18 0.802
165 153 16 21 0.799
426 146 16 19 0.799
657 102 14 16 0.798
359 138 16 20 0.796
601 136 16 19 0.793
90 223 21 27 0.792
290 127 15 18 0.792
243 132 14 18 0.791
700 152 14 19 0.790
699 251 21 25 0.790
776 197 18 21 0.790
410 120 14 17 0.790
514 105 14 18 0.788
293 152 17 19 0.787
457 195 18 22 0.785
581 204 17 22 0.783
285 249 21 24 0.783
935 224 24 29 0.782
943 168 18 23 0.781
552 143 16 20 0.780
694 98 16 19 0.780
784 153 15 18 0.779
220 183 18 23 0.779
231 157 16 19 0.776
933 147 15 19 0.776
348 111 15 19 0.775
672 129 15 19 0.772
540 174 17 22 0.770
903 197 17 23 0.767
599 100 14 17 0.767
439 80 13 16 0.763
472 140 14 17 0.762
494 155 15 19 0.761
851 92 15 19 0.760
350 212 17 22 0.759
233 235 20 23 0.758
761 108 14 18 0.753
624 102 15 17 0.750
538 126 14 18 0.750
822 126 15 18 0.738
458 106 15 19 0.731
612 166 18 22 0.718
332 129 15 19 0.714
732 93 14 17 0.703
549 93 16 17 0.652
122 179 18 22 0.600
563 109 13 16 0.582
617 155 15 18 0.572
535 110 14 16 0.414
718 106 14 16 0.365
615 158 18 26 0.336
229 154 15 41 0.208
728 100 16 23 0.166
287 127 55 17 0.150
836 181 19 22 0.123
458 155 13 17 0.109
733 117 13 14 0.085
537 95 14 56 0.084
777 129 14 17 0.071
524 148 14 17 0.064
841 183 21 24 0.050
747 92 12 14 0.049
367 42 9 11 0.049
422 148 37 20 0.038
201 215 18 23 0.034
682 256 15 17 0.030
835 179 16 17 0.026
869 196 16 18 0.022
800 199 15 17 0.021
