10_People_Marching_People_Marching_2_18
54
407 23 44 54 0.850
450 46 39 45 0.833
2 63 32 42 0.803
232 55 36 43 0.791
93 39 43 49 0.784
488 51 33 42 0.782
55 68 34 38 0.773
161 44 42 50 0.772
322 63 31 37 0.764
274 64 33 39 0.740
758 21 48 62 0.724
543 70 25 31 0.715
517 64 27 38 0.699
355 74 29 35 0.677
585 69 25 32 0.627
634 94 16 21 0.581
651 100 17 24 0.548
198 79 24 30 0.431
565 75 21 29 0.400
864 150 18 20 0.329
293 88 26 34 0.190
881 150 14 15 0.168
566 66 21 26 0.141
904 153 12 12 0.130
771 40 38 52 0.109
996 159 9 10 0.106
939 152 9 11 0.106
171 0 22 25 0.092
523 62 19 24 0.084
984 154 7 9 0.081
665 109 15 17 0.075
955 161 7 9 0.075
590 63 24 28 0.073
30 89 23 31 0.072
597 71 25 32 0.068
993 158 14 10 0.066
604 75 18 21 0.060
955 159 13 10 0.054
1016 154 8 10 0.044
895 151 24 15 0.041
670 109 16 17 0.040
972 154 10 9 0.039
0 131 12 71 0.039
5 125 29 59 0.038
39 94 22 29 0.037
0 132 24 65 0.035
809 90 11 15 0.031
606 84 23 25 0.027
686 107 12 16 0.027
670 105 26 19 0.025
25 78 24 37 0.025
968 154 24 9 0.025
946 155 11 9 0.023
371 77 26 29 0.022
