10_People_Marching_People_Marching_2_538
24
911 175 30 39 0.824
279 139 56 71 0.814
187 191 33 43 0.799
701 208 24 30 0.794
960 201 19 23 0.703
587 201 19 23 0.694
748 209 11 14 0.544
431 206 11 13 0.530
80 210 15 18 0.520
503 236 14 15 0.409
513 209 12 15 0.320
796 203 16 19 0.260
779 207 12 13 0.124
816 227 10 12 0.102
800 202 16 16 0.086
145 213 21 26 0.083
663 228 10 11 0.081
624 233 12 14 0.066
500 232 14 17 0.062
118 203 13 17 0.043
751 207 11 14 0.030
495 233 13 15 0.021
105 204 28 18 0.021
770 235 13 16 0.021
