10_People_Marching_People_Marching_10_People_Marching_People_Marching_10_People_Marching_People_Marching_10_700
332
493 425 11 13 0.755
538 437 14 16 0.731
512 399 11 14 0.728
304 484 15 17 0.717
550 411 12 14 0.712
705 390 12 13 0.711
470 456 14 15 0.708
417 405 11 14 0.705
652 406 12 14 0.704
451 413 12 14 0.703
387 394 12 13 0.700
321 411 13 14 0.698
423 444 12 15 0.697
597 420 13 14 0.697
261 395 11 13 0.695
666 384 10 12 0.694
568 388 12 14 0.694
612 397 11 12 0.693
450 382 11 13 0.690
360 388 12 14 0.689
481 392 11 13 0.687
827 356 11 12 0.687
384 432 12 14 0.686
294 400 12 14 0.686
506 369 9 11 0.681
556 360 11 13 0.680
530 378 11 13 0.679
353 417 12 14 0.675
584 367 11 12 0.673
390 368 9 12 0.672
626 374 10 13 0.667
641 357 9 11 0.655
294 351 9 10 0.653
435 359 11 11 0.651
472 364 10 12 0.651
792 367 11 12 0.649
415 376 11 12 0.646
423 339 9 10 0.645
265 368 9 11 0.639
290 376 10 12 0.638
753 378 12 13 0.636
350 364 9 10 0.635
569 344 10 11 0.629
672 364 11 12 0.624
717 371 10 11 0.619
227 386 10 12 0.619
863 346 10 12 0.615
500 337 9 11 0.603
486 350 10 11 0.600
756 358 10 12 0.596
199 377 10 12 0.594
372 348 9 10 0.592
213 357 8 10 0.590
682 347 10 11 0.588
712 324 8 11 0.586
449 342 10 12 0.579
137 422 11 13 0.576
131 364 9 10 0.574
916 329 9 11 0.572
605 348 10 12 0.569
679 331 9 11 0.568
319 341 9 11 0.558
323 358 8 10 0.558
234 361 9 11 0.558
346 343 9 10 0.557
889 339 10 12 0.554
179 371 11 11 0.554
157 367 10 12 0.554
513 323 8 10 0.553
713 353 10 12 0.552
268 348 9 10 0.551
485 320 8 9 0.550
328 379 11 12 0.548
936 321 10 11 0.538
582 331 9 11 0.538
780 338 10 11 0.536
522 353 10 12 0.535
851 336 9 11 0.530
749 346 9 10 0.523
879 327 9 10 0.517
813 330 9 11 0.516
903 320 9 10 0.511
393 336 9 11 0.508
439 327 9 11 0.500
868 317 9 10 0.500
465 330 8 10 0.497
536 340 9 11 0.493
417 325 8 10 0.485
367 333 8 9 0.485
504 308 8 10 0.480
401 352 9 11 0.480
643 341 10 11 0.478
527 313 9 10 0.455
187 354 8 9 0.451
619 312 8 9 0.448
296 337 9 9 0.448
716 305 8 9 0.442
477 307 7 9 0.429
249 345 7 9 0.427
653 299 7 8 0.426
845 320 8 10 0.425
782 324 9 10 0.421
391 323 8 9 0.414
49 391 9 10 0.413
752 331 8 10 0.399
434 314 8 9 0.396
603 284 7 8 0.396
551 315 10 11 0.377
539 304 7 9 0.375
610 336 11 11 0.366
787 349 10 12 0.360
715 334 9 16 0.333
743 320 8 9 0.319
646 329 10 12 0.316
462 315 10 11 0.307
807 315 10 11 0.300
643 425 12 15 0.294
583 318 9 11 0.290
836 312 10 9 0.288
714 347 10 21 0.284
802 305 10 12 0.284
217 321 7 8 0.282
62 337 7 7 0.278
343 328 8 10 0.268
684 295 9 9 0.262
397 289 7 9 0.261
314 324 7 9 0.259
538 327 10 21 0.256
183 293 7 7 0.252
510 320 9 12 0.251
804 303 8 9 0.249
614 324 9 11 0.246
711 327 9 13 0.238
335 306 8 11 0.236
801 304 8 9 0.233
679 301 9 10 0.230
541 325 10 11 0.223
320 338 9 22 0.220
534 307 11 12 0.219
202 325 7 8 0.218
598 413 14 21 0.217
390 321 7 9 0.213
531 285 8 8 0.212
284 331 8 9 0.211
667 377 12 17 0.211
338 308 7 9 0.211
828 341 9 10 0.204
408 314 8 9 0.201
292 333 10 11 0.200
677 300 8 9 0.200
65 386 10 11 0.199
924 325 13 12 0.198
769 302 9 9 0.194
268 348 8 25 0.193
592 301 8 9 0.193
747 305 8 9 0.193
442 294 8 9 0.187
641 348 10 22 0.183
825 342 11 14 0.182
809 313 9 23 0.177
873 322 13 12 0.172
753 356 10 15 0.171
437 353 15 14 0.163
773 300 9 8 0.159
668 367 11 32 0.158
267 300 8 8 0.153
933 322 14 14 0.152
143 336 7 9 0.150
404 348 15 12 0.150
617 311 8 25 0.149
459 314 10 10 0.148
708 376 14 15 0.146
463 312 8 32 0.145
412 285 7 9 0.144
76 380 8 9 0.144
744 312 9 19 0.139
591 301 8 16 0.138
780 331 11 14 0.137
859 342 13 16 0.135
229 376 11 25 0.134
660 431 11 13 0.132
623 293 8 11 0.130
158 369 25 12 0.129
234 281 7 11 0.125
560 304 12 13 0.125
682 295 9 14 0.123
574 294 8 8 0.122
71 381 11 11 0.122
452 385 11 53 0.122
181 362 11 24 0.120
715 355 10 26 0.118
361 442 12 14 0.114
636 319 9 10 0.113
368 327 8 17 0.106
720 294 8 8 0.100
764 300 8 9 0.100
707 297 9 10 0.099
253 304 7 8 0.098
625 286 8 11 0.094
650 316 9 19 0.092
175 372 36 13 0.089
266 296 8 15 0.088
644 320 12 24 0.085
166 281 7 18 0.085
184 286 6 16 0.084
381 340 18 11 0.084
487 393 44 18 0.083
780 326 10 28 0.081
904 320 15 18 0.081
153 366 9 11 0.077
640 340 9 12 0.076
237 280 8 12 0.075
530 283 10 15 0.073
8 333 8 8 0.072
38 328 8 9 0.072
25 355 7 8 0.070
876 326 19 14 0.070
153 308 6 29 0.067
754 304 22 9 0.067
671 302 13 13 0.067
160 330 6 8 0.064
686 309 14 11 0.064
375 291 7 31 0.063
707 356 10 71 0.063
66 383 13 14 0.062
541 330 10 12 0.062
236 320 7 9 0.058
674 349 11 33 0.058
207 296 6 19 0.058
714 331 10 48 0.058
569 288 7 18 0.057
224 386 10 11 0.057
811 315 13 20 0.057
419 329 13 30 0.057
794 316 29 12 0.056
590 262 6 29 0.056
544 268 6 11 0.055
197 300 7 8 0.055
759 399 12 14 0.055
133 299 5 29 0.054
236 272 5 25 0.054
604 447 13 14 0.054
681 328 11 38 0.053
3 329 8 8 0.053
138 329 8 12 0.051
422 290 9 23 0.051
621 266 5 25 0.051
161 302 6 16 0.050
689 295 8 8 0.049
481 256 22 8 0.049
381 288 25 7 0.048
546 252 9 17 0.048
599 284 10 19 0.047
694 313 8 9 0.047
487 336 12 29 0.047
337 315 11 25 0.045
37 382 9 9 0.044
563 291 14 27 0.044
591 435 12 19 0.044
501 263 8 25 0.043
336 289 6 31 0.042
308 280 6 38 0.042
260 332 12 14 0.042
410 282 11 19 0.042
440 278 8 30 0.041
640 260 6 19 0.041
374 284 19 15 0.040
156 331 12 10 0.040
262 290 13 26 0.040
350 345 10 38 0.040
514 276 9 27 0.039
883 242 5 6 0.039
619 278 10 25 0.039
514 284 8 29 0.039
137 365 36 13 0.037
199 324 29 6 0.037
647 331 11 15 0.037
607 321 11 58 0.036
144 331 7 26 0.036
233 320 14 7 0.036
659 431 19 16 0.034
331 291 7 21 0.034
375 285 8 29 0.033
100 290 7 32 0.033
255 392 10 13 0.033
292 332 36 16 0.032
296 274 7 30 0.032
680 432 13 17 0.032
812 310 26 13 0.031
61 387 15 14 0.031
267 418 9 12 0.031
818 302 14 9 0.031
55 350 8 8 0.031
338 275 9 29 0.030
134 419 11 14 0.030
419 331 11 13 0.030
956 196 6 14 0.030
547 295 24 12 0.029
56 344 7 19 0.029
280 299 15 15 0.029
709 294 7 8 0.028
268 328 16 26 0.028
499 243 8 36 0.028
359 343 17 94 0.028
89 309 7 29 0.028
494 295 8 17 0.028
831 306 12 8 0.028
869 362 10 11 0.028
719 291 20 15 0.027
259 311 6 29 0.026
460 291 15 24 0.026
731 249 7 8 0.026
725 391 11 13 0.025
540 247 13 29 0.025
309 288 6 41 0.024
712 304 10 49 0.024
662 315 14 11 0.024
161 361 11 15 0.024
630 369 12 16 0.023
353 291 24 13 0.023
30 329 16 11 0.023
381 283 15 22 0.023
590 305 18 14 0.022
882 318 11 8 0.022
539 259 12 27 0.021
856 325 49 44 0.021
280 349 26 17 0.021
256 272 15 29 0.021
356 365 11 11 0.021
831 219 7 19 0.021
229 284 11 30 0.020
49 391 12 15 0.020
