10_People_Marching_People_Marching_10_People_Marching_People_Marching_10_People_Marching_People_Marching_10_166
92
903 477 14 16 0.678
774 484 11 15 0.678
205 475 12 15 0.662
456 464 16 20 0.658
316 477 12 15 0.643
485 475 13 17 0.630
630 481 12 15 0.626
834 497 12 14 0.614
810 488 11 12 0.610
424 484 12 14 0.580
526 491 13 14 0.579
947 478 11 13 0.569
21 500 12 15 0.543
712 501 10 12 0.540
858 487 15 18 0.538
131 472 10 11 0.533
667 487 10 12 0.512
356 492 10 12 0.503
792 499 11 12 0.477
178 495 9 12 0.477
134 493 11 13 0.474
734 485 11 13 0.461
377 498 9 10 0.457
279 485 9 10 0.444
810 506 10 14 0.442
160 497 11 13 0.429
45 490 11 14 0.425
680 496 10 11 0.423
232 494 10 12 0.348
597 495 10 11 0.333
568 505 8 8 0.332
653 496 9 11 0.279
1004 487 12 17 0.276
692 491 9 9 0.248
889 495 11 13 0.188
40 482 13 18 0.180
747 482 11 13 0.179
688 491 11 13 0.177
158 498 23 12 0.174
737 484 16 13 0.166
8 490 10 13 0.145
652 495 20 11 0.143
549 504 7 9 0.136
674 493 21 12 0.132
37 480 11 14 0.132
259 502 8 9 0.128
403 498 9 9 0.123
588 492 9 11 0.122
669 490 19 13 0.110
82 505 9 10 0.096
865 486 13 16 0.088
137 488 11 15 0.082
640 495 28 13 0.080
717 491 8 9 0.080
406 494 15 13 0.077
590 488 12 15 0.071
933 496 11 16 0.070
137 494 11 12 0.069
435 503 11 13 0.066
263 498 9 11 0.064
388 502 8 8 0.063
497 115 10 13 0.060
691 496 10 11 0.059
265 491 16 12 0.057
388 472 9 9 0.056
253 500 8 10 0.055
128 471 11 13 0.054
660 480 14 15 0.053
57 517 11 12 0.050
597 468 8 11 0.049
798 485 26 40 0.049
360 474 9 10 0.048
752 500 10 13 0.048
391 472 8 9 0.047
642 496 9 11 0.047
427 487 14 21 0.045
624 464 9 13 0.039
53 514 11 13 0.037
661 490 35 16 0.037
658 471 9 12 0.034
292 494 10 12 0.031
85 523 9 10 0.031
312 481 12 13 0.030
751 492 10 19 0.029
356 470 9 10 0.029
980 504 8 8 0.027
207 507 11 12 0.026
233 491 10 11 0.024
672 490 12 11 0.023
598 476 9 25 0.022
63 337 8 9 0.022
128 477 9 11 0.022
