10_People_Marching_People_Marching_2_57
250
616 471 13 15 0.751
747 529 14 16 0.727
691 469 13 16 0.720
334 400 10 12 0.718
934 441 12 14 0.699
772 395 10 13 0.698
753 350 10 12 0.676
588 441 12 14 0.664
259 389 9 11 0.660
854 519 14 16 0.655
680 509 13 15 0.653
218 376 10 10 0.638
415 386 10 13 0.637
681 384 11 13 0.622
741 427 11 14 0.596
545 389 10 11 0.553
280 448 13 14 0.547
220 410 10 11 0.525
94 393 9 12 0.511
681 370 9 10 0.511
1006 370 9 10 0.510
31 416 8 10 0.495
420 365 7 9 0.494
866 385 9 11 0.473
754 306 7 7 0.468
589 362 9 10 0.450
85 616 11 15 0.443
882 333 8 9 0.423
19 558 13 15 0.401
298 422 11 14 0.387
842 310 7 9 0.369
529 475 12 15 0.366
285 327 7 8 0.357
81 370 8 9 0.348
969 339 7 8 0.335
798 315 7 8 0.332
531 348 7 9 0.332
864 327 7 9 0.328
936 332 7 8 0.313
141 359 7 8 0.309
510 375 8 10 0.304
955 254 6 7 0.297
624 343 8 10 0.286
626 335 8 10 0.275
486 406 10 12 0.269
954 252 6 8 0.267
900 327 7 8 0.260
908 337 7 9 0.239
126 337 7 8 0.237
672 278 7 9 0.234
689 280 7 7 0.231
469 355 9 9 0.229
897 294 7 8 0.222
625 336 8 16 0.218
536 360 8 10 0.216
621 391 10 12 0.216
876 320 8 8 0.214
594 336 9 10 0.202
487 402 10 12 0.196
802 305 7 9 0.194
737 283 6 8 0.186
134 619 12 15 0.177
600 318 6 7 0.175
243 305 7 7 0.174
549 327 7 8 0.173
510 346 8 9 0.165
902 272 6 8 0.160
581 316 7 8 0.159
783 296 7 8 0.157
619 396 9 10 0.157
833 278 7 7 0.155
48 339 7 8 0.151
997 311 6 8 0.150
720 250 7 8 0.144
596 378 9 10 0.142
995 318 8 8 0.130
228 315 7 7 0.128
46 338 7 8 0.124
566 301 6 6 0.120
627 390 10 10 0.118
754 259 7 8 0.111
959 319 8 9 0.108
776 265 5 7 0.105
997 313 7 14 0.103
552 300 7 8 0.103
951 332 8 10 0.103
860 290 8 8 0.102
570 332 8 10 0.102
178 279 6 7 0.100
437 316 8 8 0.099
568 329 9 14 0.093
439 338 8 8 0.090
832 322 6 7 0.090
116 360 7 7 0.089
541 340 13 10 0.086
417 306 7 7 0.083
710 269 7 7 0.083
564 327 9 7 0.079
400 298 7 8 0.078
286 351 8 10 0.075
906 335 13 13 0.074
205 291 7 8 0.072
672 274 8 15 0.072
84 396 9 11 0.070
878 279 7 8 0.069
6 292 8 10 0.069
623 347 9 11 0.067
984 321 10 8 0.066
490 398 9 11 0.065
979 290 6 7 0.065
590 364 11 13 0.065
565 299 8 11 0.065
198 308 6 7 0.064
243 302 7 14 0.064
430 334 7 8 0.062
941 333 24 7 0.061
4 294 7 9 0.060
784 235 6 7 0.059
621 348 9 11 0.059
472 326 11 20 0.058
775 296 16 8 0.057
840 306 9 20 0.057
944 272 7 15 0.057
251 316 7 9 0.056
598 338 12 13 0.056
242 328 7 8 0.055
777 319 7 10 0.054
753 258 11 7 0.054
945 268 6 16 0.053
462 312 6 27 0.052
668 236 7 8 0.052
558 349 8 9 0.051
196 290 6 6 0.051
1005 367 9 11 0.050
447 393 10 11 0.049
373 315 12 8 0.048
865 329 29 10 0.047
467 343 8 24 0.046
218 327 7 8 0.046
541 318 14 15 0.045
665 474 9 11 0.045
879 246 6 5 0.045
566 332 13 19 0.044
577 318 34 7 0.044
961 309 7 29 0.044
917 296 7 12 0.044
984 122 13 16 0.043
1014 344 9 15 0.043
844 260 6 6 0.041
832 256 6 7 0.040
786 291 10 15 0.040
775 317 18 9 0.040
695 244 11 12 0.040
560 348 10 10 0.039
53 229 9 11 0.039
497 311 10 28 0.039
466 296 8 24 0.038
299 280 6 13 0.038
783 232 5 7 0.038
594 370 10 13 0.038
697 240 6 23 0.037
2 336 8 13 0.037
970 319 7 37 0.037
512 289 6 7 0.037
0 615 9 15 0.037
551 245 6 8 0.036
308 302 8 11 0.036
476 283 6 10 0.036
502 295 6 27 0.036
499 343 22 12 0.036
928 346 7 8 0.035
668 279 36 8 0.035
777 299 6 13 0.034
356 308 7 10 0.034
533 477 13 15 0.034
926 341 9 14 0.034
104 251 8 8 0.034
417 326 9 11 0.034
481 318 21 14 0.033
118 224 8 9 0.033
770 250 7 11 0.033
1012 329 8 15 0.033
419 366 10 14 0.033
531 359 10 11 0.032
705 289 8 9 0.032
657 238 6 32 0.030
422 333 20 8 0.030
972 268 6 15 0.030
69 162 9 10 0.029
3 331 8 14 0.029
105 244 8 15 0.029
184 231 7 7 0.029
873 277 14 11 0.029
548 309 10 33 0.029
1 244 8 24 0.028
221 374 8 11 0.028
663 237 15 8 0.027
370 294 18 8 0.027
393 316 10 11 0.027
739 235 6 7 0.027
581 225 7 9 0.027
875 275 7 12 0.027
30 171 8 8 0.027
973 294 6 30 0.027
196 300 8 20 0.027
617 392 12 15 0.026
552 287 7 38 0.026
5 234 9 12 0.026
569 208 7 11 0.026
920 278 16 13 0.026
6 335 7 9 0.025
255 286 9 15 0.025
875 245 11 8 0.025
6 278 7 27 0.025
480 340 25 15 0.025
148 240 7 8 0.025
839 278 6 11 0.025
354 309 7 11 0.025
902 295 26 8 0.025
474 331 12 34 0.025
698 244 13 14 0.025
2 169 8 10 0.024
623 341 12 15 0.024
541 321 11 37 0.024
472 358 7 8 0.024
774 322 7 8 0.024
967 296 12 27 0.024
784 227 6 26 0.023
79 370 11 12 0.023
484 318 14 25 0.023
796 321 8 8 0.023
6 339 7 9 0.023
863 249 6 14 0.023
5 639 12 16 0.023
804 301 7 14 0.022
973 311 13 28 0.022
487 399 9 11 0.022
744 429 12 14 0.022
221 413 9 11 0.022
980 279 5 30 0.022
947 252 5 43 0.021
25 415 10 12 0.021
156 256 12 14 0.021
592 327 22 20 0.021
491 274 6 25 0.021
329 340 8 9 0.021
681 225 7 8 0.021
652 244 7 11 0.020
528 484 13 14 0.020
594 349 12 12 0.020
