42_Car_Racing_Car_Racing_42_728
31
516 105 21 27 0.775
582 127 19 27 0.609
681 29 12 14 0.511
480 31 9 12 0.356
709 39 11 12 0.238
417 25 8 10 0.235
732 42 9 10 0.190
202 232 40 42 0.174
340 27 8 9 0.159
517 32 8 9 0.158
460 29 9 11 0.154
163 16 7 9 0.120
313 219 42 41 0.102
198 34 7 8 0.093
123 76 9 9 0.087
415 28 9 11 0.086
714 41 11 12 0.072
369 210 26 30 0.072
359 29 8 9 0.056
503 33 9 9 0.049
587 131 20 24 0.046
322 29 8 8 0.045
577 124 19 27 0.043
419 24 8 10 0.035
708 39 9 20 0.032
253 51 6 8 0.030
328 220 29 30 0.028
299 229 44 45 0.027
344 30 8 9 0.026
370 215 33 37 0.025
419 30 11 12 0.025
