42_Car_Racing_Nascar_42_370
73
734 199 47 63 0.864
155 168 37 42 0.855
377 153 44 56 0.853
855 207 45 60 0.848
273 179 41 49 0.846
896 163 30 39 0.831
966 160 34 39 0.818
81 184 30 36 0.812
618 178 25 33 0.807
547 159 19 24 0.801
679 147 25 33 0.801
212 133 41 47 0.786
579 187 24 33 0.785
784 162 25 33 0.782
511 176 22 27 0.749
863 172 25 27 0.738
461 175 17 20 0.714
846 174 18 24 0.579
135 166 10 11 0.551
345 162 13 15 0.532
650 169 12 14 0.504
427 197 17 22 0.497
502 167 13 16 0.451
828 177 10 12 0.422
440 160 11 14 0.404
566 169 18 27 0.401
459 160 10 13 0.393
713 179 14 16 0.378
740 177 20 25 0.297
315 169 9 12 0.290
479 173 16 20 0.286
611 166 12 13 0.282
592 171 15 16 0.274
459 161 13 33 0.262
478 168 15 18 0.228
523 163 19 22 0.187
568 167 20 16 0.168
429 166 14 20 0.153
629 166 13 14 0.141
425 174 15 22 0.119
445 161 25 13 0.118
191 168 12 15 0.113
596 168 27 14 0.109
345 164 16 20 0.085
564 176 17 23 0.084
312 168 13 16 0.083
610 166 19 25 0.082
707 180 17 21 0.076
435 161 23 15 0.074
1 164 22 30 0.069
471 176 20 22 0.067
645 170 14 18 0.066
36 172 24 28 0.064
851 173 25 29 0.053
580 165 11 13 0.053
137 167 10 13 0.051
194 164 14 20 0.048
832 183 13 15 0.045
1005 162 16 21 0.043
459 175 14 17 0.043
188 163 21 30 0.038
527 164 14 13 0.038
348 158 13 18 0.037
351 170 16 22 0.030
133 167 11 13 0.029
612 164 32 39 0.029
345 159 10 12 0.026
586 181 25 30 0.025
265 166 22 32 0.024
478 166 11 11 0.023
926 178 17 20 0.023
965 168 23 28 0.022
974 153 26 27 0.021
