42_Car_Racing_Nascar_42_384
50
21 190 22 30 0.771
176 163 23 30 0.755
970 192 21 30 0.744
923 197 18 22 0.726
101 173 19 29 0.689
1008 195 16 26 0.614
912 281 16 19 0.493
59 188 13 16 0.488
310 180 14 21 0.442
661 190 9 12 0.417
635 191 9 10 0.378
398 185 9 11 0.368
594 183 8 10 0.307
485 190 8 9 0.294
431 191 8 10 0.210
176 198 16 30 0.191
425 190 15 12 0.163
410 191 15 13 0.143
899 201 8 9 0.127
560 194 9 10 0.122
877 206 12 13 0.110
489 159 8 10 0.109
939 189 14 17 0.100
530 181 9 10 0.093
608 191 8 10 0.090
737 196 9 9 0.082
622 194 8 10 0.082
407 189 13 14 0.079
957 192 13 20 0.075
734 198 8 8 0.067
665 196 10 12 0.065
397 186 15 14 0.064
397 188 29 13 0.063
614 193 18 9 0.063
674 197 7 10 0.062
705 196 6 9 0.056
732 198 15 8 0.054
673 202 8 9 0.050
853 184 19 27 0.049
629 194 9 10 0.042
741 198 7 9 0.040
421 194 14 13 0.033
592 179 11 14 0.026
1013 176 10 24 0.026
557 196 9 9 0.026
940 193 29 12 0.024
899 201 10 14 0.023
47 204 15 20 0.022
56 184 19 24 0.021
630 191 12 13 0.020
