42_Car_Racing_Nascar_42_176
86
568 372 44 57 0.862
385 381 43 59 0.846
489 377 40 50 0.840
67 602 30 39 0.838
153 611 28 36 0.816
227 627 29 39 0.805
37 892 23 28 0.799
139 877 25 31 0.798
420 139 34 39 0.787
913 380 24 32 0.766
94 886 21 27 0.764
798 388 21 29 0.762
410 610 24 31 0.756
848 386 24 30 0.747
561 139 34 39 0.736
909 145 13 15 0.728
933 1080 16 18 0.704
714 140 12 15 0.690
874 147 12 15 0.682
807 148 12 13 0.667
844 147 12 14 0.658
826 138 13 15 0.644
930 146 11 13 0.601
775 147 13 15 0.592
741 143 12 15 0.564
760 139 12 14 0.558
755 666 13 16 0.506
381 1098 12 14 0.501
979 154 11 12 0.415
750 384 24 33 0.414
992 418 19 28 0.413
741 390 29 30 0.350
864 133 11 14 0.350
796 136 13 15 0.296
838 144 15 16 0.291
52 374 21 24 0.290
736 396 24 27 0.264
848 366 20 24 0.241
86 371 19 24 0.232
877 419 20 23 0.228
69 159 10 12 0.227
801 146 27 16 0.176
360 1113 12 14 0.171
948 147 20 15 0.168
739 142 25 14 0.158
146 140 10 11 0.133
709 142 30 14 0.127
822 1147 11 13 0.126
438 1124 11 12 0.098
162 133 9 10 0.080
316 639 18 25 0.078
953 152 42 13 0.075
442 1123 11 11 0.069
956 154 13 13 0.068
72 161 10 13 0.067
361 1116 11 14 0.066
417 1122 11 12 0.055
724 684 12 14 0.053
975 201 13 16 0.048
978 150 11 12 0.048
675 696 11 13 0.045
878 145 54 15 0.044
712 144 10 13 0.043
642 1125 12 13 0.042
949 155 14 14 0.042
740 142 55 17 0.041
473 245 13 13 0.040
575 1126 10 12 0.039
793 187 11 14 0.038
802 1134 10 11 0.037
119 230 12 15 0.034
850 397 75 45 0.033
146 140 20 12 0.032
479 1139 8 11 0.030
387 1120 12 13 0.028
798 139 65 22 0.028
822 141 72 22 0.027
640 1120 17 15 0.026
823 1148 13 15 0.025
134 221 13 16 0.024
65 162 10 13 0.024
758 138 72 29 0.024
705 1099 11 13 0.023
757 376 17 24 0.022
123 227 15 16 0.021
607 1130 11 13 0.020
