42_Car_Racing_Car_Racing_42_175
44
901 119 47 52 0.826
250 118 29 34 0.783
84 137 18 22 0.765
164 101 34 41 0.762
3 105 42 48 0.720
349 154 19 22 0.655
439 150 16 23 0.612
1017 156 7 36 0.301
632 167 10 11 0.267
838 176 17 21 0.214
185 139 15 20 0.195
291 143 15 20 0.177
211 162 11 12 0.115
109 136 23 24 0.112
713 170 10 13 0.097
294 155 14 15 0.088
525 176 8 8 0.085
457 176 9 12 0.066
117 136 23 23 0.052
557 171 8 9 0.051
178 118 22 29 0.048
737 182 9 12 0.047
691 200 9 10 0.046
301 157 12 14 0.043
110 128 21 24 0.040
536 171 10 9 0.037
686 184 9 8 0.035
64 131 15 21 0.034
235 145 14 17 0.034
835 176 14 13 0.031
307 162 11 10 0.030
481 176 9 9 0.029
136 129 18 19 0.028
57 152 22 26 0.027
600 168 9 9 0.027
781 178 8 9 0.026
624 167 11 11 0.026
603 172 8 9 0.024
385 168 8 10 0.023
22 114 29 33 0.023
501 175 7 6 0.023
335 160 14 17 0.022
114 122 19 18 0.021
679 185 13 12 0.020
