42_Car_Racing_Car_Racing_42_449
41
503 180 21 26 0.722
888 207 12 15 0.688
738 194 16 21 0.675
185 249 10 12 0.660
909 217 11 13 0.648
559 178 9 10 0.641
782 211 13 16 0.636
115 229 15 18 0.582
60 261 10 12 0.582
844 223 10 12 0.569
863 217 11 13 0.566
824 217 11 13 0.556
654 169 10 11 0.530
85 262 10 13 0.492
595 174 9 11 0.492
317 227 14 16 0.448
659 211 9 10 0.215
805 222 10 12 0.174
904 214 16 16 0.170
13 234 11 14 0.158
766 221 11 11 0.145
0 288 9 13 0.094
762 220 10 13 0.082
403 183 7 9 0.074
111 232 15 18 0.071
766 215 24 14 0.061
426 182 7 8 0.054
929 241 9 11 0.038
596 180 11 12 0.036
744 196 11 18 0.032
16 232 10 12 0.030
392 256 24 30 0.028
657 171 9 11 0.028
397 257 29 26 0.026
920 222 14 17 0.026
395 270 24 26 0.026
266 223 9 10 0.026
303 230 17 19 0.025
863 216 16 21 0.024
599 183 11 12 0.022
76 243 47 31 0.021
