42_Car_Racing_Nascar_42_228
65
72 11 88 116 0.821
888 73 44 64 0.815
285 111 23 29 0.720
265 148 22 28 0.712
798 114 19 25 0.701
490 125 15 18 0.676
469 144 13 15 0.660
626 133 15 18 0.640
707 145 16 20 0.632
349 138 12 15 0.628
430 144 11 13 0.615
764 136 14 19 0.597
605 137 13 16 0.586
238 149 13 16 0.548
565 127 13 14 0.496
1003 174 15 20 0.431
391 136 12 13 0.320
695 128 14 17 0.296
744 120 17 17 0.279
513 128 12 14 0.270
956 158 20 25 0.216
333 134 13 15 0.205
581 121 12 15 0.194
721 137 13 15 0.183
394 138 13 13 0.175
407 140 10 12 0.165
988 169 13 21 0.149
674 133 16 19 0.144
676 131 23 19 0.127
783 138 13 16 0.110
988 180 14 18 0.100
554 146 11 13 0.086
568 124 19 22 0.080
1001 170 14 16 0.079
990 175 17 21 0.078
927 123 23 30 0.077
962 160 18 21 0.070
563 132 14 17 0.070
458 146 11 13 0.061
462 142 15 17 0.059
747 126 17 25 0.058
515 132 10 13 0.055
490 127 26 17 0.054
371 155 11 12 0.053
226 149 12 17 0.051
424 140 14 14 0.048
369 150 11 13 0.047
572 143 13 14 0.042
720 102 12 14 0.039
319 119 12 15 0.037
604 133 13 15 0.035
456 142 11 12 0.031
974 164 16 18 0.029
355 145 24 13 0.027
832 140 15 19 0.027
235 148 12 14 0.026
930 118 23 26 0.024
914 111 38 42 0.024
674 128 13 15 0.024
729 142 17 16 0.024
248 165 14 18 0.023
630 143 16 17 0.022
593 140 11 13 0.021
349 134 12 14 0.021
285 260 23 24 0.021
