33_Running_Running_33_759
332
770 500 62 79 0.817
747 564 23 30 0.799
127 490 19 22 0.773
145 466 15 19 0.771
148 522 20 24 0.765
780 579 57 90 0.763
249 459 14 18 0.750
838 462 17 21 0.742
758 437 12 14 0.728
777 441 12 15 0.716
361 441 13 16 0.714
732 489 17 21 0.712
208 452 14 17 0.711
165 490 18 19 0.690
900 158 13 18 0.688
782 413 13 15 0.681
763 418 11 13 0.673
256 432 13 16 0.664
49 695 22 26 0.664
264 410 12 14 0.657
232 432 13 15 0.652
918 159 14 17 0.648
177 498 15 18 0.620
275 452 13 15 0.619
981 119 14 16 0.615
951 125 15 17 0.586
484 399 9 12 0.518
720 369 9 11 0.516
771 363 8 9 0.509
1005 114 14 16 0.508
295 401 14 14 0.499
768 389 11 14 0.489
419 382 10 13 0.488
808 325 52 84 0.486
656 401 10 12 0.479
438 382 10 12 0.479
323 372 10 11 0.453
828 422 11 12 0.451
505 396 10 12 0.450
676 384 9 12 0.447
654 362 9 10 0.442
475 375 9 11 0.434
276 357 11 12 0.431
852 126 11 13 0.431
739 510 14 21 0.428
542 358 9 9 0.422
289 192 12 14 0.420
743 385 9 12 0.419
276 195 11 14 0.413
814 141 11 14 0.413
458 394 9 11 0.413
310 358 9 12 0.403
822 386 12 14 0.383
609 363 9 11 0.380
314 404 11 13 0.374
461 359 9 10 0.367
604 349 8 9 0.353
346 377 9 10 0.346
690 413 8 11 0.343
559 335 8 10 0.340
603 374 9 10 0.307
292 352 9 9 0.305
339 25 10 12 0.294
279 196 14 15 0.282
772 391 12 13 0.275
736 495 17 33 0.273
367 375 10 11 0.268
552 341 8 10 0.264
316 440 12 15 0.260
1000 111 13 15 0.257
287 174 10 13 0.248
170 492 20 21 0.247
324 481 18 20 0.243
906 159 28 15 0.242
205 491 16 20 0.241
350 357 9 12 0.241
798 147 8 10 0.235
277 418 10 13 0.234
284 325 9 9 0.234
219 477 12 18 0.229
747 373 8 9 0.229
534 372 8 9 0.224
783 352 9 9 0.218
329 217 9 9 0.217
534 458 19 22 0.216
439 350 9 10 0.216
446 459 19 24 0.214
194 38 11 12 0.213
303 404 23 13 0.204
284 192 14 17 0.199
279 355 11 12 0.188
561 401 9 11 0.188
312 443 13 15 0.187
734 622 35 39 0.186
586 349 8 9 0.170
313 221 11 13 0.166
655 382 9 10 0.166
563 313 7 9 0.164
819 381 17 23 0.161
653 338 8 10 0.161
568 379 9 12 0.158
374 308 7 7 0.143
291 354 12 11 0.143
837 123 10 12 0.141
833 136 9 11 0.141
667 339 8 8 0.138
709 378 10 12 0.138
400 384 11 12 0.136
364 388 10 11 0.131
481 399 19 13 0.129
625 345 8 8 0.128
767 439 23 16 0.127
720 196 7 9 0.125
263 350 8 10 0.123
304 1 9 10 0.120
376 399 10 15 0.119
641 288 6 8 0.119
289 183 12 16 0.118
220 473 11 15 0.118
787 470 13 15 0.116
339 204 7 8 0.116
834 129 10 18 0.115
545 407 10 12 0.114
725 447 11 15 0.114
778 354 12 12 0.114
317 220 18 12 0.113
681 353 9 10 0.107
853 122 14 17 0.106
406 319 8 9 0.105
745 372 9 14 0.105
556 360 10 11 0.104
650 335 8 10 0.103
281 323 10 10 0.102
328 416 12 15 0.101
379 344 10 10 0.100
318 18 11 12 0.098
806 381 8 9 0.098
606 346 9 30 0.098
301 216 11 12 0.096
512 373 10 12 0.096
419 362 9 10 0.095
852 500 20 30 0.095
480 468 15 22 0.092
142 448 11 13 0.091
282 402 36 15 0.091
253 438 15 22 0.090
689 141 11 13 0.090
319 359 14 28 0.088
431 381 15 14 0.086
498 345 9 8 0.085
334 211 9 12 0.084
313 21 11 12 0.083
436 309 5 11 0.083
600 347 21 10 0.080
854 441 15 21 0.080
826 392 15 11 0.079
451 321 6 11 0.078
752 476 13 13 0.078
814 354 36 50 0.077
379 405 11 12 0.075
515 340 7 12 0.073
551 337 14 12 0.072
315 20 14 13 0.071
401 366 10 17 0.071
369 372 11 27 0.071
314 437 15 33 0.067
650 337 17 9 0.066
367 333 8 11 0.066
803 399 11 12 0.065
427 417 11 14 0.065
384 338 10 16 0.063
416 385 11 12 0.063
325 216 11 11 0.063
713 370 13 15 0.062
347 65 9 10 0.062
320 411 14 15 0.061
694 343 8 9 0.060
1002 116 13 15 0.060
626 338 7 19 0.059
409 297 7 8 0.058
403 332 7 22 0.058
282 374 11 13 0.058
947 124 12 16 0.058
604 366 13 15 0.058
291 190 13 21 0.057
346 235 10 12 0.057
466 314 11 7 0.057
773 388 21 13 0.056
811 141 8 24 0.056
863 93 11 12 0.056
867 118 12 16 0.056
692 291 8 8 0.055
490 354 9 23 0.054
304 418 11 14 0.053
676 373 9 12 0.053
358 303 8 8 0.053
378 344 23 10 0.052
435 324 8 24 0.052
808 156 8 9 0.051
411 333 15 14 0.051
371 303 8 20 0.051
650 381 9 12 0.050
697 574 26 31 0.050
590 352 12 21 0.050
348 44 9 10 0.050
345 373 13 18 0.050
635 374 8 13 0.050
397 352 9 27 0.048
708 379 15 12 0.048
363 51 8 8 0.048
421 286 11 6 0.047
670 337 8 9 0.047
461 346 9 33 0.047
419 285 9 8 0.047
342 25 8 9 0.046
479 368 20 19 0.044
702 34 10 11 0.044
555 360 10 26 0.044
252 420 29 68 0.044
528 376 11 12 0.043
787 382 22 12 0.043
463 358 17 12 0.043
398 337 12 21 0.042
313 13 12 21 0.041
588 319 10 9 0.041
849 129 12 13 0.041
584 349 30 9 0.041
675 145 8 10 0.041
489 360 17 14 0.041
481 400 10 12 0.040
412 371 18 26 0.040
684 355 10 12 0.040
325 358 8 9 0.040
885 168 11 13 0.039
691 345 11 12 0.039
837 396 13 13 0.038
732 570 16 18 0.038
381 355 16 18 0.037
144 449 13 20 0.037
604 358 10 30 0.036
472 387 24 31 0.036
714 369 33 14 0.036
619 178 8 9 0.036
598 399 10 12 0.036
993 108 11 13 0.036
287 371 10 13 0.035
737 566 24 26 0.035
688 135 9 12 0.035
853 437 12 16 0.035
334 234 10 11 0.035
884 136 12 13 0.034
647 394 42 17 0.034
423 286 6 33 0.034
581 352 12 9 0.034
381 65 8 10 0.034
625 88 11 12 0.034
515 326 6 28 0.034
482 462 18 24 0.033
443 287 11 7 0.033
675 191 7 7 0.033
552 379 14 10 0.033
408 306 6 30 0.033
303 198 10 11 0.033
281 483 14 16 0.033
585 306 7 18 0.033
326 359 23 13 0.032
208 561 18 21 0.031
617 326 10 28 0.031
587 389 9 12 0.031
277 428 11 13 0.031
561 394 11 24 0.030
626 322 13 9 0.030
648 339 11 21 0.030
686 133 9 12 0.030
404 313 15 21 0.030
329 395 11 12 0.030
214 55 9 12 0.030
370 328 15 27 0.030
585 314 11 16 0.029
283 321 12 14 0.029
824 416 13 17 0.029
325 24 29 15 0.029
481 349 27 9 0.028
493 293 7 7 0.028
748 477 19 21 0.027
643 312 8 14 0.027
277 363 11 18 0.027
380 320 16 13 0.027
504 565 27 45 0.027
604 334 9 27 0.027
424 283 6 6 0.027
348 46 8 30 0.026
795 144 7 10 0.026
328 232 22 12 0.026
775 537 36 51 0.025
590 408 11 14 0.025
436 287 15 7 0.025
306 446 12 13 0.025
653 398 10 14 0.025
368 366 15 23 0.025
514 356 8 19 0.025
379 383 23 11 0.025
611 300 10 27 0.025
622 290 10 16 0.025
804 378 11 22 0.025
531 432 14 17 0.024
305 202 12 21 0.024
516 282 6 6 0.024
369 357 21 18 0.024
679 291 7 8 0.023
659 202 7 9 0.023
368 360 11 53 0.023
613 296 17 10 0.023
679 289 10 9 0.023
653 51 8 8 0.023
677 189 6 11 0.023
422 337 10 27 0.023
603 348 12 14 0.023
499 298 7 27 0.022
289 309 7 17 0.022
332 388 14 13 0.022
532 394 10 13 0.022
365 302 14 22 0.021
476 301 6 39 0.021
694 453 11 14 0.021
600 307 21 15 0.021
286 169 12 14 0.021
537 332 12 16 0.021
786 379 10 12 0.021
474 345 21 18 0.020
769 359 13 13 0.020
635 360 14 14 0.020
