33_Running_Running_33_978
140
703 36 14 15 0.653
476 40 11 14 0.637
898 184 12 14 0.512
562 34 12 15 0.495
425 18 14 19 0.472
307 43 14 16 0.426
132 39 18 18 0.414
738 51 11 13 0.401
84 332 9 10 0.338
651 230 10 11 0.291
237 24 12 14 0.275
671 342 8 9 0.251
847 173 20 21 0.251
371 351 7 8 0.240
619 355 7 9 0.230
272 355 8 8 0.211
182 57 15 19 0.203
507 673 60 7 0.201
87 334 9 11 0.191
784 68 14 17 0.190
458 349 7 8 0.178
254 37 15 15 0.178
625 225 11 13 0.167
602 38 13 16 0.160
627 216 10 12 0.157
649 43 11 14 0.126
241 27 19 19 0.122
182 54 13 16 0.120
673 232 10 12 0.115
225 60 14 16 0.114
205 385 8 9 0.109
550 414 10 11 0.107
992 195 11 12 0.105
932 320 12 13 0.105
138 348 9 10 0.102
594 262 7 8 0.099
478 221 8 8 0.089
488 257 9 9 0.088
425 10 13 16 0.087
218 382 10 9 0.087
402 375 8 9 0.087
649 384 8 9 0.087
468 431 11 13 0.083
600 43 12 14 0.078
853 169 15 17 0.076
139 349 12 12 0.075
605 43 14 16 0.074
811 336 8 8 0.074
236 30 32 23 0.073
561 42 12 13 0.070
780 56 12 12 0.069
575 254 7 9 0.068
143 41 12 15 0.067
148 355 10 12 0.066
3 36 13 16 0.064
137 49 17 20 0.061
792 340 7 8 0.060
779 337 9 9 0.060
70 29 19 21 0.059
186 63 14 17 0.059
604 37 19 14 0.059
229 37 12 14 0.058
222 62 14 16 0.055
351 628 8 9 0.054
897 334 9 10 0.054
1015 451 9 13 0.052
752 36 11 11 0.050
690 364 10 10 0.049
731 375 9 9 0.048
739 360 8 9 0.048
704 339 8 10 0.048
522 217 8 9 0.048
600 36 11 13 0.047
222 381 8 9 0.046
754 39 11 18 0.046
115 362 8 10 0.045
184 49 12 16 0.045
621 33 10 13 0.044
713 360 9 10 0.044
560 369 9 11 0.043
98 40 17 23 0.042
9 0 18 14 0.041
368 384 9 10 0.040
775 55 19 17 0.040
335 396 11 12 0.040
665 216 11 12 0.040
565 411 10 11 0.039
784 58 13 19 0.039
0 15 8 26 0.039
425 27 13 14 0.039
838 333 8 8 0.038
767 52 18 14 0.038
477 36 12 15 0.037
471 22 12 14 0.037
146 359 10 16 0.036
715 389 9 11 0.036
909 161 15 18 0.035
631 216 8 9 0.035
68 14 17 24 0.035
3 0 16 14 0.035
554 261 8 8 0.035
604 47 12 13 0.034
496 261 10 9 0.033
989 216 9 10 0.033
574 270 8 9 0.032
755 423 9 10 0.032
844 356 8 10 0.032
1 0 12 21 0.031
688 185 9 10 0.031
304 35 13 14 0.031
757 51 13 15 0.031
223 45 15 28 0.031
572 266 9 11 0.031
759 349 9 11 0.030
177 57 14 17 0.029
543 261 8 8 0.029
152 349 9 9 0.029
842 175 14 16 0.029
756 341 8 7 0.029
762 352 9 9 0.028
502 264 8 7 0.027
56 47 16 15 0.027
576 252 6 34 0.027
145 369 9 10 0.027
524 680 58 1 0.026
487 4 11 14 0.026
498 209 8 8 0.025
776 335 8 10 0.025
473 204 7 8 0.025
251 28 15 16 0.025
452 370 8 8 0.024
3 0 18 31 0.023
66 335 9 10 0.022
215 57 12 15 0.022
125 35 14 17 0.022
295 356 7 9 0.022
660 114 9 10 0.021
649 227 40 16 0.021
185 402 10 12 0.020
16 0 16 12 0.020
