33_Running_Running_33_568
247
100 208 46 64 0.842
201 112 25 41 0.835
142 84 30 39 0.833
254 226 45 55 0.828
61 21 26 34 0.826
263 148 36 47 0.825
495 160 30 40 0.807
331 115 29 34 0.803
250 82 28 36 0.803
375 99 25 34 0.803
536 86 22 29 0.803
481 102 24 32 0.797
586 95 20 25 0.797
99 113 37 42 0.795
316 58 22 27 0.790
864 111 20 24 0.789
268 121 30 37 0.783
976 99 17 21 0.769
425 87 21 27 0.769
23 69 26 31 0.766
354 29 15 19 0.766
984 126 19 26 0.765
103 152 31 45 0.764
594 53 20 26 0.762
681 77 15 19 0.762
951 75 15 20 0.761
1000 88 18 21 0.749
1005 116 17 22 0.745
925 88 17 22 0.741
577 59 15 18 0.735
272 39 20 25 0.731
230 62 21 26 0.718
511 56 17 21 0.716
395 39 17 21 0.707
794 74 16 20 0.704
912 64 13 17 0.700
155 32 14 22 0.688
38 105 25 41 0.686
408 51 16 18 0.685
621 53 13 16 0.677
775 61 13 15 0.669
668 53 14 18 0.661
291 28 16 20 0.660
949 138 16 21 0.659
701 42 12 15 0.659
460 34 14 17 0.654
821 75 15 19 0.652
721 71 12 17 0.649
825 39 13 16 0.645
685 54 14 18 0.642
428 6 10 10 0.630
889 83 15 20 0.625
869 65 14 16 0.622
725 41 14 18 0.614
791 52 13 16 0.610
512 40 14 17 0.609
849 50 12 16 0.607
452 13 12 15 0.607
497 23 10 13 0.601
947 56 12 17 0.600
704 14 11 13 0.595
635 73 15 17 0.591
759 16 11 13 0.577
626 34 13 15 0.573
408 8 10 14 0.563
811 51 13 16 0.561
552 25 11 13 0.560
723 17 11 13 0.560
330 19 12 14 0.545
339 0 12 14 0.535
653 42 10 12 0.530
482 20 10 13 0.519
364 1 11 14 0.518
570 23 12 14 0.489
114 53 20 34 0.477
496 6 9 10 0.474
879 97 17 21 0.472
613 1 10 11 0.467
319 7 13 15 0.456
675 34 13 14 0.456
606 19 10 13 0.451
688 13 10 11 0.447
466 0 10 9 0.435
261 9 13 16 0.430
0 157 12 38 0.424
463 67 15 17 0.419
220 84 19 26 0.418
989 58 12 16 0.386
882 87 19 23 0.372
530 9 10 12 0.361
738 17 10 12 0.355
898 46 13 16 0.355
397 0 8 10 0.354
1009 39 10 12 0.352
643 13 10 12 0.341
772 97 15 18 0.339
215 88 20 29 0.336
192 86 26 33 0.326
267 9 13 15 0.314
740 40 11 16 0.313
120 49 17 28 0.307
558 49 16 20 0.304
586 35 11 13 0.290
777 42 12 17 0.280
668 55 34 17 0.279
919 42 9 12 0.277
760 39 12 16 0.272
485 19 15 16 0.262
878 40 13 16 0.262
550 1 10 10 0.256
893 65 13 15 0.250
879 46 13 17 0.248
677 13 10 11 0.225
630 4 10 12 0.222
399 43 18 22 0.219
655 27 11 13 0.206
776 54 25 18 0.206
625 32 13 27 0.205
423 31 12 14 0.197
665 0 9 9 0.190
584 15 10 12 0.186
794 35 13 13 0.178
322 11 20 20 0.176
856 50 14 16 0.175
713 1 8 11 0.161
548 24 35 12 0.161
740 21 11 19 0.159
880 38 12 14 0.158
970 56 12 16 0.151
724 37 13 38 0.149
855 92 16 17 0.148
981 55 18 16 0.143
663 15 21 11 0.133
697 14 23 14 0.129
627 1 10 10 0.124
687 26 11 16 0.123
291 21 15 19 0.120
951 35 11 12 0.117
711 16 30 14 0.115
455 101 19 23 0.114
690 15 24 11 0.114
328 4 15 30 0.110
726 16 12 20 0.102
513 13 11 19 0.100
34 6 16 18 0.098
541 1 20 12 0.097
384 22 12 15 0.096
1 66 16 27 0.095
862 46 26 33 0.095
757 10 11 17 0.093
945 56 30 15 0.093
572 5 20 10 0.092
597 35 13 13 0.088
665 0 9 30 0.088
577 0 11 10 0.086
640 25 13 26 0.085
517 1 10 14 0.084
776 28 13 14 0.084
563 0 9 7 0.083
763 26 18 21 0.083
750 74 12 15 0.082
604 1 13 43 0.081
680 38 18 67 0.078
384 7 11 27 0.077
766 113 18 25 0.075
354 63 16 20 0.071
657 26 30 18 0.070
124 44 16 25 0.069
792 34 14 75 0.068
395 0 13 14 0.067
644 13 26 19 0.066
602 0 10 10 0.062
752 0 13 11 0.061
521 28 14 13 0.061
722 42 13 16 0.060
472 0 11 10 0.059
449 0 10 7 0.056
983 50 11 13 0.055
847 90 24 24 0.055
650 2 26 10 0.053
28 5 18 19 0.053
354 25 15 44 0.053
329 24 14 13 0.053
841 103 17 23 0.051
587 0 10 9 0.051
618 24 16 13 0.050
767 87 14 16 0.048
838 98 16 19 0.047
641 1 10 8 0.047
406 4 38 18 0.046
822 66 15 19 0.045
756 128 19 22 0.045
307 0 11 9 0.044
527 0 11 10 0.044
379 23 13 16 0.044
498 2 9 9 0.044
767 25 26 48 0.043
0 135 10 41 0.043
802 36 12 13 0.043
561 2 25 12 0.042
368 2 10 10 0.042
583 2 23 16 0.042
275 9 21 26 0.041
555 27 12 24 0.040
654 0 13 7 0.039
567 54 16 20 0.039
615 28 55 27 0.039
822 10 12 113 0.037
297 0 12 9 0.036
446 61 14 15 0.035
526 4 13 14 0.035
645 67 13 15 0.035
1004 39 10 11 0.034
751 69 14 19 0.034
955 63 21 27 0.034
641 72 14 17 0.034
374 11 19 24 0.033
536 1 10 8 0.033
392 32 20 20 0.032
217 0 13 8 0.030
665 1 21 98 0.030
474 49 12 16 0.030
974 52 12 12 0.030
555 3 37 68 0.029
428 3 9 9 0.028
275 4 22 17 0.027
291 2 21 16 0.026
131 28 13 19 0.026
776 25 12 12 0.026
843 112 19 22 0.025
469 70 19 19 0.025
664 1 12 14 0.025
839 292 53 47 0.025
210 0 12 8 0.024
539 78 19 27 0.024
230 8 11 13 0.024
224 1 20 16 0.024
639 0 32 45 0.023
506 0 37 43 0.023
957 198 20 21 0.022
1009 81 13 25 0.022
737 40 58 34 0.022
886 53 57 70 0.022
919 135 17 19 0.021
746 77 35 18 0.021
747 0 11 9 0.021
116 10 13 17 0.021
