33_Running_Running_33_491
29
602 336 27 34 0.858
274 217 42 52 0.844
698 393 22 27 0.810
384 409 20 23 0.797
341 486 11 13 0.692
319 486 11 13 0.669
502 505 8 9 0.580
574 509 8 8 0.497
420 507 8 9 0.446
527 514 8 9 0.283
476 516 6 7 0.215
487 518 7 8 0.182
418 467 11 14 0.153
437 514 7 8 0.150
548 510 6 7 0.141
546 509 10 8 0.081
371 472 10 12 0.070
421 508 10 10 0.068
559 528 6 7 0.059
469 518 27 7 0.052
573 508 10 13 0.048
550 507 6 7 0.043
559 520 6 18 0.042
522 517 8 13 0.032
418 506 7 9 0.030
552 522 14 14 0.029
489 510 23 14 0.027
542 525 6 6 0.022
544 506 7 7 0.021
