33_Running_Running_33_41
147
491 295 14 15 0.631
464 317 18 20 0.626
992 378 17 21 0.613
516 308 15 17 0.577
373 283 14 16 0.576
740 295 15 18 0.550
280 291 11 13 0.541
801 311 13 16 0.511
329 282 13 16 0.505
562 324 19 21 0.503
465 285 13 16 0.501
345 283 9 12 0.488
541 306 18 19 0.482
491 275 11 14 0.480
707 294 16 17 0.470
883 346 15 18 0.465
421 301 14 17 0.451
636 351 24 23 0.441
404 283 10 11 0.440
791 319 16 18 0.430
643 322 17 18 0.424
828 324 15 19 0.422
679 309 16 19 0.407
980 342 14 17 0.406
618 306 16 18 0.400
856 313 11 14 0.390
991 353 18 22 0.386
581 297 14 17 0.377
750 387 22 23 0.375
760 315 17 19 0.369
822 299 12 14 0.361
730 328 20 22 0.334
434 288 13 15 0.325
636 302 13 16 0.269
922 320 10 13 0.260
782 354 18 21 0.258
985 346 18 22 0.255
879 317 13 16 0.243
948 343 17 21 0.241
901 356 20 21 0.232
528 280 12 14 0.222
843 315 15 16 0.205
374 268 11 12 0.205
548 286 11 15 0.202
934 329 14 19 0.196
966 320 12 13 0.179
778 303 10 14 0.172
639 327 22 46 0.169
777 316 35 21 0.168
704 297 14 15 0.168
562 298 12 14 0.163
990 323 8 12 0.163
626 303 18 18 0.155
1012 332 10 12 0.152
490 275 12 39 0.148
518 288 13 16 0.147
947 317 11 13 0.143
992 352 17 49 0.139
942 338 21 22 0.137
423 303 18 19 0.131
829 317 29 20 0.125
838 313 13 16 0.122
776 304 14 22 0.121
529 282 26 13 0.119
687 311 14 17 0.117
737 294 27 30 0.115
977 337 13 19 0.111
520 290 12 22 0.104
535 280 12 13 0.100
615 305 34 22 0.099
375 269 12 29 0.098
689 294 9 11 0.096
808 337 14 20 0.095
595 284 14 17 0.094
417 290 23 29 0.093
816 324 21 19 0.093
913 357 17 21 0.088
685 294 12 16 0.085
930 324 20 20 0.084
549 310 16 19 0.083
437 286 23 14 0.082
714 317 14 16 0.079
609 283 12 15 0.078
957 335 16 20 0.076
495 290 12 18 0.076
661 289 11 12 0.075
547 289 15 29 0.068
849 315 51 15 0.067
869 315 20 15 0.066
431 265 8 10 0.066
902 319 35 17 0.066
650 323 18 19 0.065
926 332 40 30 0.062
467 288 21 15 0.061
656 338 17 22 0.061
605 305 15 20 0.060
662 335 16 18 0.060
684 296 34 13 0.060
713 299 13 22 0.057
578 294 14 15 0.057
920 320 27 21 0.056
284 294 13 12 0.056
389 289 13 16 0.056
328 273 13 17 0.055
434 270 11 19 0.055
551 280 12 14 0.055
762 304 35 56 0.053
654 291 14 23 0.051
599 289 16 22 0.051
446 310 18 22 0.048
1017 341 7 27 0.048
394 291 13 16 0.046
659 292 15 17 0.046
415 283 27 15 0.044
1010 329 14 16 0.044
325 285 11 13 0.043
651 301 16 28 0.043
444 292 15 19 0.041
896 339 17 19 0.041
1015 356 9 18 0.039
428 263 12 29 0.039
421 311 16 19 0.038
424 275 44 47 0.037
907 329 17 16 0.036
623 312 19 19 0.036
612 282 10 12 0.034
441 279 15 14 0.033
736 391 27 23 0.033
886 316 19 20 0.030
630 357 28 28 0.029
605 312 13 16 0.029
612 385 23 30 0.029
297 304 10 11 0.028
560 330 16 20 0.027
619 377 31 29 0.025
754 377 23 27 0.025
930 384 15 17 0.024
955 313 22 36 0.023
557 282 17 19 0.023
917 360 18 24 0.023
476 281 13 14 0.022
331 270 10 12 0.022
890 313 13 14 0.021
579 312 17 20 0.021
489 271 10 11 0.021
731 391 21 25 0.020
601 282 13 13 0.020
