15_Stock_Market_Stock_Market_15_270
102
899 260 40 45 0.837
743 364 50 54 0.832
707 407 52 68 0.828
540 214 28 33 0.824
40 240 32 39 0.823
755 260 35 45 0.817
662 277 33 44 0.814
611 210 28 30 0.805
977 226 23 31 0.786
156 121 16 18 0.755
601 159 23 27 0.754
2 201 25 29 0.746
243 119 14 19 0.741
635 180 26 37 0.728
619 361 40 45 0.726
681 124 18 23 0.723
962 131 15 21 0.707
435 232 23 23 0.701
776 161 17 25 0.693
87 178 20 25 0.689
635 126 18 20 0.683
215 377 44 53 0.681
929 84 13 15 0.672
773 65 17 22 0.661
749 86 15 20 0.653
448 94 15 17 0.643
206 85 13 17 0.639
399 153 17 19 0.627
137 58 14 17 0.616
826 102 13 18 0.613
340 126 16 19 0.610
90 68 13 15 0.551
85 158 22 24 0.540
673 90 13 16 0.533
138 171 17 21 0.527
94 130 16 19 0.522
570 153 21 24 0.519
355 157 16 21 0.507
979 106 13 17 0.498
866 80 13 16 0.456
482 100 13 16 0.443
391 78 15 18 0.441
554 107 14 18 0.424
337 249 22 37 0.412
623 91 13 15 0.402
1015 77 9 16 0.380
937 220 23 27 0.368
730 91 12 14 0.348
86 161 22 39 0.327
387 212 19 23 0.312
884 85 11 13 0.285
114 79 15 15 0.265
508 117 16 18 0.226
131 167 17 21 0.225
331 254 23 41 0.212
619 93 12 15 0.211
272 134 16 18 0.197
34 113 16 18 0.190
683 86 12 16 0.147
747 76 34 22 0.141
832 165 15 20 0.130
488 100 13 16 0.125
1014 181 10 25 0.114
93 72 17 17 0.111
382 114 14 16 0.104
579 123 15 19 0.101
276 131 15 18 0.078
124 116 13 15 0.072
856 149 17 24 0.067
931 225 24 30 0.064
101 120 16 18 0.064
752 129 16 21 0.062
447 199 19 22 0.061
677 86 15 16 0.055
887 323 22 40 0.055
996 85 11 13 0.054
629 90 11 15 0.054
966 149 18 21 0.053
344 249 19 31 0.052
545 158 19 24 0.052
946 221 19 25 0.048
478 98 14 17 0.047
40 114 13 16 0.042
29 113 15 18 0.041
1008 77 16 24 0.041
748 88 11 15 0.040
122 80 13 16 0.037
687 87 11 14 0.037
649 183 23 31 0.035
88 70 13 17 0.033
106 79 12 15 0.030
674 108 12 16 0.030
375 119 14 17 0.030
574 132 20 27 0.027
833 155 38 22 0.026
201 390 48 62 0.025
513 116 14 17 0.024
378 211 18 22 0.023
626 89 11 13 0.022
93 118 16 19 0.021
384 466 33 57 0.021
122 91 14 41 0.020
