15_Stock_Market_Stock_Market_15_794
89
824 426 37 46 0.829
765 358 25 31 0.800
742 336 22 27 0.768
413 302 18 22 0.765
833 348 23 26 0.764
610 295 16 22 0.754
679 383 25 29 0.730
502 335 20 26 0.707
767 327 15 19 0.626
354 270 13 17 0.608
306 256 13 15 0.566
724 271 14 17 0.538
73 284 13 15 0.479
259 246 12 14 0.394
214 246 13 15 0.325
216 248 14 16 0.308
274 280 13 16 0.293
118 232 10 13 0.243
162 233 10 12 0.235
519 262 9 11 0.224
516 301 17 21 0.215
36 260 11 11 0.211
263 280 14 16 0.205
671 284 10 12 0.199
221 250 13 16 0.176
590 284 12 15 0.174
313 260 15 15 0.154
253 303 16 18 0.140
503 312 13 15 0.140
572 285 12 13 0.127
349 272 13 16 0.122
135 320 19 29 0.112
508 306 17 19 0.107
521 261 9 11 0.106
139 316 17 25 0.105
523 297 21 22 0.101
532 298 15 19 0.093
46 257 10 11 0.091
110 233 12 12 0.087
131 329 19 27 0.086
209 246 14 15 0.083
671 287 12 16 0.077
260 280 15 24 0.073
219 258 16 20 0.072
568 285 13 13 0.071
75 297 16 21 0.071
893 391 19 29 0.065
859 344 16 21 0.064
76 305 15 16 0.059
128 335 18 22 0.058
148 230 10 12 0.056
605 289 20 22 0.056
330 257 12 14 0.053
298 258 17 14 0.050
1 266 8 11 0.050
26 276 9 11 0.047
557 304 17 19 0.046
592 309 12 18 0.045
551 301 18 21 0.044
807 336 12 13 0.044
276 257 21 13 0.042
818 326 10 11 0.041
251 250 15 16 0.041
498 245 9 14 0.040
655 300 9 10 0.039
565 308 17 17 0.038
213 263 15 18 0.035
566 282 27 27 0.034
570 309 15 18 0.032
698 372 18 24 0.032
817 328 11 14 0.032
655 291 9 20 0.031
644 288 10 10 0.028
538 300 29 19 0.028
112 263 12 14 0.027
328 256 12 23 0.027
772 318 13 16 0.025
812 316 13 13 0.025
251 307 15 19 0.025
278 259 16 22 0.024
249 218 9 10 0.023
312 234 11 12 0.023
90 435 14 17 0.023
337 275 22 14 0.022
674 297 11 13 0.022
26 262 16 23 0.021
466 312 10 11 0.021
862 351 16 21 0.021
4 291 10 13 0.020
