15_Stock_Market_Stock_Market_15_68
49
172 347 46 56 0.833
558 358 26 34 0.815
278 365 39 45 0.813
680 371 25 29 0.812
785 371 24 31 0.781
368 369 37 45 0.778
851 391 29 33 0.776
933 383 30 32 0.761
811 394 24 27 0.738
616 380 19 25 0.690
423 377 24 32 0.508
441 394 29 36 0.333
641 406 16 24 0.303
869 376 21 23 0.228
500 406 21 34 0.210
706 360 15 21 0.160
440 378 30 35 0.151
864 380 23 37 0.139
451 374 24 28 0.124
836 357 13 16 0.118
897 373 19 22 0.085
744 348 9 10 0.066
615 356 16 17 0.066
619 38 8 9 0.066
469 365 19 27 0.053
665 356 14 18 0.051
725 373 13 18 0.046
620 353 14 15 0.044
431 341 16 19 0.037
461 343 17 20 0.037
761 370 27 24 0.032
944 386 23 27 0.031
620 374 21 27 0.030
448 372 20 21 0.030
754 367 26 28 0.030
776 367 25 30 0.029
745 351 11 11 0.029
297 370 26 35 0.028
462 350 20 33 0.028
675 378 21 25 0.026
591 387 15 18 0.025
430 372 18 21 0.025
739 350 12 13 0.024
842 385 27 29 0.024
371 341 28 32 0.023
423 374 36 45 0.021
615 36 8 9 0.021
417 380 20 28 0.021
671 390 14 18 0.020
