18_Concerts_Concerts_18_547
35
693 338 58 78 0.863
750 289 47 60 0.858
127 126 46 58 0.853
525 311 57 80 0.842
334 219 48 62 0.839
449 260 50 64 0.838
68 126 44 59 0.835
128 279 61 91 0.834
718 213 39 46 0.832
216 102 44 54 0.829
826 233 40 50 0.828
389 134 48 56 0.827
941 260 42 48 0.825
896 355 45 64 0.825
576 209 44 54 0.822
626 300 50 63 0.815
322 341 53 75 0.814
962 319 42 51 0.807
500 176 42 54 0.805
2 209 43 58 0.802
822 188 34 43 0.796
509 113 36 48 0.794
872 290 40 51 0.790
746 159 35 45 0.790
669 240 43 56 0.788
614 149 34 44 0.785
501 256 47 57 0.772
586 169 40 48 0.769
283 283 51 60 0.730
135 244 50 62 0.604
162 213 41 54 0.468
457 224 42 51 0.199
1 228 14 58 0.065
0 243 10 57 0.055
156 227 41 57 0.021
