18_Concerts_Concerts_18_58
29
856 42 43 55 0.808
800 487 47 67 0.803
105 268 35 46 0.797
446 245 40 50 0.795
889 238 59 76 0.790
477 502 24 29 0.715
509 30 48 42 0.659
347 428 24 27 0.374
251 355 26 35 0.362
392 19 35 41 0.191
527 33 44 38 0.085
206 159 12 14 0.083
411 492 21 30 0.061
538 22 36 34 0.057
316 430 14 22 0.056
294 157 10 13 0.044
570 483 27 35 0.037
161 127 11 13 0.036
309 175 11 16 0.033
246 344 26 39 0.032
138 154 14 18 0.028
451 62 46 60 0.027
284 165 10 12 0.026
284 162 15 14 0.023
242 147 15 14 0.022
226 151 11 13 0.022
519 21 53 42 0.022
0 106 15 37 0.021
750 66 18 32 0.020
