18_Concerts_Concerts_18_286
40
629 347 25 34 0.786
61 526 22 28 0.761
358 264 31 42 0.750
726 319 28 39 0.730
559 364 23 30 0.712
494 378 22 31 0.709
181 603 25 40 0.709
792 272 36 46 0.694
454 380 20 29 0.641
0 625 12 34 0.546
237 569 11 14 0.537
28 697 34 45 0.344
217 555 10 12 0.210
779 293 31 43 0.159
288 548 8 9 0.137
0 514 8 25 0.122
686 348 18 27 0.118
12 717 32 36 0.108
54 627 22 24 0.087
814 327 26 38 0.068
602 375 21 27 0.067
227 600 19 15 0.061
219 600 13 16 0.061
222 561 14 15 0.060
653 400 23 27 0.059
121 574 8 11 0.056
303 539 9 11 0.051
214 558 11 12 0.037
243 552 11 12 0.036
461 459 12 15 0.034
261 532 8 9 0.034
276 535 9 12 0.034
289 545 11 14 0.033
431 411 20 31 0.030
0 643 12 44 0.025
198 553 10 12 0.024
217 551 8 9 0.024
439 383 27 42 0.022
248 553 10 12 0.021
303 544 10 12 0.021
