18_Concerts_Concerts_18_19
107
277 423 39 51 0.856
333 369 39 47 0.817
721 359 36 42 0.798
511 360 36 62 0.798
249 428 28 41 0.797
996 395 26 40 0.787
323 456 38 53 0.783
168 233 42 56 0.744
218 417 26 34 0.722
885 364 18 23 0.673
389 381 32 40 0.672
446 468 37 55 0.663
933 401 31 43 0.615
829 312 15 18 0.578
362 463 39 57 0.554
784 367 24 31 0.554
835 366 19 22 0.547
441 404 42 48 0.483
860 515 44 69 0.477
816 412 30 35 0.452
875 569 56 99 0.401
842 399 26 38 0.392
236 404 27 39 0.357
104 462 41 69 0.342
810 423 37 49 0.331
692 416 42 59 0.327
908 390 23 28 0.305
259 377 25 30 0.265
104 370 29 36 0.258
760 377 24 32 0.252
604 338 22 29 0.209
608 343 25 38 0.202
961 493 58 96 0.201
471 384 27 39 0.198
451 393 43 54 0.191
1005 438 19 58 0.174
907 391 44 36 0.157
718 307 11 13 0.139
478 324 14 17 0.127
810 441 39 58 0.126
936 387 23 30 0.125
84 341 34 43 0.122
377 434 38 62 0.121
812 459 42 56 0.095
0 455 16 55 0.086
846 403 35 40 0.081
133 426 37 56 0.075
433 411 36 45 0.075
465 378 29 37 0.074
809 420 28 35 0.072
826 412 38 46 0.069
916 366 15 20 0.067
867 368 15 19 0.064
907 400 21 30 0.061
1008 458 16 61 0.060
375 427 31 46 0.060
789 338 13 17 0.056
384 448 40 55 0.054
948 402 27 38 0.049
807 441 29 41 0.048
477 378 26 36 0.048
967 488 46 60 0.048
910 380 20 26 0.048
161 228 41 48 0.048
393 440 31 46 0.048
1003 345 12 16 0.047
91 349 32 44 0.047
821 500 61 77 0.046
614 355 22 28 0.042
937 372 26 28 0.042
1011 428 13 37 0.042
843 506 53 73 0.040
570 334 25 29 0.038
873 419 33 39 0.037
788 346 17 26 0.036
661 373 22 30 0.035
700 407 39 54 0.035
107 429 45 77 0.034
461 368 24 36 0.034
811 314 13 17 0.033
858 415 38 42 0.032
992 456 31 69 0.032
470 325 18 30 0.032
776 373 29 36 0.031
119 422 39 65 0.030
898 391 22 28 0.030
945 362 23 27 0.030
983 468 39 83 0.028
911 373 42 39 0.027
822 403 33 33 0.027
126 435 39 73 0.027
116 452 45 80 0.026
372 299 15 19 0.025
713 356 29 38 0.025
924 324 12 16 0.025
447 458 28 51 0.024
950 336 12 13 0.024
819 520 70 83 0.023
140 380 38 45 0.023
71 351 38 45 0.022
1018 325 6 16 0.022
243 396 31 34 0.022
0 451 34 65 0.022
942 494 44 66 0.022
102 375 47 39 0.021
974 348 14 22 0.020
648 367 35 35 0.020
