18_Concerts_Concerts_18_367
444
656 434 103 145 0.865
110 425 127 144 0.860
372 437 94 107 0.855
755 152 38 46 0.853
124 246 38 46 0.846
854 144 37 40 0.842
550 535 127 146 0.840
293 307 66 87 0.839
836 589 111 93 0.837
740 292 56 71 0.819
152 161 29 33 0.804
530 396 89 112 0.800
178 248 54 71 0.798
52 122 26 32 0.786
879 200 37 45 0.780
837 231 45 51 0.779
184 174 25 30 0.763
4 147 27 32 0.761
23 200 38 48 0.760
630 157 22 27 0.757
958 139 29 33 0.753
898 159 30 36 0.748
786 134 26 31 0.744
685 144 24 30 0.740
302 109 64 66 0.721
663 230 51 62 0.721
187 127 22 24 0.720
707 170 27 33 0.720
839 466 64 86 0.714
649 104 19 25 0.701
882 108 21 23 0.698
938 124 23 26 0.688
992 256 32 84 0.682
840 105 21 24 0.674
752 112 17 19 0.673
501 117 18 21 0.654
706 113 19 23 0.651
637 135 21 24 0.651
217 138 18 22 0.646
285 86 15 19 0.643
154 103 16 18 0.639
680 77 15 18 0.638
965 103 19 22 0.626
914 127 20 24 0.618
810 118 24 25 0.614
419 119 17 20 0.604
573 88 14 16 0.601
242 90 13 16 0.579
123 91 13 15 0.578
544 95 13 15 0.573
983 241 41 68 0.572
1003 162 21 39 0.564
523 133 21 22 0.561
47 99 15 17 0.559
797 88 14 15 0.554
815 164 22 25 0.553
742 96 13 17 0.540
71 108 17 19 0.539
395 109 17 20 0.535
238 195 25 29 0.525
106 101 13 17 0.505
132 139 23 26 0.497
821 75 10 12 0.496
816 94 14 16 0.486
317 87 13 17 0.485
70 300 50 58 0.484
718 94 13 15 0.482
727 116 13 17 0.482
132 124 19 21 0.480
766 90 15 17 0.477
0 127 13 22 0.465
17 107 15 22 0.461
592 103 16 19 0.451
176 108 17 18 0.447
1001 185 21 39 0.435
629 108 14 19 0.435
75 94 15 18 0.432
875 82 13 15 0.423
196 93 13 14 0.421
481 94 12 15 0.418
31 80 12 13 0.409
624 80 13 16 0.408
598 157 24 28 0.402
244 117 16 18 0.396
902 108 16 21 0.395
215 110 15 18 0.376
394 80 12 13 0.362
448 88 12 13 0.348
562 127 18 24 0.345
151 85 14 16 0.341
273 151 20 24 0.339
968 22 16 19 0.336
828 58 10 11 0.332
500 86 12 15 0.329
133 125 21 34 0.324
851 85 14 14 0.320
651 80 13 15 0.319
170 80 12 15 0.314
842 63 9 11 0.305
876 62 11 12 0.293
593 93 16 19 0.285
461 95 16 19 0.283
202 75 10 11 0.279
312 68 10 11 0.279
432 100 12 15 0.269
95 121 20 21 0.268
239 146 14 22 0.263
665 68 10 11 0.258
241 77 11 13 0.258
971 232 39 52 0.255
162 236 31 41 0.250
231 65 9 11 0.245
23 135 20 27 0.241
697 96 12 15 0.240
522 95 13 16 0.238
6 80 12 14 0.237
910 126 41 24 0.234
47 85 11 14 0.233
804 72 12 13 0.232
431 73 10 13 0.232
732 68 10 12 0.232
447 115 21 24 0.228
395 124 19 22 0.222
833 85 13 16 0.219
855 87 15 17 0.219
516 105 15 18 0.217
68 82 12 13 0.216
354 74 11 13 0.213
786 114 22 24 0.212
329 269 49 57 0.211
756 77 15 15 0.211
766 85 14 17 0.210
456 70 10 11 0.209
994 97 18 24 0.208
369 92 13 16 0.208
636 72 14 15 0.205
86 124 25 26 0.203
596 87 15 17 0.203
603 69 12 12 0.200
73 92 15 32 0.200
195 85 12 23 0.200
737 157 20 27 0.197
892 72 13 15 0.195
799 70 14 12 0.195
572 106 12 14 0.192
680 62 11 12 0.190
757 94 21 16 0.190
719 116 18 18 0.190
475 118 14 19 0.182
236 228 34 43 0.179
572 69 11 13 0.178
240 83 15 18 0.177
804 68 10 12 0.176
782 72 14 12 0.174
594 125 22 26 0.167
440 118 24 28 0.167
752 72 11 15 0.165
740 98 25 19 0.162
328 71 11 14 0.162
219 77 13 16 0.157
275 132 19 25 0.155
409 80 12 14 0.155
738 81 14 15 0.153
592 66 12 13 0.150
562 136 19 22 0.150
91 73 9 11 0.143
85 147 34 40 0.138
564 124 16 19 0.138
717 96 31 15 0.136
518 76 11 15 0.136
653 69 11 22 0.135
625 75 20 17 0.134
678 78 28 19 0.134
1 90 9 14 0.133
999 294 24 68 0.132
170 81 23 12 0.131
773 62 10 13 0.131
215 101 15 19 0.131
743 81 11 30 0.130
296 55 9 10 0.129
826 58 23 12 0.128
158 67 9 11 0.128
772 95 15 16 0.128
122 106 13 15 0.127
126 85 13 15 0.126
862 62 13 11 0.126
548 77 11 31 0.125
1013 72 10 18 0.124
925 54 11 12 0.124
510 106 19 23 0.121
451 109 29 29 0.121
541 77 11 30 0.121
257 71 11 13 0.119
637 76 18 15 0.119
10 138 27 37 0.119
874 59 12 31 0.119
928 98 15 17 0.117
130 70 10 22 0.113
362 61 9 14 0.112
673 183 29 29 0.111
541 60 10 15 0.109
401 128 17 20 0.107
375 96 13 14 0.107
458 99 17 28 0.106
209 177 23 26 0.104
816 78 16 38 0.104
371 69 17 10 0.103
418 120 36 22 0.103
716 70 14 15 0.102
27 131 17 22 0.102
394 63 11 12 0.101
778 76 13 16 0.101
200 177 25 29 0.101
483 81 12 27 0.099
272 143 19 27 0.098
570 235 54 57 0.097
944 45 12 16 0.097
547 63 20 11 0.097
538 69 14 21 0.096
118 81 14 23 0.096
783 106 17 19 0.096
457 73 20 11 0.096
431 82 24 14 0.095
134 62 10 11 0.094
870 86 20 18 0.093
191 81 18 15 0.091
473 79 20 20 0.090
152 131 17 21 0.090
459 81 19 27 0.089
996 85 16 20 0.089
151 81 30 16 0.087
252 140 44 32 0.087
183 64 10 10 0.086
561 69 23 13 0.086
893 109 20 23 0.086
426 79 17 14 0.085
819 67 15 26 0.084
773 62 12 26 0.084
117 142 22 27 0.083
553 64 10 29 0.082
292 73 10 13 0.081
311 70 29 12 0.081
216 99 16 62 0.079
692 43 7 9 0.078
579 85 33 30 0.078
302 93 23 18 0.077
895 38 8 10 0.076
1011 27 10 13 0.076
279 126 17 21 0.076
65 69 9 10 0.076
157 240 25 34 0.076
154 125 17 21 0.075
859 120 21 27 0.075
705 80 15 15 0.074
92 79 11 16 0.073
233 87 79 17 0.073
677 164 27 37 0.073
485 62 9 27 0.072
20 95 16 22 0.071
230 61 13 27 0.071
100 93 25 49 0.071
992 237 32 49 0.070
797 58 11 19 0.070
487 59 10 19 0.070
246 73 17 15 0.070
157 66 9 24 0.070
394 118 17 22 0.069
54 69 10 10 0.067
1005 141 19 41 0.067
541 97 14 18 0.067
681 62 30 11 0.067
113 73 15 20 0.066
351 76 11 14 0.066
499 82 32 14 0.066
453 88 40 27 0.066
235 197 32 40 0.066
105 67 9 14 0.065
565 91 16 75 0.065
698 61 21 13 0.065
523 76 14 31 0.064
878 25 8 9 0.064
910 43 9 19 0.064
463 46 7 25 0.063
430 130 23 25 0.063
457 118 35 21 0.061
734 67 28 18 0.060
753 62 18 13 0.060
526 55 10 25 0.060
911 41 9 11 0.060
917 270 28 36 0.060
250 78 14 17 0.059
393 103 21 21 0.058
739 59 20 19 0.057
302 98 19 21 0.057
1016 113 8 38 0.057
241 85 16 65 0.057
214 117 16 19 0.056
903 97 15 21 0.056
287 57 17 11 0.056
896 60 11 20 0.056
628 100 14 25 0.055
638 68 30 26 0.054
97 72 22 11 0.054
1014 123 10 38 0.054
901 85 15 18 0.054
268 53 9 9 0.054
83 131 30 34 0.053
516 79 17 17 0.053
625 59 14 17 0.052
603 119 16 19 0.052
522 138 25 26 0.052
624 59 15 74 0.051
863 24 8 10 0.051
522 66 18 24 0.051
380 66 25 17 0.050
860 61 10 30 0.050
106 150 31 36 0.050
177 69 16 21 0.050
6 73 22 20 0.050
478 86 42 23 0.049
1005 76 17 23 0.048
234 214 34 40 0.048
408 67 19 27 0.047
756 85 58 23 0.047
72 161 38 42 0.047
502 53 12 25 0.046
366 59 21 20 0.046
557 58 24 21 0.045
729 42 10 25 0.045
109 81 20 14 0.045
925 54 15 17 0.045
704 63 18 26 0.044
907 49 15 16 0.044
747 37 8 20 0.044
64 65 13 30 0.044
900 93 15 17 0.044
94 105 17 21 0.044
224 119 21 16 0.044
564 138 22 25 0.043
657 80 21 15 0.043
372 97 14 18 0.043
1 112 9 22 0.043
638 55 10 30 0.043
1 249 11 39 0.042
274 223 28 30 0.042
684 67 15 23 0.042
313 61 15 17 0.042
799 110 19 23 0.042
933 46 25 15 0.041
173 75 35 58 0.041
132 44 7 9 0.041
880 49 10 14 0.040
974 21 13 16 0.040
409 90 13 19 0.040
571 56 21 26 0.039
652 49 12 29 0.039
89 137 32 36 0.039
35 65 16 33 0.038
712 147 21 25 0.038
249 55 8 8 0.038
321 121 44 47 0.037
669 186 36 46 0.037
82 127 20 26 0.037
96 81 30 15 0.037
210 58 8 9 0.037
381 58 22 21 0.036
191 171 28 31 0.036
460 48 11 34 0.036
214 64 31 10 0.035
563 259 69 75 0.035
133 73 20 17 0.035
715 50 13 34 0.035
450 54 15 29 0.035
894 73 27 68 0.035
347 56 11 25 0.034
502 59 11 40 0.034
605 106 21 18 0.034
858 38 10 22 0.034
437 136 28 28 0.033
615 57 20 15 0.033
793 43 13 21 0.033
1004 101 15 31 0.032
710 79 50 42 0.032
327 72 46 15 0.031
468 67 25 23 0.031
652 42 15 28 0.031
383 159 28 34 0.031
775 53 24 32 0.031
282 72 14 84 0.030
672 175 26 29 0.030
564 45 15 24 0.030
451 270 49 57 0.030
653 97 15 18 0.030
870 108 28 23 0.029
861 24 8 31 0.029
948 116 23 26 0.029
747 31 8 41 0.029
324 73 16 26 0.029
313 83 21 24 0.029
47 67 22 24 0.029
877 90 17 20 0.029
1014 62 9 22 0.028
1002 89 16 25 0.028
406 58 23 20 0.028
690 39 14 27 0.027
2 53 7 29 0.027
94 154 31 36 0.027
150 99 14 16 0.027
167 228 32 38 0.027
156 119 15 18 0.026
48 83 36 17 0.026
968 237 29 40 0.026
695 98 15 20 0.026
199 67 34 70 0.025
537 41 13 27 0.025
742 68 38 67 0.024
431 73 46 53 0.024
75 84 24 17 0.024
277 253 37 40 0.024
419 52 18 31 0.024
74 72 27 15 0.024
313 131 57 53 0.024
594 53 19 64 0.024
930 173 20 26 0.023
739 56 30 47 0.023
535 65 29 40 0.023
284 54 14 12 0.023
194 73 51 17 0.023
123 79 43 76 0.023
207 57 11 21 0.022
266 52 13 15 0.022
242 142 21 28 0.022
154 64 24 12 0.022
504 55 29 24 0.022
1007 31 13 16 0.022
876 22 9 24 0.022
305 181 28 31 0.022
331 94 17 23 0.022
566 61 15 16 0.021
632 124 20 25 0.021
818 39 17 35 0.020
315 44 12 18 0.020
930 41 14 12 0.020
587 135 24 25 0.020
