18_Concerts_Concerts_18_356
32
669 261 37 51 0.818
813 150 18 23 0.768
491 201 17 23 0.688
905 158 18 23 0.686
648 171 16 20 0.526
323 370 24 31 0.405
899 301 19 27 0.382
546 118 14 17 0.376
349 256 21 24 0.194
416 264 16 26 0.191
61 447 28 34 0.180
338 374 28 36 0.158
140 462 29 31 0.150
715 178 20 27 0.122
898 296 17 25 0.098
419 257 17 25 0.097
334 250 20 24 0.092
426 240 15 20 0.080
318 284 24 28 0.064
353 261 21 23 0.062
411 270 19 24 0.060
367 46 24 33 0.048
541 115 15 19 0.047
148 450 32 31 0.039
425 326 20 28 0.035
718 174 17 18 0.030
907 153 18 21 0.030
332 367 27 37 0.029
774 191 18 19 0.027
554 116 11 17 0.027
360 264 19 23 0.022
132 471 31 30 0.021
