18_Concerts_Concerts_18_128
27
573 367 25 36 0.666
680 400 25 33 0.628
845 678 43 54 0.442
834 393 23 30 0.432
908 388 20 29 0.358
516 404 22 27 0.307
680 381 27 42 0.188
423 396 20 27 0.132
828 382 25 31 0.125
915 392 21 26 0.125
917 355 21 36 0.110
684 379 24 27 0.105
351 78 106 144 0.082
140 347 48 55 0.078
922 394 21 24 0.070
833 373 25 36 0.055
908 379 27 33 0.050
922 360 23 29 0.041
827 391 19 24 0.029
624 420 22 27 0.028
829 354 24 53 0.028
693 393 29 33 0.026
843 400 19 24 0.026
826 341 24 28 0.023
832 371 21 25 0.022
918 294 17 26 0.020
916 355 17 24 0.020
