18_Concerts_Concerts_18_274
293
792 590 43 57 0.856
527 481 33 42 0.838
439 84 87 138 0.829
866 562 40 51 0.824
607 554 35 47 0.823
767 577 35 45 0.823
539 541 31 42 0.819
254 433 30 38 0.818
573 499 28 37 0.809
895 618 38 50 0.809
733 458 26 33 0.793
662 539 33 42 0.792
962 504 31 37 0.790
850 493 29 38 0.788
966 553 33 42 0.786
926 483 32 42 0.784
608 469 28 35 0.783
427 504 29 37 0.764
777 466 22 28 0.764
492 528 34 44 0.761
686 444 25 31 0.760
130 436 25 33 0.752
91 396 22 30 0.748
1001 484 23 36 0.747
891 529 29 35 0.747
730 504 29 37 0.742
799 505 30 36 0.738
543 401 22 28 0.730
955 616 39 46 0.729
858 399 19 25 0.727
635 473 26 34 0.726
611 411 19 24 0.717
988 428 20 25 0.691
717 430 19 24 0.670
672 392 18 21 0.656
82 367 22 27 0.653
213 452 24 32 0.641
937 389 16 20 0.635
452 480 23 31 0.625
936 418 18 23 0.625
908 382 17 21 0.614
697 476 26 31 0.587
53 338 18 23 0.585
962 395 16 18 0.583
579 373 17 21 0.576
635 364 15 19 0.563
702 370 18 21 0.561
956 460 21 29 0.559
862 372 14 17 0.550
671 570 34 43 0.546
616 374 17 20 0.541
807 386 16 19 0.512
487 496 28 32 0.511
745 382 18 21 0.508
879 447 20 27 0.487
576 395 19 22 0.485
409 501 23 33 0.484
58 437 23 27 0.476
42 395 21 25 0.453
707 587 37 47 0.452
962 377 14 17 0.439
576 446 26 30 0.418
69 403 23 30 0.404
15 370 18 23 0.403
550 363 17 21 0.398
959 427 18 23 0.395
641 391 14 17 0.388
550 443 22 26 0.388
85 326 14 18 0.388
831 360 14 16 0.383
804 432 17 24 0.379
34 331 14 19 0.378
908 476 23 28 0.378
993 570 31 45 0.370
254 409 26 29 0.362
663 479 23 29 0.344
496 425 21 30 0.338
751 380 18 21 0.334
959 631 42 47 0.329
644 419 19 22 0.326
793 439 21 27 0.323
630 406 15 20 0.322
5 424 18 22 0.315
705 406 16 21 0.308
573 337 13 15 0.301
988 401 14 16 0.294
0 326 10 18 0.282
666 542 35 60 0.280
865 432 22 27 0.274
723 408 16 20 0.268
561 421 17 22 0.263
1 349 14 24 0.260
648 338 13 16 0.254
511 435 21 27 0.251
850 456 25 30 0.249
748 425 18 23 0.245
962 381 16 26 0.239
107 352 18 22 0.239
639 382 16 21 0.230
606 366 17 19 0.228
787 368 12 15 0.222
828 429 15 19 0.213
751 492 27 33 0.208
884 541 35 53 0.203
709 505 23 32 0.199
999 409 17 22 0.191
500 412 20 25 0.189
988 403 20 19 0.188
625 438 22 25 0.186
124 319 15 17 0.186
716 597 36 46 0.185
869 350 11 12 0.180
37 335 36 22 0.180
810 382 15 17 0.177
880 372 14 16 0.175
611 364 14 16 0.170
707 372 18 20 0.168
710 395 16 18 0.167
600 370 15 18 0.161
696 335 11 14 0.158
732 344 13 17 0.157
36 421 21 28 0.152
556 357 16 20 0.150
794 449 21 27 0.149
900 428 27 28 0.146
803 355 13 16 0.146
707 405 23 20 0.144
415 459 27 34 0.142
636 343 13 16 0.139
40 313 14 17 0.136
914 428 21 27 0.133
780 356 15 18 0.128
907 564 37 44 0.126
808 416 17 21 0.121
512 384 20 24 0.121
675 351 12 18 0.120
896 383 15 19 0.120
850 436 28 29 0.120
796 558 26 35 0.118
561 405 20 39 0.116
868 365 15 23 0.116
1014 546 10 38 0.114
898 381 23 22 0.113
72 366 16 22 0.113
927 373 13 15 0.110
963 657 35 29 0.110
836 341 11 13 0.108
1 340 16 43 0.107
519 351 13 18 0.105
835 363 13 14 0.103
801 429 38 22 0.102
676 336 11 26 0.091
1000 616 24 47 0.091
497 351 17 20 0.090
1014 394 9 18 0.090
110 439 21 27 0.087
755 328 11 12 0.084
692 431 20 22 0.082
733 551 29 36 0.081
505 409 22 25 0.080
122 389 18 23 0.079
740 354 14 19 0.079
1 320 13 30 0.077
486 449 22 30 0.075
65 422 24 29 0.075
525 446 21 29 0.075
929 390 55 21 0.074
526 438 24 29 0.073
676 332 12 19 0.073
900 419 16 22 0.071
637 396 14 19 0.070
490 377 19 23 0.070
1005 401 15 24 0.069
771 356 18 18 0.068
1014 450 10 32 0.066
898 433 20 25 0.066
791 444 16 20 0.064
640 375 18 72 0.064
799 391 19 20 0.063
709 315 10 13 0.062
977 369 13 15 0.062
64 410 25 33 0.062
24 318 15 16 0.062
728 384 13 17 0.061
660 382 17 20 0.060
643 337 14 17 0.059
918 411 17 24 0.059
788 342 13 15 0.058
518 436 23 26 0.057
389 379 22 26 0.056
1002 540 21 40 0.055
587 356 15 17 0.055
105 312 17 19 0.054
843 472 20 29 0.053
793 398 15 19 0.053
999 672 25 14 0.053
894 532 36 46 0.052
850 451 20 26 0.052
649 337 36 22 0.052
707 383 34 56 0.051
631 363 14 17 0.049
29 380 18 22 0.048
548 401 34 27 0.048
1015 353 9 16 0.048
769 357 12 16 0.048
849 434 18 20 0.048
700 333 19 14 0.048
3 306 13 16 0.047
713 331 15 15 0.047
684 393 17 22 0.046
750 326 15 15 0.045
967 370 25 17 0.044
990 538 28 41 0.044
1010 509 14 37 0.044
786 353 34 27 0.044
540 346 15 18 0.043
508 386 23 33 0.043
91 360 23 26 0.043
1000 650 24 36 0.042
212 424 28 33 0.042
633 443 21 26 0.041
1016 441 8 29 0.040
472 397 21 24 0.040
665 469 24 31 0.039
807 392 17 35 0.039
142 357 17 23 0.038
495 381 17 26 0.038
122 355 14 17 0.038
887 499 26 33 0.037
645 411 17 21 0.037
678 327 12 13 0.037
806 434 25 26 0.037
865 348 13 13 0.037
762 383 14 18 0.036
910 576 37 44 0.036
941 386 19 19 0.035
494 380 27 65 0.035
1005 558 19 50 0.035
696 336 14 20 0.035
45 373 45 42 0.035
102 307 16 21 0.035
584 360 14 16 0.034
613 416 20 24 0.034
715 348 15 17 0.033
610 325 12 19 0.033
530 455 21 25 0.031
616 435 22 28 0.031
911 368 13 25 0.031
608 340 13 15 0.031
699 349 13 18 0.031
597 359 21 18 0.031
1008 384 16 30 0.030
726 559 34 43 0.030
911 386 20 19 0.029
718 334 16 24 0.029
881 350 11 13 0.029
689 396 18 24 0.028
798 456 19 26 0.028
762 416 19 21 0.028
803 349 20 15 0.028
728 335 16 18 0.027
814 315 10 13 0.027
560 330 33 59 0.027
815 344 14 17 0.027
858 460 22 26 0.026
913 361 12 15 0.026
990 596 30 48 0.026
585 337 16 17 0.025
935 351 13 14 0.025
543 279 11 13 0.025
950 455 21 26 0.025
842 480 24 34 0.025
758 329 12 14 0.024
881 469 23 29 0.024
798 318 12 15 0.024
812 482 25 26 0.024
669 381 17 23 0.024
879 456 20 30 0.023
750 343 16 19 0.023
842 395 14 19 0.023
755 351 20 18 0.023
573 453 25 30 0.023
820 346 66 47 0.023
787 537 27 36 0.023
701 352 20 19 0.023
16 317 19 17 0.022
698 419 18 22 0.022
1013 332 10 15 0.022
944 446 18 23 0.022
750 429 20 25 0.022
130 393 16 22 0.022
909 406 18 20 0.021
745 327 20 26 0.021
