18_Concerts_Concerts_18_633
44
676 271 71 96 0.861
805 249 64 77 0.847
513 261 73 80 0.846
428 263 72 79 0.845
619 213 59 74 0.819
297 193 60 72 0.813
242 235 78 99 0.805
855 62 23 31 0.761
379 118 10 11 0.466
610 104 12 15 0.402
423 99 11 14 0.287
627 100 13 16 0.204
811 113 9 11 0.194
798 113 12 12 0.183
980 105 10 12 0.180
763 125 9 11 0.173
803 113 19 12 0.148
931 108 9 9 0.137
363 102 12 14 0.130
345 118 11 13 0.115
487 107 13 15 0.113
492 105 12 15 0.075
723 103 8 11 0.073
815 126 11 13 0.071
903 471 117 75 0.070
779 119 9 11 0.054
833 92 13 14 0.053
422 104 11 12 0.047
809 112 16 16 0.046
343 115 18 17 0.044
275 190 73 93 0.039
0 151 13 40 0.034
473 103 26 14 0.033
469 101 12 14 0.032
764 118 15 16 0.030
479 110 17 15 0.028
599 110 22 16 0.026
825 120 12 13 0.026
79 45 15 18 0.024
595 114 10 14 0.023
829 121 12 13 0.023
412 105 11 12 0.023
421 93 11 12 0.022
799 117 11 13 0.022
