18_Concerts_Concerts_18_319
139
317 331 54 66 0.831
59 834 57 69 0.818
696 877 18 22 0.764
606 883 18 22 0.744
633 875 15 20 0.716
741 891 16 20 0.702
188 612 13 16 0.690
676 353 16 20 0.680
542 342 16 20 0.679
316 857 13 17 0.678
666 846 14 17 0.677
122 328 13 16 0.648
632 352 15 18 0.642
60 323 14 17 0.637
922 896 16 18 0.630
366 857 12 14 0.627
655 339 16 19 0.621
285 862 15 18 0.609
607 350 14 19 0.602
157 326 12 15 0.591
569 353 15 17 0.588
680 607 12 13 0.584
189 328 13 16 0.582
409 848 12 14 0.575
169 378 12 14 0.561
517 357 15 17 0.554
796 333 11 13 0.542
436 865 12 14 0.520
929 333 9 11 0.513
244 610 13 15 0.513
880 338 10 11 0.509
334 854 12 14 0.505
219 608 11 13 0.503
967 336 10 12 0.488
888 596 29 37 0.481
114 619 10 13 0.462
846 337 10 12 0.459
67 623 10 13 0.455
159 612 12 14 0.357
740 605 12 14 0.319
94 330 13 15 0.314
617 608 12 12 0.297
726 616 12 14 0.258
622 1132 14 16 0.221
352 614 10 10 0.209
462 617 10 13 0.208
639 345 18 22 0.203
894 874 13 15 0.203
633 624 11 15 0.200
633 869 21 22 0.189
88 608 13 13 0.185
605 880 38 22 0.184
98 366 13 15 0.177
951 638 13 16 0.173
663 316 12 13 0.173
43 634 11 15 0.171
84 604 11 12 0.148
442 624 10 12 0.147
168 629 13 14 0.146
849 336 10 11 0.141
304 857 31 16 0.137
104 313 13 14 0.135
597 605 14 15 0.133
717 594 13 15 0.123
933 644 12 14 0.119
357 614 9 11 0.119
44 603 11 13 0.117
638 620 10 12 0.114
642 313 12 14 0.109
440 621 11 12 0.107
171 613 40 16 0.099
978 639 11 13 0.098
602 350 58 18 0.096
721 592 12 26 0.094
933 635 12 19 0.093
612 635 11 14 0.092
838 356 10 12 0.086
486 626 11 13 0.083
624 943 12 16 0.073
369 654 10 12 0.072
325 855 15 17 0.071
839 641 13 15 0.070
687 315 10 10 0.068
154 327 56 17 0.067
487 618 11 14 0.067
129 586 10 11 0.066
466 858 11 14 0.064
680 635 12 14 0.063
97 610 18 17 0.062
741 611 11 13 0.062
610 343 17 21 0.061
485 619 11 23 0.061
834 633 11 14 0.060
932 636 33 18 0.058
826 308 11 13 0.058
731 619 12 14 0.054
401 873 12 14 0.053
444 611 11 11 0.052
156 420 14 15 0.051
629 341 68 32 0.050
612 633 23 12 0.049
95 327 37 17 0.049
587 313 11 11 0.048
955 627 13 16 0.048
594 609 11 13 0.047
383 612 10 12 0.045
840 623 14 14 0.044
172 313 14 14 0.043
929 337 9 11 0.043
842 358 10 12 0.042
150 349 12 15 0.042
169 602 11 21 0.039
45 573 10 16 0.039
154 612 12 15 0.038
281 862 14 17 0.036
844 620 12 15 0.035
839 622 12 37 0.035
108 312 13 15 0.033
146 639 11 14 0.033
442 617 30 18 0.031
630 880 17 21 0.031
929 617 12 21 0.030
249 611 12 15 0.030
842 632 13 21 0.028
111 616 15 18 0.027
733 604 19 22 0.027
640 315 26 12 0.027
401 878 13 14 0.025
948 635 21 21 0.025
614 948 16 17 0.025
339 858 13 15 0.025
316 854 12 13 0.024
732 594 10 13 0.022
79 321 34 36 0.022
62 621 16 18 0.022
916 311 20 12 0.021
410 641 11 11 0.021
890 586 24 28 0.021
615 607 17 18 0.020
