18_Concerts_Concerts_18_254
109
69 655 88 109 0.839
906 478 112 171 0.816
215 348 45 54 0.794
353 370 40 54 0.791
251 566 61 83 0.788
76 316 38 49 0.772
284 318 41 47 0.771
198 508 61 77 0.764
76 242 30 37 0.759
358 317 40 48 0.750
385 441 47 58 0.742
312 471 53 63 0.730
270 233 24 32 0.725
317 199 24 30 0.724
422 285 35 43 0.718
0 270 22 40 0.705
213 285 39 48 0.683
727 145 29 37 0.628
893 236 42 55 0.623
490 75 21 26 0.623
147 563 58 77 0.587
0 205 18 33 0.569
13 438 53 69 0.529
390 193 19 26 0.520
234 202 24 29 0.514
468 318 45 58 0.512
590 343 38 53 0.491
604 216 42 50 0.425
672 245 41 57 0.401
370 238 26 32 0.360
882 151 27 36 0.294
519 336 45 54 0.280
137 191 24 30 0.269
0 490 15 73 0.266
648 168 21 24 0.255
425 322 37 50 0.255
782 233 29 33 0.211
447 191 26 31 0.208
28 167 18 23 0.203
518 531 59 56 0.185
843 236 36 49 0.174
224 335 38 50 0.160
0 426 58 67 0.158
1006 180 18 63 0.138
1010 183 14 38 0.134
356 272 30 33 0.130
272 362 34 42 0.115
246 277 27 36 0.113
524 373 34 43 0.106
475 311 35 43 0.098
782 171 28 37 0.087
448 246 35 40 0.082
204 729 61 37 0.082
604 199 34 42 0.080
383 85 22 27 0.078
652 381 31 38 0.067
425 306 31 42 0.067
293 283 27 30 0.066
355 203 21 29 0.064
698 155 23 34 0.062
512 562 63 68 0.059
282 292 29 34 0.058
493 230 30 40 0.057
533 574 51 55 0.057
433 330 42 55 0.056
218 232 30 35 0.056
0 231 16 32 0.053
478 185 21 27 0.051
682 243 55 57 0.051
452 322 44 55 0.047
561 214 22 27 0.045
457 221 30 35 0.045
111 185 20 25 0.045
847 239 63 48 0.044
215 277 29 36 0.043
427 217 23 27 0.043
459 201 27 32 0.041
418 173 22 25 0.041
453 226 32 53 0.040
533 354 33 40 0.040
17 314 26 33 0.039
189 700 76 66 0.038
371 132 22 28 0.038
1011 201 13 60 0.038
702 368 39 45 0.036
0 461 29 85 0.036
236 198 21 22 0.036
0 507 25 69 0.035
0 375 41 95 0.035
220 191 33 31 0.035
208 182 22 26 0.034
306 452 53 64 0.033
944 239 34 47 0.033
731 97 19 22 0.032
786 168 23 26 0.031
184 149 20 26 0.030
462 193 33 36 0.030
0 473 12 71 0.030
608 232 44 44 0.030
405 173 25 24 0.027
421 335 38 51 0.026
398 176 46 29 0.025
1009 223 15 52 0.025
212 240 31 41 0.023
269 177 20 25 0.023
18 582 83 79 0.021
600 338 33 44 0.021
2 262 26 39 0.021
1011 177 13 27 0.021
