14_Traffic_Traffic_14_162
262
736 599 17 19 0.778
26 272 18 21 0.734
340 515 14 17 0.729
735 297 14 17 0.725
30 199 16 20 0.722
961 449 15 19 0.716
347 185 14 17 0.712
25 607 18 22 0.695
448 185 12 16 0.691
743 267 14 17 0.689
87 211 16 19 0.686
639 573 15 19 0.686
697 611 16 19 0.650
461 172 13 16 0.637
388 497 14 16 0.630
164 192 14 17 0.619
254 294 16 20 0.600
657 588 17 22 0.588
866 92 10 10 0.584
847 103 12 14 0.583
890 93 10 12 0.577
673 305 12 15 0.576
474 129 11 13 0.575
459 457 14 16 0.567
826 258 14 18 0.561
720 282 14 16 0.551
128 206 15 17 0.547
806 246 13 14 0.531
185 207 15 18 0.523
277 509 12 16 0.518
602 583 15 19 0.504
377 165 12 15 0.474
960 485 14 16 0.470
437 206 13 16 0.443
812 456 13 16 0.439
232 155 15 18 0.437
809 474 14 17 0.429
236 216 17 20 0.409
107 619 17 22 0.407
664 286 11 13 0.402
645 95 10 12 0.395
523 139 11 14 0.375
402 334 14 17 0.353
45 318 22 27 0.350
880 278 12 14 0.342
863 483 14 18 0.341
253 452 14 16 0.328
682 601 13 15 0.318
790 476 12 17 0.304
196 288 17 21 0.300
138 237 16 16 0.297
303 194 14 17 0.286
344 151 10 12 0.282
458 118 9 10 0.276
454 178 16 17 0.264
654 176 11 13 0.262
770 586 14 17 0.249
231 223 19 21 0.247
418 312 14 15 0.247
825 266 14 16 0.225
810 463 15 24 0.215
88 596 10 12 0.196
174 234 13 15 0.191
482 375 15 18 0.187
691 337 13 15 0.176
444 186 14 23 0.175
968 290 14 17 0.174
176 205 24 19 0.171
122 203 15 18 0.168
981 450 14 19 0.159
349 227 12 16 0.157
59 294 16 18 0.157
776 286 15 16 0.154
690 278 12 12 0.154
500 129 10 12 0.153
649 580 26 28 0.153
727 580 15 18 0.152
658 578 17 22 0.145
666 289 14 19 0.144
157 129 12 13 0.139
422 123 10 10 0.139
843 627 14 16 0.138
355 165 11 12 0.136
451 157 11 13 0.127
708 579 15 19 0.126
422 183 17 16 0.126
683 278 12 14 0.126
781 166 11 14 0.121
304 202 16 19 0.118
322 149 11 14 0.117
879 459 13 15 0.115
462 161 14 32 0.113
763 258 11 14 0.112
828 149 12 13 0.111
932 580 13 16 0.110
115 203 15 17 0.103
771 287 12 15 0.101
409 116 8 11 0.094
827 626 27 18 0.093
419 183 13 15 0.092
868 628 15 19 0.092
992 148 11 12 0.088
928 312 17 19 0.087
714 580 26 18 0.084
701 322 13 15 0.083
812 138 11 13 0.083
783 283 13 17 0.081
816 494 14 17 0.080
871 91 34 13 0.077
325 144 12 14 0.075
1001 449 19 22 0.074
603 602 14 18 0.074
128 187 14 17 0.072
832 507 16 20 0.070
243 238 15 17 0.070
826 625 15 17 0.070
105 600 14 22 0.069
731 584 12 28 0.069
937 36 11 12 0.068
1011 612 13 22 0.066
229 165 12 15 0.062
435 200 19 20 0.061
235 210 17 21 0.060
329 150 30 15 0.060
694 485 12 13 0.060
154 527 12 16 0.060
844 449 11 13 0.059
130 184 12 14 0.058
856 473 18 22 0.058
229 157 13 18 0.057
836 626 31 18 0.056
823 147 16 14 0.056
512 135 25 17 0.054
409 118 18 12 0.054
734 569 15 17 0.052
756 487 13 17 0.052
977 612 17 22 0.051
695 331 13 18 0.051
927 521 18 18 0.050
0 208 7 16 0.050
323 627 13 16 0.049
971 25 10 12 0.049
298 170 12 15 0.049
733 574 15 20 0.048
598 581 16 19 0.048
207 290 17 22 0.048
105 497 18 22 0.048
1011 451 12 20 0.048
758 495 19 25 0.047
696 87 11 12 0.047
491 172 12 14 0.047
288 104 8 10 0.046
727 315 14 16 0.045
755 491 15 22 0.045
232 113 11 13 0.044
92 206 22 21 0.042
957 11 10 10 0.042
920 462 16 24 0.042
783 475 15 19 0.042
971 479 16 17 0.042
165 490 11 14 0.042
885 44 11 12 0.041
621 12 11 12 0.041
694 276 13 14 0.041
984 446 13 15 0.040
319 195 14 15 0.039
162 128 11 13 0.039
773 318 15 16 0.039
792 508 16 16 0.038
385 631 11 14 0.038
577 564 14 19 0.038
693 549 15 16 0.037
761 250 12 16 0.036
970 25 13 15 0.036
942 35 10 12 0.036
13 483 24 28 0.036
661 574 15 17 0.036
759 247 12 16 0.035
710 0 9 7 0.035
826 264 17 24 0.035
325 142 11 11 0.035
311 201 15 17 0.035
947 520 13 16 0.034
528 134 12 14 0.034
939 520 17 17 0.033
961 30 11 13 0.033
409 309 14 16 0.033
279 144 11 14 0.033
405 307 13 15 0.033
820 620 16 17 0.033
527 140 11 13 0.032
924 461 13 15 0.032
421 179 14 15 0.032
142 238 16 20 0.031
787 262 12 15 0.031
50 250 16 19 0.031
58 504 21 24 0.031
26 155 13 13 0.030
475 374 17 18 0.030
0 233 7 24 0.030
976 455 15 20 0.030
837 294 13 14 0.030
346 637 13 9 0.030
211 112 10 12 0.029
810 498 17 19 0.029
976 33 11 13 0.029
309 101 9 10 0.029
448 331 11 12 0.029
892 111 13 19 0.029
825 150 13 22 0.028
828 511 18 21 0.028
864 623 15 18 0.028
238 153 13 16 0.028
418 120 16 15 0.028
872 111 11 19 0.027
874 16 12 14 0.027
960 28 17 13 0.027
279 335 14 16 0.027
110 500 17 21 0.027
189 162 12 16 0.027
884 469 15 20 0.026
253 315 15 16 0.026
820 165 13 15 0.026
814 140 12 17 0.026
904 19 10 12 0.025
415 628 13 17 0.025
733 147 12 14 0.025
894 96 9 21 0.025
845 475 20 16 0.025
409 320 16 27 0.025
374 224 13 16 0.025
888 148 14 17 0.025
638 338 12 14 0.024
4 305 14 19 0.024
154 523 12 15 0.024
562 133 10 11 0.024
857 618 15 21 0.024
484 380 15 18 0.024
891 150 16 19 0.023
153 129 10 13 0.023
146 311 17 17 0.023
848 179 12 14 0.023
297 165 16 33 0.023
318 152 13 15 0.023
0 291 10 25 0.023
861 489 14 16 0.022
920 46 10 11 0.022
0 26 8 13 0.022
426 120 9 12 0.022
918 527 16 20 0.022
976 608 17 18 0.022
780 171 14 13 0.022
886 475 15 18 0.021
15 232 16 20 0.021
197 120 11 15 0.021
57 316 23 26 0.021
255 272 15 17 0.021
797 509 16 17 0.020
106 595 13 16 0.020
612 577 19 18 0.020
829 490 38 37 0.020
876 452 15 18 0.020
