14_Traffic_Traffic_14_94
58
469 331 27 30 0.811
787 410 52 55 0.790
970 42 12 14 0.575
820 298 10 12 0.410
337 158 14 16 0.279
862 17 11 12 0.223
616 453 25 31 0.199
802 236 11 13 0.174
31 168 15 17 0.172
60 167 14 15 0.113
100 263 10 12 0.095
642 179 14 16 0.090
266 308 20 23 0.084
237 66 11 12 0.079
875 14 11 12 0.072
492 175 18 20 0.071
868 16 13 14 0.069
568 238 16 17 0.065
709 258 12 14 0.062
860 371 11 12 0.059
56 170 12 17 0.052
694 200 10 12 0.052
585 164 12 13 0.051
705 258 15 18 0.049
95 51 13 13 0.047
261 316 19 20 0.043
94 54 11 13 0.042
892 174 12 15 0.040
569 288 16 18 0.040
304 159 12 15 0.039
280 160 16 15 0.038
784 286 9 10 0.036
68 166 12 16 0.035
798 236 13 16 0.035
425 228 14 16 0.033
261 164 13 14 0.033
492 127 17 22 0.030
291 109 9 11 0.029
243 202 12 12 0.029
124 51 12 13 0.028
744 222 11 13 0.028
823 303 11 11 0.028
313 74 14 16 0.026
101 54 12 13 0.026
454 239 19 21 0.026
67 55 11 12 0.025
975 46 11 12 0.024
512 43 14 18 0.024
93 48 11 11 0.023
596 287 18 17 0.023
855 262 12 12 0.023
565 284 16 18 0.021
61 16 10 12 0.021
56 49 12 13 0.021
206 52 10 11 0.021
722 11 8 10 0.021
1002 174 13 13 0.021
77 54 12 13 0.020
