14_Traffic_Traffic_14_161
69
443 43 9 12 0.533
422 50 10 11 0.446
286 46 9 10 0.413
257 52 8 10 0.391
567 424 11 13 0.354
515 419 12 14 0.330
164 53 8 9 0.287
665 498 12 13 0.286
483 577 12 14 0.274
527 570 13 15 0.263
601 299 10 12 0.166
593 362 11 13 0.139
281 47 11 12 0.137
273 54 8 10 0.134
637 57 8 9 0.130
543 466 9 10 0.124
633 116 11 13 0.094
539 373 12 14 0.086
534 492 11 12 0.083
527 441 11 11 0.080
615 45 10 12 0.080
674 450 14 16 0.067
413 404 11 12 0.065
205 328 34 38 0.059
578 361 10 12 0.059
422 48 17 13 0.057
38 360 26 31 0.056
847 511 12 13 0.054
852 512 10 10 0.053
554 296 12 15 0.052
671 499 12 13 0.049
256 53 8 10 0.046
487 575 15 15 0.046
491 576 19 13 0.045
530 492 10 11 0.045
633 56 10 10 0.043
516 414 12 15 0.043
724 492 12 12 0.040
547 352 11 13 0.040
453 526 10 12 0.038
594 346 11 13 0.038
255 568 18 15 0.038
413 65 9 12 0.036
707 459 18 12 0.034
831 477 9 12 0.033
592 368 12 13 0.032
592 357 14 20 0.031
826 480 11 11 0.031
575 407 11 15 0.030
832 539 12 12 0.029
263 569 17 14 0.029
562 362 10 11 0.028
593 283 11 11 0.028
527 501 11 13 0.027
826 479 18 10 0.027
604 349 19 15 0.026
859 539 13 13 0.026
507 574 26 12 0.025
444 361 11 12 0.025
477 578 14 15 0.024
571 400 12 13 0.024
724 367 8 9 0.024
455 352 14 14 0.022
540 361 13 26 0.022
820 537 10 11 0.022
858 479 12 12 0.022
475 371 9 14 0.021
834 423 10 10 0.021
507 577 18 15 0.020
