14_Traffic_Traffic_14_220
106
877 1259 13 16 0.407
979 1163 18 22 0.337
185 939 10 11 0.313
527 1205 13 16 0.294
50 1038 9 11 0.286
165 961 10 12 0.245
686 947 10 10 0.243
647 947 10 10 0.227
598 940 10 12 0.221
692 921 10 11 0.209
358 852 9 11 0.205
146 1005 9 12 0.204
664 1141 11 12 0.201
806 1262 13 16 0.189
547 941 9 10 0.180
666 945 9 11 0.176
739 1006 11 12 0.169
464 1013 12 13 0.168
758 1232 15 16 0.163
837 909 10 11 0.159
94 1006 9 9 0.149
665 944 9 10 0.130
14 1100 10 13 0.125
178 1007 11 13 0.113
222 978 10 11 0.113
839 920 10 13 0.102
563 1135 12 12 0.094
613 919 9 9 0.094
289 888 9 11 0.091
3 1049 10 13 0.086
660 946 27 12 0.080
225 850 10 12 0.075
435 1011 10 12 0.075
179 1004 11 13 0.074
760 1223 13 16 0.074
731 1352 12 13 0.071
670 1000 10 12 0.068
175 1008 14 20 0.067
288 845 10 10 0.067
357 834 11 12 0.066
498 1343 20 22 0.064
206 978 11 11 0.062
182 939 11 20 0.061
289 878 9 25 0.061
779 872 9 13 0.061
470 1012 10 12 0.058
288 883 9 9 0.055
838 937 10 12 0.055
406 919 10 12 0.053
556 970 10 12 0.052
233 934 9 12 0.052
797 806 9 10 0.050
204 988 12 12 0.050
800 1243 11 12 0.050
638 946 44 12 0.050
359 832 15 12 0.049
803 769 10 15 0.049
72 931 9 12 0.048
462 879 10 11 0.047
97 1005 8 12 0.047
600 995 11 13 0.043
631 919 9 9 0.042
511 1123 13 15 0.042
772 929 14 13 0.041
49 1041 9 11 0.038
753 918 10 11 0.037
666 999 12 12 0.037
691 944 10 10 0.037
280 845 10 10 0.037
595 1071 10 11 0.036
204 979 10 18 0.036
291 904 9 9 0.035
801 771 10 11 0.035
288 891 11 17 0.034
585 1005 10 11 0.033
174 880 10 12 0.033
545 933 9 20 0.032
748 951 10 11 0.031
146 996 9 15 0.030
199 981 38 11 0.029
984 679 11 13 0.029
532 1215 15 17 0.028
314 1177 17 18 0.028
605 992 11 16 0.027
829 981 10 11 0.027
780 897 8 24 0.026
225 847 10 9 0.026
571 1131 13 14 0.025
480 1285 15 15 0.025
780 851 8 10 0.025
510 995 12 13 0.025
506 996 12 14 0.024
146 936 10 12 0.023
808 813 10 11 0.023
839 694 8 39 0.023
601 994 20 12 0.023
225 988 12 12 0.023
435 797 10 13 0.022
568 1137 11 14 0.022
781 863 8 43 0.022
363 831 24 14 0.022
93 1000 10 12 0.021
246 877 10 15 0.021
506 992 11 13 0.021
632 995 9 22 0.021
28 1119 9 11 0.021
