14_Traffic_Traffic_14_138
35
545 566 9 11 0.557
666 554 9 12 0.538
575 557 9 12 0.532
917 540 11 13 0.527
602 561 8 9 0.440
640 558 8 9 0.440
733 559 9 9 0.412
782 228 13 17 0.288
692 561 9 10 0.272
694 545 11 12 0.202
701 544 8 9 0.196
637 576 7 9 0.192
784 257 12 13 0.190
552 251 13 16 0.134
340 252 13 15 0.125
693 544 9 24 0.111
671 552 13 12 0.083
689 406 10 11 0.081
730 559 8 10 0.077
529 550 7 9 0.075
441 562 6 7 0.055
516 542 7 8 0.053
201 577 7 8 0.039
551 228 15 17 0.029
513 543 15 7 0.026
140 250 14 15 0.026
625 600 7 9 0.025
636 580 8 12 0.024
575 558 12 14 0.024
509 544 7 7 0.023
648 560 13 9 0.022
374 559 7 9 0.021
36 521 9 11 0.021
382 556 8 7 0.020
76 568 6 6 0.020
