14_Traffic_Traffic_14_14
49
471 655 14 17 0.746
489 668 15 18 0.718
634 665 11 13 0.609
102 688 11 16 0.392
567 601 8 10 0.372
369 582 13 15 0.353
474 656 21 20 0.331
645 645 12 13 0.278
261 520 9 9 0.173
201 519 10 14 0.172
377 474 8 9 0.143
949 541 9 12 0.126
641 643 13 27 0.112
505 555 8 12 0.111
389 265 7 9 0.092
21 564 7 10 0.091
646 572 9 11 0.091
506 551 8 11 0.084
470 474 10 10 0.075
669 341 9 10 0.075
504 560 8 11 0.058
365 466 6 7 0.054
179 141 7 7 0.051
151 226 9 9 0.051
911 593 8 8 0.044
22 574 7 11 0.044
639 741 15 17 0.044
541 588 9 10 0.042
26 592 9 11 0.039
664 278 11 13 0.036
372 582 13 15 0.036
744 597 9 10 0.033
147 559 10 12 0.031
965 587 9 9 0.030
474 558 10 9 0.030
581 726 10 12 0.028
649 570 9 12 0.028
347 645 12 15 0.028
59 600 8 9 0.027
144 556 10 13 0.026
690 614 11 11 0.026
971 585 7 9 0.026
692 570 7 9 0.025
641 736 16 16 0.025
192 312 7 8 0.025
23 572 7 18 0.025
200 223 8 9 0.022
471 475 9 13 0.021
824 591 7 9 0.020
