14_Traffic_Traffic_14_733
35
940 300 13 18 0.295
993 644 10 13 0.270
971 642 9 12 0.174
951 648 11 13 0.095
948 645 11 14 0.081
771 295 16 18 0.071
990 623 10 12 0.062
971 670 14 13 0.062
10 414 15 17 0.058
982 655 11 14 0.058
565 611 9 11 0.049
990 618 9 12 0.044
961 617 10 11 0.044
912 648 11 13 0.038
1014 619 9 10 0.034
925 618 10 11 0.034
936 660 10 13 0.031
548 643 9 10 0.031
947 565 8 7 0.030
886 619 9 10 0.027
921 622 11 14 0.027
944 622 12 12 0.026
963 604 8 30 0.026
838 646 9 11 0.025
942 305 13 19 0.025
882 654 11 13 0.023
862 631 12 16 0.022
828 627 10 14 0.021
884 621 12 12 0.021
811 584 8 8 0.021
993 664 14 16 0.021
810 595 8 10 0.021
884 597 8 8 0.021
977 668 16 15 0.020
967 599 9 13 0.020
