21_Festival_Festival_21_163
48
316 657 106 88 0.741
208 656 27 44 0.690
0 622 14 19 0.499
93 602 16 22 0.453
141 615 21 29 0.270
46 538 11 12 0.251
42 602 19 22 0.246
205 620 20 24 0.237
978 582 13 15 0.149
103 541 9 11 0.102
168 591 14 17 0.101
81 683 36 54 0.096
11 612 17 20 0.088
49 609 18 23 0.084
996 537 12 19 0.083
158 698 24 41 0.082
891 594 12 14 0.068
84 668 31 55 0.066
934 589 12 16 0.062
55 611 16 22 0.059
87 608 15 19 0.054
39 597 18 19 0.051
0 629 13 23 0.050
157 591 17 20 0.049
59 518 9 11 0.047
996 563 14 13 0.040
955 598 14 17 0.036
92 705 31 41 0.036
149 527 9 10 0.036
98 600 13 17 0.036
0 666 18 51 0.035
197 575 13 16 0.034
996 554 13 17 0.034
57 618 17 22 0.034
177 613 17 19 0.033
1009 584 13 18 0.030
890 571 9 11 0.028
175 604 15 22 0.028
1009 572 13 35 0.027
100 551 10 13 0.027
45 594 17 19 0.027
185 612 25 21 0.026
194 618 20 23 0.025
982 576 37 23 0.025
884 573 16 11 0.023
238 664 24 32 0.023
203 607 18 21 0.021
971 585 23 19 0.020
