21_Festival_Festival_21_173
99
750 420 101 134 0.834
709 628 107 130 0.820
314 325 51 60 0.816
362 274 50 59 0.764
857 275 42 54 0.755
3 735 69 118 0.736
892 303 49 60 0.697
469 272 37 41 0.509
810 341 43 51 0.496
569 273 35 46 0.490
918 240 16 19 0.429
179 305 28 31 0.322
289 282 27 34 0.319
634 310 44 54 0.310
78 271 35 43 0.293
318 204 16 17 0.212
243 292 22 26 0.190
209 263 20 27 0.186
946 239 18 21 0.166
283 253 15 18 0.166
549 270 49 47 0.150
13 309 27 41 0.144
326 244 16 20 0.131
963 266 16 21 0.117
117 314 29 35 0.110
187 263 18 22 0.106
216 233 15 18 0.099
900 232 17 20 0.097
940 346 34 46 0.096
34 280 22 29 0.095
788 280 29 39 0.091
518 192 12 16 0.088
779 241 17 20 0.080
31 224 16 19 0.080
390 272 37 48 0.079
892 254 19 25 0.077
178 282 22 25 0.075
548 270 27 35 0.072
79 221 12 13 0.069
92 258 27 45 0.069
750 244 20 21 0.067
221 255 21 25 0.066
683 247 20 22 0.065
229 252 17 23 0.065
295 262 25 31 0.064
193 230 18 21 0.062
221 284 49 33 0.062
709 268 26 32 0.060
436 256 25 33 0.060
920 277 25 31 0.055
948 240 27 40 0.054
557 186 13 16 0.053
750 295 43 44 0.052
766 301 35 42 0.052
300 258 23 26 0.050
925 275 19 23 0.047
934 219 14 17 0.047
761 239 38 25 0.044
407 278 25 32 0.043
441 245 24 40 0.042
958 257 20 24 0.041
93 253 19 23 0.040
898 239 17 33 0.040
120 322 29 39 0.038
741 283 40 48 0.038
454 235 18 19 0.038
211 279 30 27 0.037
404 182 10 12 0.035
237 288 22 26 0.035
785 234 19 21 0.034
689 252 42 46 0.034
166 279 24 27 0.031
423 258 36 39 0.031
302 310 45 52 0.031
462 284 33 39 0.031
276 215 19 22 0.030
763 233 20 23 0.029
615 246 24 29 0.029
259 223 17 20 0.027
918 223 21 89 0.027
200 264 32 37 0.027
917 282 32 40 0.027
655 243 22 25 0.026
51 279 40 32 0.025
479 269 34 37 0.025
466 267 29 32 0.025
131 247 22 22 0.024
451 239 25 26 0.023
186 257 17 22 0.023
330 244 19 23 0.023
626 299 46 51 0.022
158 270 43 34 0.022
746 237 32 97 0.022
480 241 17 19 0.022
169 304 28 33 0.022
614 248 36 65 0.022
762 227 15 15 0.021
633 273 33 37 0.021
23 282 31 38 0.021
