21_Festival_Festival_21_467
257
691 265 34 43 0.804
880 261 31 43 0.770
40 410 32 36 0.770
536 296 25 31 0.748
551 232 17 18 0.723
652 265 23 29 0.714
297 362 29 38 0.714
1001 409 23 67 0.705
688 207 15 19 0.703
27 445 33 43 0.693
224 367 25 33 0.689
327 355 27 37 0.689
290 259 13 15 0.684
690 183 16 19 0.683
197 315 18 24 0.667
736 266 22 33 0.651
517 236 16 19 0.651
442 236 14 16 0.644
558 203 14 17 0.643
701 205 18 26 0.641
669 190 14 17 0.636
960 224 28 32 0.604
118 506 46 51 0.589
930 120 12 15 0.555
286 283 16 19 0.553
999 140 21 25 0.538
609 222 17 21 0.534
583 246 18 22 0.525
649 208 19 22 0.507
926 147 17 21 0.505
978 117 13 17 0.493
232 324 21 26 0.482
763 179 12 14 0.473
506 198 11 13 0.453
725 193 14 17 0.449
572 410 45 55 0.415
601 324 36 35 0.415
484 270 18 25 0.408
582 184 11 13 0.393
529 224 14 18 0.383
425 315 26 28 0.383
691 205 20 23 0.360
325 270 17 18 0.351
912 172 22 26 0.338
756 211 19 23 0.321
454 278 16 20 0.313
819 156 16 19 0.284
448 213 11 11 0.272
888 146 15 17 0.270
552 259 19 23 0.262
12 439 34 46 0.262
316 330 23 28 0.258
598 199 14 19 0.255
945 261 27 34 0.252
313 447 33 42 0.249
133 409 34 41 0.244
304 284 15 18 0.240
467 216 12 14 0.230
428 211 12 12 0.228
615 220 15 19 0.228
429 268 20 27 0.226
298 357 56 37 0.226
528 219 13 18 0.219
378 285 15 21 0.207
315 264 11 13 0.197
863 329 28 42 0.197
852 166 15 20 0.195
461 247 18 20 0.192
321 249 11 13 0.186
215 285 14 16 0.177
462 224 13 17 0.157
318 266 18 20 0.151
460 229 14 21 0.148
628 162 10 10 0.143
527 201 13 17 0.142
896 168 17 24 0.139
461 202 11 15 0.134
743 231 22 28 0.133
348 232 13 16 0.132
566 166 8 10 0.130
236 320 17 21 0.129
484 226 19 18 0.126
530 200 11 12 0.121
644 160 8 10 0.121
664 190 40 16 0.119
425 208 11 13 0.119
464 208 14 24 0.116
788 508 61 51 0.116
873 122 13 16 0.107
589 223 13 16 0.105
429 262 17 23 0.105
528 210 14 17 0.101
315 253 12 16 0.101
921 146 23 33 0.101
753 160 15 15 0.099
894 160 17 24 0.094
514 231 16 22 0.093
625 162 10 11 0.090
391 346 27 41 0.089
428 212 27 12 0.089
597 196 12 14 0.088
863 172 15 19 0.085
562 251 19 21 0.084
566 181 10 11 0.084
318 252 13 20 0.080
497 258 17 28 0.080
644 204 17 19 0.079
554 268 21 26 0.079
420 310 24 28 0.078
682 155 8 10 0.077
434 257 16 19 0.076
536 228 14 17 0.076
636 188 12 15 0.075
764 484 44 57 0.074
638 161 18 9 0.073
483 180 10 12 0.073
758 213 24 25 0.073
440 377 28 35 0.072
905 120 16 15 0.072
968 105 12 13 0.070
867 227 18 24 0.070
589 154 9 11 0.070
465 224 23 17 0.070
592 250 20 23 0.069
897 117 13 16 0.068
990 98 9 12 0.067
426 359 29 33 0.067
317 442 27 33 0.067
300 211 10 11 0.066
427 274 23 36 0.064
117 418 30 40 0.063
965 105 11 14 0.063
575 251 16 19 0.063
424 183 10 11 0.061
451 187 10 10 0.060
868 126 13 21 0.059
713 186 10 12 0.058
116 309 13 15 0.058
598 253 17 21 0.056
753 193 17 29 0.056
316 193 8 9 0.055
379 264 14 16 0.055
995 143 17 23 0.054
89 306 15 18 0.054
108 423 30 36 0.054
279 286 13 15 0.053
737 289 30 39 0.053
491 230 49 32 0.053
325 492 39 39 0.052
486 204 24 52 0.052
731 139 10 10 0.051
604 203 14 17 0.051
855 338 33 46 0.051
497 232 15 24 0.051
817 179 14 17 0.050
305 454 34 39 0.050
641 213 17 20 0.050
921 169 19 24 0.049
619 245 18 22 0.049
342 233 21 24 0.049
567 163 9 25 0.048
63 302 14 16 0.047
579 246 16 20 0.047
817 164 16 23 0.046
304 356 25 34 0.046
498 243 15 27 0.045
743 161 22 14 0.044
449 187 14 11 0.044
310 284 15 18 0.043
485 199 11 18 0.043
748 167 9 11 0.043
26 310 16 16 0.043
744 221 17 29 0.043
381 225 12 17 0.043
751 190 13 14 0.043
750 459 46 65 0.042
996 272 27 42 0.042
584 212 12 14 0.042
386 194 11 13 0.041
587 212 18 24 0.040
402 211 10 14 0.040
467 238 17 21 0.040
473 182 14 17 0.040
745 214 17 22 0.039
484 211 14 26 0.039
536 196 11 13 0.038
404 358 53 36 0.038
214 369 26 31 0.037
421 187 10 13 0.037
236 330 19 25 0.036
938 103 12 12 0.036
431 198 10 29 0.036
847 135 12 18 0.036
506 206 12 26 0.035
445 239 18 21 0.035
749 226 25 28 0.035
732 160 12 11 0.034
297 212 24 10 0.034
484 177 10 23 0.034
629 211 21 17 0.033
897 120 51 16 0.033
424 180 10 27 0.032
313 348 22 34 0.032
308 461 44 48 0.032
282 279 15 20 0.032
940 101 16 12 0.031
360 299 18 20 0.031
851 138 27 17 0.030
620 160 9 10 0.030
572 429 41 51 0.030
802 177 13 16 0.030
984 544 40 80 0.030
396 349 37 41 0.030
314 210 14 16 0.029
861 126 19 14 0.029
707 180 14 20 0.029
407 211 25 12 0.029
714 262 22 33 0.029
392 195 11 11 0.028
683 151 9 16 0.028
555 276 21 25 0.028
804 179 17 16 0.028
453 184 21 17 0.028
872 292 33 47 0.027
644 269 25 29 0.027
847 125 12 17 0.027
865 141 14 16 0.026
638 185 13 14 0.026
911 224 27 33 0.026
270 251 76 42 0.026
682 228 17 22 0.026
404 274 14 19 0.026
866 137 45 67 0.026
726 260 26 38 0.026
406 227 17 22 0.026
317 196 9 22 0.026
779 177 15 19 0.025
272 581 38 46 0.024
404 224 12 21 0.024
478 179 14 16 0.024
866 319 35 45 0.024
367 293 23 22 0.024
602 155 8 25 0.024
338 264 13 16 0.024
451 204 47 49 0.023
604 310 31 39 0.023
539 173 10 16 0.023
1007 145 16 25 0.023
665 166 10 17 0.022
405 264 16 18 0.022
402 198 9 27 0.022
33 308 13 15 0.022
425 308 22 23 0.021
730 193 25 21 0.021
763 310 33 42 0.021
563 164 29 13 0.021
883 115 16 15 0.020
