21_Festival_Festival_21_342
79
256 62 49 66 0.862
593 102 49 65 0.860
847 61 51 64 0.859
738 118 46 57 0.851
434 102 49 67 0.840
75 96 48 64 0.818
997 164 26 29 0.815
985 135 25 28 0.798
672 162 23 29 0.771
931 102 17 20 0.762
683 91 15 20 0.762
751 64 15 19 0.762
346 146 20 26 0.753
328 132 16 21 0.721
513 142 22 27 0.683
567 80 16 20 0.670
779 134 17 27 0.595
990 99 15 18 0.594
642 134 18 24 0.533
973 116 15 17 0.479
558 154 18 20 0.440
990 141 28 34 0.417
1 124 16 22 0.402
225 127 18 21 0.401
704 169 14 18 0.337
546 142 16 20 0.285
520 168 22 27 0.266
1 138 16 24 0.229
379 107 22 29 0.223
771 129 25 38 0.198
795 166 22 29 0.197
510 150 21 25 0.186
819 112 16 19 0.172
654 92 12 14 0.167
480 121 16 32 0.125
798 156 23 31 0.111
834 88 23 28 0.106
835 93 17 19 0.102
503 157 18 23 0.096
808 106 12 15 0.084
41 157 20 28 0.074
11 202 13 20 0.070
810 108 16 19 0.069
430 151 18 23 0.067
197 141 13 15 0.064
1 142 11 23 0.061
579 118 18 32 0.060
194 141 12 12 0.055
552 155 21 23 0.051
779 151 17 29 0.050
654 85 12 37 0.046
835 127 19 23 0.046
187 142 22 14 0.046
725 93 12 15 0.045
640 144 20 27 0.045
430 139 26 34 0.044
182 146 13 12 0.044
727 141 14 19 0.044
780 161 19 23 0.041
382 118 19 22 0.040
791 155 24 25 0.038
41 167 26 34 0.038
220 130 19 21 0.035
807 104 11 12 0.035
907 109 13 15 0.033
968 104 13 17 0.032
964 100 15 17 0.030
183 149 12 16 0.029
895 120 17 21 0.029
970 97 14 16 0.029
782 130 13 20 0.027
568 79 15 38 0.027
190 150 13 21 0.027
35 146 21 29 0.027
728 97 16 20 0.027
657 104 10 15 0.026
474 109 22 37 0.023
314 136 15 19 0.023
581 124 14 20 0.023
