21_Festival_Festival_21_880
137
638 77 55 68 0.873
148 125 30 37 0.839
307 152 28 38 0.806
222 47 20 26 0.788
137 52 21 27 0.776
818 176 29 35 0.773
998 259 23 28 0.763
319 53 19 24 0.750
375 67 19 26 0.747
531 49 17 20 0.739
748 178 24 28 0.729
784 111 16 20 0.727
272 108 22 31 0.713
953 87 16 19 0.707
243 129 19 25 0.697
553 103 16 23 0.692
856 170 18 22 0.686
1011 83 13 19 0.679
835 81 14 18 0.663
883 81 16 19 0.658
927 184 22 26 0.652
417 150 27 32 0.642
746 209 24 30 0.568
817 159 21 23 0.547
563 203 28 33 0.545
467 163 28 38 0.538
215 141 25 31 0.490
0 48 11 24 0.464
527 144 30 34 0.420
95 48 17 25 0.406
218 118 21 25 0.358
433 21 18 21 0.331
867 211 21 24 0.329
277 176 23 28 0.326
980 205 19 22 0.308
946 222 18 24 0.287
217 121 23 40 0.250
122 148 32 36 0.239
962 241 19 21 0.233
261 149 21 27 0.202
53 148 26 32 0.194
872 211 25 30 0.185
38 120 29 34 0.176
511 136 29 32 0.163
823 166 29 30 0.145
505 63 20 25 0.137
291 51 18 26 0.132
885 232 20 25 0.130
953 233 19 24 0.126
625 112 17 26 0.116
961 184 17 22 0.108
23 93 30 29 0.094
28 163 30 36 0.093
81 49 24 30 0.089
994 234 15 19 0.088
354 199 25 32 0.086
206 147 27 32 0.081
354 192 40 40 0.079
209 157 31 35 0.078
719 203 23 31 0.077
623 107 15 19 0.075
128 139 28 33 0.075
716 92 13 19 0.074
41 108 29 35 0.073
710 79 10 12 0.073
366 181 28 32 0.073
244 133 24 32 0.071
213 171 30 30 0.071
372 186 32 41 0.070
37 101 23 28 0.070
35 157 32 37 0.069
112 149 27 32 0.066
22 90 22 25 0.066
402 35 14 19 0.065
720 207 30 35 0.064
372 205 30 31 0.063
34 128 27 35 0.062
293 46 20 24 0.062
948 218 25 26 0.062
840 159 20 24 0.060
20 168 28 32 0.060
712 94 13 16 0.059
416 75 17 21 0.059
544 98 22 29 0.057
31 131 34 60 0.053
1 139 26 35 0.053
960 202 21 24 0.053
625 109 24 37 0.052
972 210 20 21 0.050
41 137 31 38 0.050
199 160 32 36 0.049
962 191 26 23 0.049
882 87 16 19 0.048
1000 227 15 20 0.048
516 128 31 36 0.047
11 158 32 40 0.044
52 115 27 33 0.042
724 200 19 24 0.042
812 161 17 21 0.042
425 152 29 34 0.041
813 107 16 19 0.040
497 138 35 44 0.040
877 200 23 33 0.038
299 45 18 21 0.037
879 129 12 16 0.033
297 53 33 25 0.032
952 202 18 23 0.032
703 164 18 23 0.032
486 165 25 30 0.031
1 41 15 24 0.030
432 14 18 18 0.030
721 221 22 25 0.029
402 36 24 29 0.029
365 208 28 30 0.028
1009 87 14 19 0.028
298 77 19 22 0.027
305 276 23 30 0.026
791 198 23 27 0.026
979 188 19 21 0.026
807 186 34 30 0.025
881 218 27 32 0.025
1004 222 13 22 0.024
164 44 19 22 0.024
224 177 24 29 0.024
884 207 18 23 0.024
1018 201 6 24 0.024
512 61 19 23 0.023
550 146 26 30 0.022
592 121 14 19 0.022
715 76 12 13 0.022
941 108 13 17 0.022
415 64 20 26 0.021
479 160 25 31 0.021
357 177 27 34 0.021
881 98 13 16 0.021
562 143 20 30 0.021
527 129 29 33 0.020
