21_Festival_Festival_21_944
30
177 115 64 79 0.881
632 54 70 98 0.869
309 60 80 101 0.865
804 75 69 89 0.865
444 28 88 119 0.863
937 257 32 41 0.807
986 184 21 25 0.776
86 266 19 28 0.764
757 160 23 32 0.733
992 265 30 35 0.712
6 249 18 24 0.691
934 205 21 25 0.686
59 236 20 28 0.684
30 228 17 23 0.678
77 159 14 17 0.530
51 275 17 22 0.318
0 231 10 16 0.282
125 264 18 30 0.261
149 193 12 14 0.230
8 217 11 15 0.139
0 264 9 20 0.118
17 223 32 22 0.103
0 255 11 26 0.093
41 258 15 20 0.091
962 226 18 26 0.069
62 226 16 22 0.056
285 140 14 17 0.047
121 266 16 23 0.036
16 255 15 21 0.033
1007 289 16 34 0.021
