21_Festival_Festival_21_672
110
835 611 11 14 0.633
511 544 8 12 0.599
416 564 8 9 0.598
873 627 10 12 0.519
289 612 9 12 0.497
314 608 8 9 0.495
460 573 8 10 0.450
525 726 17 23 0.437
866 478 7 8 0.412
225 590 9 11 0.381
326 454 6 8 0.362
753 429 6 6 0.351
934 433 6 9 0.337
803 433 6 7 0.318
901 407 6 8 0.314
648 545 8 9 0.314
963 445 7 9 0.309
604 537 7 9 0.305
563 382 7 7 0.270
288 508 7 8 0.260
800 430 7 8 0.238
344 441 6 7 0.210
997 452 7 8 0.187
828 441 7 7 0.185
727 456 6 7 0.167
917 405 6 6 0.156
545 435 6 7 0.154
679 472 6 8 0.152
832 442 6 7 0.150
915 435 5 6 0.148
935 432 6 12 0.146
1012 457 8 9 0.143
792 428 7 8 0.140
563 416 7 8 0.140
703 465 5 6 0.137
826 438 8 9 0.128
998 451 7 14 0.125
395 424 6 7 0.124
260 594 9 10 0.124
1015 444 7 9 0.122
633 433 5 7 0.119
917 406 6 9 0.118
825 435 6 6 0.115
938 446 7 8 0.105
515 735 18 27 0.104
953 338 6 7 0.094
928 435 16 6 0.094
897 409 17 6 0.090
92 395 7 8 0.086
382 409 7 6 0.084
994 358 6 6 0.082
522 732 18 24 0.082
995 359 7 7 0.081
897 352 6 6 0.069
952 446 14 8 0.065
827 406 6 7 0.060
828 403 7 9 0.059
541 377 6 10 0.058
517 727 19 25 0.055
318 391 6 6 0.053
1014 439 7 33 0.053
994 457 22 8 0.049
102 393 6 6 0.047
90 396 10 10 0.047
397 421 6 9 0.046
355 469 6 6 0.044
898 410 6 8 0.043
365 442 6 8 0.043
287 616 10 11 0.042
830 403 6 6 0.041
786 429 9 10 0.039
929 430 7 9 0.037
344 619 12 12 0.037
232 378 5 27 0.036
79 419 6 6 0.036
79 416 6 12 0.035
471 424 7 9 0.035
396 427 6 6 0.034
59 425 7 6 0.033
355 384 6 6 0.032
988 461 17 9 0.032
58 422 5 8 0.030
462 376 6 9 0.030
384 397 5 27 0.030
15 392 8 8 0.030
361 440 8 15 0.029
966 379 7 6 0.029
517 746 17 20 0.029
677 469 6 7 0.028
87 396 9 10 0.028
570 384 5 7 0.027
706 370 5 6 0.026
603 540 9 10 0.025
171 404 5 20 0.025
900 447 6 6 0.024
195 417 7 6 0.024
258 401 6 13 0.023
777 449 7 8 0.023
339 621 14 9 0.023
987 463 7 8 0.023
711 374 6 13 0.022
900 443 7 15 0.022
997 354 6 15 0.022
799 424 6 6 0.021
20 390 6 6 0.021
473 421 6 9 0.021
331 408 5 12 0.021
723 367 7 6 0.021
570 416 5 8 0.021
1001 435 8 24 0.020
