21_Festival_Festival_21_427
212
146 576 89 104 0.848
6 291 53 72 0.847
78 389 55 89 0.841
0 440 45 100 0.830
284 455 81 112 0.830
621 534 73 88 0.825
597 145 31 40 0.820
772 158 34 44 0.812
846 182 35 44 0.805
538 218 39 48 0.788
641 195 34 36 0.786
735 229 42 52 0.786
682 151 25 34 0.779
287 309 50 75 0.774
394 196 43 63 0.770
654 151 22 27 0.768
481 120 27 31 0.751
424 433 57 75 0.748
979 166 25 33 0.738
217 221 38 47 0.719
36 410 62 92 0.713
574 200 36 47 0.712
455 172 40 49 0.707
225 170 34 39 0.702
156 87 23 26 0.695
809 146 27 31 0.693
859 142 25 31 0.678
199 295 62 74 0.675
584 267 50 58 0.668
849 266 41 54 0.651
95 214 59 75 0.651
324 164 38 46 0.647
515 109 27 36 0.642
963 256 40 59 0.636
905 194 31 41 0.631
270 114 28 36 0.621
809 396 42 63 0.599
223 114 23 26 0.599
718 396 42 55 0.539
472 315 52 63 0.499
963 228 35 40 0.487
913 163 23 27 0.484
441 215 45 52 0.479
415 279 47 61 0.475
139 61 22 26 0.453
33 157 44 46 0.438
73 29 23 26 0.430
32 48 25 30 0.418
281 111 25 33 0.405
718 158 22 29 0.390
816 334 41 53 0.378
97 49 17 23 0.351
698 209 34 39 0.345
1003 260 21 60 0.341
514 386 46 70 0.331
614 273 42 59 0.323
31 105 29 35 0.323
103 163 29 34 0.312
567 434 54 74 0.311
0 232 11 52 0.300
194 92 17 19 0.290
304 235 51 60 0.284
302 58 17 20 0.254
442 117 24 27 0.245
604 408 53 60 0.236
212 72 18 18 0.235
190 96 20 25 0.232
658 105 17 20 0.225
383 90 15 17 0.225
753 259 34 47 0.211
79 70 28 33 0.210
346 132 26 32 0.206
910 173 26 56 0.190
512 179 41 50 0.177
599 191 28 34 0.173
219 98 21 27 0.162
982 88 11 13 0.162
925 141 18 24 0.154
1008 139 14 20 0.137
962 85 11 13 0.137
19 418 62 105 0.137
84 83 27 34 0.131
739 127 18 25 0.126
84 49 26 47 0.123
241 159 31 43 0.123
336 93 17 21 0.118
253 299 74 95 0.108
112 78 22 23 0.100
0 147 19 35 0.099
168 130 30 42 0.098
94 97 27 27 0.095
326 95 20 23 0.094
238 64 13 17 0.092
24 160 35 41 0.087
440 111 22 26 0.087
320 97 20 23 0.086
186 333 53 74 0.085
0 18 8 19 0.085
861 532 54 83 0.081
631 342 41 50 0.081
971 356 46 60 0.080
355 76 18 20 0.074
958 280 45 53 0.074
145 53 22 29 0.073
964 87 31 12 0.070
185 124 23 30 0.066
1015 111 9 19 0.065
999 247 23 57 0.064
251 155 24 34 0.063
273 70 15 18 0.061
815 199 40 45 0.060
56 43 15 20 0.060
185 74 13 15 0.059
837 106 12 12 0.059
290 352 54 68 0.059
424 90 15 17 0.058
728 338 35 47 0.057
380 87 21 26 0.056
188 112 21 31 0.056
805 317 41 60 0.056
519 163 28 34 0.054
338 138 31 47 0.053
839 188 31 39 0.052
0 249 13 47 0.051
551 364 45 59 0.050
737 135 22 29 0.049
621 241 40 64 0.049
27 46 23 26 0.049
911 143 17 19 0.047
515 153 29 34 0.047
654 107 19 23 0.046
571 152 27 32 0.046
986 139 17 20 0.046
168 115 27 31 0.046
208 75 21 23 0.045
264 394 53 67 0.045
907 246 40 47 0.044
160 113 29 28 0.043
488 151 24 30 0.043
879 237 32 42 0.043
647 234 33 40 0.043
107 88 25 31 0.042
0 240 19 51 0.041
198 72 39 52 0.041
185 304 75 99 0.041
303 223 40 57 0.041
706 276 34 53 0.040
150 48 18 20 0.040
962 369 44 55 0.039
184 104 23 26 0.038
878 120 15 17 0.037
453 200 36 42 0.037
913 170 25 34 0.037
619 350 46 57 0.036
120 259 57 80 0.035
179 132 29 35 0.035
370 86 22 18 0.035
37 56 25 34 0.034
159 141 32 40 0.034
975 86 12 14 0.034
733 148 26 30 0.034
104 100 24 28 0.034
784 194 33 45 0.034
869 236 32 46 0.033
0 239 10 30 0.033
451 122 19 24 0.033
206 160 48 39 0.032
76 78 26 34 0.032
882 118 15 15 0.032
920 148 23 29 0.032
988 240 33 52 0.031
191 153 26 34 0.031
811 214 41 62 0.031
929 198 25 31 0.031
418 91 29 25 0.031
727 148 22 26 0.030
865 138 20 26 0.030
32 67 25 31 0.029
924 140 37 22 0.029
0 218 11 42 0.029
147 111 32 29 0.028
1018 202 6 37 0.028
717 151 20 23 0.028
378 115 23 28 0.028
791 198 49 46 0.027
694 218 34 46 0.027
739 120 18 24 0.027
116 204 51 73 0.026
885 313 50 57 0.026
410 80 17 19 0.026
339 98 18 21 0.025
702 298 37 50 0.025
520 104 18 20 0.025
705 257 35 50 0.024
703 138 19 23 0.024
823 191 43 46 0.024
137 110 22 28 0.024
186 357 51 75 0.023
520 191 38 47 0.023
811 242 42 48 0.023
854 243 40 51 0.022
588 95 14 16 0.022
974 138 30 22 0.022
959 142 18 21 0.022
350 187 33 49 0.021
376 105 23 31 0.021
958 376 57 76 0.021
553 450 61 79 0.021
691 231 38 50 0.020
729 158 25 35 0.020
178 74 20 20 0.020
866 306 42 55 0.020
