21_Festival_Festival_21_440
89
583 183 67 78 0.805
894 326 15 16 0.517
928 219 13 15 0.509
852 229 11 12 0.432
769 220 10 12 0.387
877 217 12 12 0.354
794 217 9 12 0.341
330 252 11 15 0.341
202 232 12 15 0.297
264 324 10 11 0.267
867 312 9 11 0.246
738 249 12 14 0.214
756 237 12 14 0.205
285 365 14 19 0.187
965 211 10 12 0.186
369 300 10 14 0.186
918 312 10 12 0.183
512 222 24 29 0.180
28 298 10 12 0.167
918 217 12 15 0.162
167 310 12 15 0.129
423 319 13 18 0.122
521 202 27 33 0.120
213 213 9 14 0.116
228 329 11 16 0.115
172 305 10 13 0.114
286 316 10 12 0.113
151 278 11 13 0.113
739 245 18 16 0.103
394 300 12 14 0.102
327 245 12 19 0.098
921 215 13 13 0.094
923 327 15 17 0.092
208 207 14 17 0.088
918 312 13 17 0.086
764 221 12 22 0.079
793 220 11 12 0.079
421 298 11 12 0.078
177 300 9 11 0.077
426 322 14 18 0.077
160 291 11 14 0.074
735 207 9 12 0.072
164 295 12 12 0.071
1017 162 7 17 0.071
87 294 15 20 0.070
162 562 63 43 0.062
435 330 11 15 0.062
517 215 26 31 0.061
880 222 11 15 0.060
84 303 15 17 0.059
919 316 16 27 0.057
804 238 9 12 0.054
910 317 14 19 0.053
151 237 14 20 0.052
875 221 13 16 0.051
85 384 13 17 0.051
166 249 11 12 0.050
914 222 11 14 0.050
886 214 11 12 0.048
1 326 9 13 0.045
881 233 10 13 0.045
751 280 18 18 0.044
850 231 11 14 0.042
165 315 11 14 0.039
90 289 14 15 0.038
432 300 9 11 0.036
751 233 11 13 0.036
962 213 13 15 0.036
332 256 9 12 0.035
126 390 13 15 0.034
93 290 17 16 0.033
385 300 23 15 0.030
734 194 9 10 0.030
275 318 18 14 0.029
283 371 13 19 0.029
115 389 16 21 0.028
198 235 17 21 0.027
113 388 14 17 0.027
47 336 10 14 0.026
927 321 13 17 0.025
170 315 11 14 0.025
854 232 11 12 0.025
255 380 14 21 0.024
920 209 10 13 0.023
733 202 12 15 0.022
82 389 14 23 0.021
529 207 21 27 0.020
165 307 11 15 0.020
44 456 18 21 0.020
