21_Festival_Festival_21_422
74
736 81 47 64 0.859
975 145 32 35 0.858
240 144 42 53 0.857
500 105 47 59 0.849
627 115 45 58 0.840
133 124 47 62 0.825
977 110 29 32 0.818
20 190 26 33 0.809
576 125 24 32 0.806
338 160 24 30 0.804
806 95 17 23 0.788
75 182 27 35 0.782
912 177 30 36 0.781
684 136 23 28 0.774
299 191 25 32 0.771
431 188 21 29 0.750
597 152 22 29 0.745
896 124 21 26 0.733
389 149 43 59 0.705
865 81 18 21 0.704
434 161 21 28 0.697
889 142 23 27 0.656
276 146 22 30 0.653
907 105 18 21 0.639
464 91 17 21 0.500
639 44 20 25 0.462
985 62 21 25 0.434
760 49 19 20 0.401
374 109 20 22 0.387
190 126 21 28 0.385
258 144 34 43 0.378
542 141 19 24 0.372
609 100 24 27 0.326
893 123 22 45 0.313
283 111 15 18 0.303
543 99 21 26 0.290
454 178 23 29 0.281
532 98 29 35 0.266
57 138 20 25 0.252
535 133 27 34 0.142
407 175 23 32 0.130
462 95 18 23 0.126
181 125 24 33 0.126
208 177 23 30 0.112
819 140 22 27 0.109
418 157 30 40 0.102
816 134 21 29 0.100
626 83 20 23 0.098
590 109 39 34 0.087
129 175 21 27 0.079
1 127 8 13 0.071
198 131 18 27 0.069
32 151 14 17 0.069
484 105 20 33 0.067
118 126 16 30 0.065
729 148 22 27 0.064
814 127 15 21 0.061
606 96 17 23 0.057
355 157 27 30 0.040
1 229 14 23 0.034
42 181 19 22 0.033
173 132 25 37 0.032
148 127 40 52 0.031
441 134 10 14 0.030
914 92 17 26 0.030
120 132 12 19 0.030
860 84 18 20 0.028
545 106 20 28 0.025
278 184 20 28 0.023
250 122 24 27 0.023
418 158 21 28 0.022
858 155 24 32 0.021
10 125 11 14 0.021
549 103 18 22 0.020
