21_Festival_Festival_21_756
24
444 240 158 200 0.886
150 385 23 37 0.539
775 204 24 41 0.310
373 341 28 37 0.195
906 335 13 16 0.139
280 407 15 19 0.120
251 398 13 15 0.082
927 345 14 16 0.080
258 399 13 14 0.075
381 344 26 35 0.073
182 420 19 25 0.070
754 287 23 30 0.060
73 433 12 12 0.048
386 349 29 38 0.044
932 339 17 19 0.040
240 401 28 15 0.039
361 342 31 37 0.032
659 394 24 30 0.032
77 429 11 13 0.028
251 399 45 16 0.028
234 403 23 15 0.028
69 429 16 13 0.024
15 408 14 15 0.023
242 409 14 15 0.023
