21_Festival_Festival_21_838
36
858 64 25 34 0.791
282 346 28 43 0.784
844 289 21 28 0.766
771 313 16 21 0.743
724 316 14 19 0.729
483 87 15 19 0.725
413 59 18 25 0.707
446 304 36 50 0.673
897 558 13 16 0.670
685 60 18 27 0.644
799 557 11 14 0.635
757 573 10 11 0.616
154 355 24 38 0.586
672 551 10 12 0.360
639 278 14 19 0.142
330 409 31 36 0.100
756 574 9 12 0.080
683 580 8 11 0.079
683 591 9 12 0.077
441 294 26 37 0.063
683 576 9 22 0.059
151 344 23 42 0.054
501 349 45 60 0.051
478 345 49 67 0.050
682 573 9 14 0.049
684 584 8 23 0.047
519 109 11 14 0.044
676 549 12 16 0.043
416 44 12 15 0.043
671 556 11 12 0.033
683 596 9 10 0.031
562 188 10 11 0.030
821 353 14 17 0.029
180 384 25 35 0.026
685 551 10 13 0.025
436 286 23 33 0.021
