21_Festival_Festival_21_312
75
621 114 62 74 0.849
286 213 34 42 0.849
166 219 30 36 0.842
520 200 39 45 0.834
217 230 27 37 0.834
542 137 35 44 0.831
949 221 44 52 0.827
167 164 29 37 0.819
370 154 35 40 0.811
12 215 28 38 0.809
104 193 27 35 0.804
741 95 24 30 0.797
70 225 24 35 0.780
829 200 35 45 0.780
208 70 23 30 0.775
454 219 33 47 0.757
739 158 33 42 0.753
358 230 38 45 0.696
673 145 34 45 0.688
727 209 44 56 0.678
46 179 20 24 0.657
134 186 22 31 0.634
79 260 26 29 0.612
387 57 24 28 0.524
268 182 25 31 0.485
0 225 16 30 0.473
319 171 29 35 0.459
77 194 20 26 0.435
311 114 20 28 0.314
0 190 20 30 0.314
477 104 26 29 0.287
2 213 28 39 0.235
891 232 34 41 0.228
271 191 24 32 0.195
808 201 38 49 0.186
853 247 34 43 0.159
0 178 19 29 0.157
521 129 14 18 0.129
306 109 21 26 0.121
511 165 27 31 0.100
985 93 31 31 0.095
470 173 29 36 0.092
504 158 22 29 0.087
726 197 39 42 0.087
961 70 32 46 0.080
465 105 28 31 0.078
516 174 26 27 0.073
0 211 17 31 0.072
810 190 25 31 0.064
666 151 30 40 0.064
316 123 19 26 0.064
804 212 33 44 0.062
841 253 41 49 0.057
436 213 23 40 0.056
719 220 40 48 0.053
325 186 26 32 0.047
315 181 30 35 0.043
496 150 26 40 0.041
690 144 27 37 0.037
125 253 25 31 0.036
863 240 24 31 0.034
151 217 21 28 0.034
384 53 23 24 0.033
294 104 27 26 0.031
799 115 19 27 0.031
75 251 24 32 0.030
815 222 40 48 0.029
457 93 24 35 0.028
455 101 21 31 0.026
136 184 18 22 0.026
290 97 17 26 0.024
908 236 37 42 0.023
517 126 23 27 0.023
0 92 8 20 0.021
681 138 29 37 0.020
