21_Festival_Festival_21_460
76
445 679 39 62 0.840
24 602 47 60 0.787
416 622 24 32 0.742
0 588 21 27 0.683
679 598 31 37 0.657
497 610 19 24 0.647
815 600 25 39 0.606
562 573 22 33 0.603
904 570 29 39 0.550
339 611 21 30 0.328
245 595 14 19 0.312
28 579 10 13 0.286
171 593 20 23 0.230
967 632 48 61 0.184
444 628 24 33 0.166
422 593 12 17 0.162
133 594 17 24 0.148
998 565 9 12 0.144
530 571 19 26 0.125
691 600 27 33 0.125
198 579 13 15 0.122
634 615 28 39 0.107
193 579 16 21 0.104
377 457 9 10 0.098
447 595 11 13 0.090
198 581 16 20 0.086
574 604 27 45 0.082
18 574 15 14 0.082
369 591 16 21 0.081
180 567 11 12 0.078
376 587 12 13 0.075
138 580 14 27 0.069
14 572 10 11 0.068
436 612 17 21 0.063
143 566 13 15 0.063
1009 538 10 11 0.061
444 621 21 28 0.058
143 565 12 31 0.057
363 595 18 22 0.052
324 588 12 14 0.049
13 579 28 40 0.048
529 579 20 27 0.047
717 615 40 45 0.047
420 591 13 16 0.046
428 627 29 30 0.046
161 565 10 10 0.045
921 577 26 32 0.042
648 610 23 34 0.041
300 460 8 8 0.040
567 574 25 41 0.039
292 588 16 19 0.038
703 594 20 27 0.037
182 564 19 14 0.036
192 592 19 27 0.036
655 607 26 33 0.034
657 581 10 11 0.032
791 617 18 20 0.031
0 622 14 41 0.030
148 565 27 12 0.029
564 565 19 28 0.029
330 611 22 33 0.028
534 570 12 19 0.028
346 606 19 27 0.028
986 547 7 9 0.027
818 581 10 12 0.026
82 549 9 9 0.024
725 620 43 49 0.024
828 603 25 40 0.023
32 553 9 12 0.022
10 570 13 17 0.022
424 591 22 14 0.021
322 457 10 10 0.021
376 578 10 27 0.021
675 580 12 11 0.021
104 575 9 9 0.020
473 593 13 14 0.020
