21_Festival_Festival_21_590
233
716 551 57 72 0.859
259 256 42 54 0.857
292 435 51 65 0.855
27 453 53 59 0.848
223 408 53 64 0.845
934 573 61 72 0.844
729 330 40 48 0.841
10 585 71 75 0.840
437 403 51 58 0.839
808 435 47 57 0.834
162 640 71 43 0.833
482 249 32 39 0.829
819 384 44 54 0.822
846 340 37 45 0.820
880 529 58 74 0.819
837 297 36 43 0.807
352 291 31 39 0.806
694 650 68 33 0.805
268 601 71 82 0.802
906 410 48 56 0.800
402 592 59 68 0.797
912 474 44 57 0.796
0 405 34 51 0.796
429 500 42 61 0.792
365 545 54 67 0.791
138 276 30 36 0.790
21 284 35 44 0.790
776 241 25 34 0.787
103 339 41 49 0.787
212 562 64 72 0.785
745 474 38 59 0.785
75 262 31 37 0.784
722 266 29 35 0.782
154 460 41 58 0.780
966 265 28 33 0.779
927 266 30 36 0.778
517 379 41 46 0.777
749 256 27 36 0.777
530 302 35 40 0.775
761 434 36 46 0.770
132 406 36 50 0.769
660 243 27 33 0.766
98 508 53 56 0.765
577 561 70 74 0.765
988 297 30 40 0.764
70 372 36 47 0.758
908 291 32 38 0.750
940 350 43 47 0.746
41 401 50 59 0.742
35 332 37 43 0.737
175 271 31 35 0.733
0 231 24 42 0.728
0 321 23 41 0.728
839 243 23 32 0.728
629 234 24 27 0.723
496 425 45 53 0.714
420 244 23 30 0.700
541 231 25 29 0.695
759 310 30 37 0.689
136 358 35 44 0.675
424 203 22 27 0.675
196 234 22 27 0.655
804 239 24 29 0.648
107 251 28 34 0.647
0 266 13 40 0.623
1006 325 18 36 0.622
730 298 26 31 0.620
505 593 66 69 0.610
489 207 22 25 0.606
614 204 20 25 0.603
395 225 18 22 0.598
336 405 39 49 0.578
966 394 38 44 0.556
36 227 22 28 0.551
913 213 23 29 0.550
551 462 32 57 0.536
898 386 32 36 0.506
1010 437 14 53 0.499
254 224 26 28 0.472
52 393 47 54 0.448
959 197 16 18 0.446
789 216 21 26 0.444
199 381 35 44 0.439
957 230 23 29 0.431
973 356 28 35 0.403
556 253 28 30 0.403
118 228 30 33 0.390
797 279 29 36 0.374
260 194 21 23 0.341
1000 184 21 24 0.338
957 317 32 39 0.321
1006 236 17 28 0.317
0 238 18 69 0.316
566 296 28 38 0.312
314 361 40 45 0.310
379 664 69 19 0.302
368 234 22 25 0.292
163 410 43 50 0.288
52 308 35 38 0.286
473 392 36 48 0.280
556 281 31 37 0.271
977 211 22 28 0.271
31 425 55 74 0.271
644 209 21 26 0.258
897 191 19 24 0.250
957 398 37 47 0.239
115 458 36 44 0.235
876 240 23 29 0.220
176 320 34 39 0.212
341 242 18 20 0.197
43 318 38 51 0.195
561 397 40 45 0.179
697 219 27 27 0.178
186 315 29 36 0.165
301 398 45 51 0.163
501 634 64 49 0.162
327 288 28 35 0.159
731 316 55 55 0.152
124 219 25 28 0.150
391 283 26 35 0.145
389 295 24 32 0.139
205 197 18 21 0.136
706 225 24 30 0.129
958 200 20 61 0.127
39 192 17 20 0.127
304 227 22 33 0.126
398 195 17 22 0.124
962 417 35 45 0.117
805 196 20 24 0.115
612 294 34 44 0.115
925 204 22 29 0.111
456 179 21 27 0.110
810 356 34 39 0.108
340 289 29 38 0.105
21 209 14 17 0.103
611 166 18 21 0.102
1005 523 19 62 0.100
148 198 17 20 0.099
806 305 31 37 0.099
305 370 45 73 0.097
634 227 24 28 0.092
933 331 33 36 0.092
306 340 31 39 0.088
675 204 21 24 0.088
754 193 19 23 0.085
586 275 29 32 0.084
873 205 19 22 0.084
557 266 29 36 0.082
147 407 39 54 0.082
745 218 21 25 0.080
110 191 17 19 0.074
663 179 18 22 0.069
309 347 40 43 0.068
631 269 27 32 0.066
142 351 40 45 0.064
750 193 23 48 0.062
541 295 31 39 0.061
697 372 41 44 0.059
364 219 23 27 0.059
183 230 33 31 0.057
320 668 61 15 0.056
592 236 24 27 0.056
193 275 26 30 0.054
75 193 15 16 0.053
394 278 21 26 0.052
387 243 21 25 0.052
1011 152 12 18 0.051
0 286 9 33 0.051
0 341 22 51 0.050
674 281 29 44 0.048
981 400 26 39 0.048
564 248 28 29 0.048
847 222 23 26 0.048
764 218 20 25 0.047
1002 210 19 21 0.046
851 190 20 22 0.045
679 207 24 28 0.044
339 601 45 55 0.043
988 48 12 16 0.043
79 225 23 38 0.043
255 213 25 30 0.042
906 313 31 37 0.041
952 174 16 20 0.041
0 456 9 46 0.039
595 207 26 24 0.039
1014 362 10 46 0.039
53 376 49 51 0.038
695 326 36 45 0.038
956 152 13 14 0.038
1014 252 9 43 0.038
186 375 41 42 0.037
170 222 24 29 0.037
526 193 23 25 0.036
344 245 19 21 0.034
182 184 19 23 0.033
77 221 22 27 0.031
993 183 17 22 0.029
347 186 22 23 0.029
94 188 16 18 0.029
447 351 33 37 0.028
870 655 83 28 0.028
885 184 17 21 0.028
674 270 28 34 0.028
972 410 32 40 0.027
985 643 39 40 0.027
672 298 34 42 0.027
554 285 23 28 0.027
901 394 39 54 0.026
848 201 26 55 0.026
809 374 38 47 0.026
107 456 51 82 0.026
643 203 20 22 0.025
683 315 42 48 0.024
496 610 64 64 0.024
664 180 27 45 0.024
1013 447 11 78 0.024
0 194 7 16 0.023
764 320 26 39 0.023
174 332 28 35 0.023
709 218 19 22 0.023
722 422 37 50 0.022
357 277 31 40 0.022
117 282 23 29 0.022
1014 273 9 29 0.022
80 398 31 43 0.021
451 340 33 39 0.021
984 170 18 21 0.021
594 216 21 30 0.021
856 375 25 37 0.020
979 207 20 21 0.020
116 332 31 47 0.020
578 240 26 30 0.020
803 290 31 40 0.020
