21_Festival_Festival_21_231
33
441 557 32 47 0.785
345 431 9 10 0.487
409 439 8 10 0.411
464 441 8 8 0.312
447 439 9 9 0.284
546 449 8 8 0.279
601 442 8 10 0.224
126 515 13 20 0.202
235 567 21 26 0.123
0 508 6 16 0.113
650 449 7 8 0.105
37 506 10 13 0.083
179 530 20 23 0.077
549 450 7 10 0.070
197 502 9 10 0.057
131 513 12 20 0.056
162 504 13 16 0.049
175 527 17 25 0.045
607 448 7 8 0.044
0 500 6 14 0.043
168 533 14 20 0.038
509 431 7 9 0.037
486 443 7 8 0.031
596 441 9 9 0.029
187 531 15 21 0.028
18 507 11 16 0.028
567 461 8 11 0.028
349 431 8 9 0.027
507 427 7 9 0.023
399 458 10 11 0.022
324 457 8 10 0.022
465 438 11 10 0.022
967 539 14 26 0.021
