21_Festival_Festival_21_103
309
595 363 45 61 0.841
358 300 31 46 0.811
983 443 41 63 0.804
988 341 36 58 0.799
883 250 26 31 0.757
676 249 25 33 0.743
395 239 18 23 0.735
929 274 29 36 0.735
297 279 28 37 0.735
793 341 43 54 0.734
751 259 24 30 0.734
751 461 50 45 0.727
106 254 22 26 0.707
936 245 22 25 0.695
69 222 17 21 0.682
715 257 19 24 0.660
1005 229 17 21 0.655
545 369 38 46 0.653
148 259 21 31 0.649
786 230 17 20 0.616
424 284 28 39 0.580
90 240 18 23 0.573
801 285 27 33 0.544
479 274 29 41 0.533
587 249 23 28 0.506
907 207 11 13 0.503
822 206 11 13 0.498
365 236 14 18 0.487
993 303 30 36 0.468
710 210 13 17 0.444
436 247 21 25 0.443
885 223 15 18 0.440
896 292 25 36 0.422
345 266 20 27 0.415
790 261 16 20 0.403
1000 183 11 14 0.392
215 275 23 34 0.388
879 183 10 11 0.386
604 264 32 35 0.384
293 239 16 20 0.366
651 229 17 21 0.353
291 265 21 29 0.349
643 255 22 28 0.348
565 227 15 19 0.334
945 201 10 13 0.324
537 267 25 33 0.317
798 212 10 11 0.306
339 240 16 21 0.304
780 210 10 12 0.292
741 238 17 21 0.289
946 218 10 12 0.254
313 229 13 15 0.251
440 218 13 16 0.249
914 185 11 12 0.239
913 225 14 20 0.237
699 411 36 51 0.219
570 231 14 18 0.217
33 236 23 25 0.217
841 220 16 19 0.210
1 210 7 12 0.201
788 245 17 33 0.197
165 274 21 29 0.195
718 231 14 20 0.191
496 204 10 13 0.190
370 212 13 15 0.189
139 236 17 21 0.185
713 285 29 39 0.175
738 197 9 11 0.169
487 342 33 42 0.165
136 233 15 19 0.164
615 273 27 38 0.163
794 199 9 12 0.160
973 188 10 11 0.159
504 218 13 16 0.152
390 228 12 15 0.152
144 239 15 22 0.149
141 194 9 10 0.147
562 221 13 18 0.145
15 211 9 10 0.143
1016 264 8 27 0.143
796 199 8 21 0.142
838 209 11 14 0.142
838 213 15 22 0.131
227 233 18 24 0.129
532 272 26 33 0.127
186 219 14 17 0.126
954 183 8 11 0.125
649 188 9 10 0.120
809 234 13 18 0.117
418 215 11 13 0.117
760 199 10 11 0.113
297 235 19 21 0.112
36 189 7 9 0.112
414 201 9 12 0.108
978 220 11 13 0.108
24 228 14 17 0.104
229 234 27 29 0.104
751 210 12 19 0.103
29 234 18 23 0.100
481 285 22 28 0.100
580 244 23 31 0.098
919 230 17 18 0.097
837 199 15 17 0.094
396 208 10 12 0.093
705 213 14 17 0.092
615 191 10 12 0.092
670 196 9 12 0.090
127 203 10 11 0.089
528 234 19 25 0.088
239 240 22 25 0.087
959 253 23 24 0.082
603 270 21 26 0.082
499 206 15 27 0.081
227 241 21 26 0.081
220 273 23 27 0.080
292 218 11 14 0.080
267 195 8 12 0.080
678 183 7 9 0.079
547 270 27 40 0.078
669 200 12 14 0.078
717 280 27 31 0.077
984 178 10 11 0.073
729 235 22 20 0.073
506 360 33 31 0.073
945 197 11 29 0.071
233 180 7 8 0.071
864 247 15 19 0.071
881 226 17 20 0.070
110 213 9 11 0.069
215 193 8 8 0.068
758 196 11 22 0.068
822 314 30 39 0.068
753 218 14 17 0.067
1006 204 11 16 0.067
433 239 19 30 0.067
228 227 15 24 0.065
539 277 27 34 0.065
8 223 12 15 0.065
962 233 13 15 0.065
947 188 11 27 0.063
229 229 23 54 0.063
836 196 11 16 0.063
778 188 10 11 0.063
217 207 11 14 0.060
520 221 14 19 0.059
799 170 10 11 0.058
485 206 13 12 0.058
260 272 21 30 0.058
647 226 15 21 0.057
563 203 13 13 0.057
930 178 8 9 0.057
920 210 12 17 0.057
906 187 9 11 0.055
416 275 24 34 0.055
621 237 14 18 0.054
480 204 12 13 0.053
248 223 14 16 0.053
596 273 27 35 0.052
880 157 7 7 0.052
226 263 19 30 0.052
131 229 16 22 0.051
351 273 22 32 0.051
290 187 10 11 0.051
925 229 14 16 0.051
974 247 19 22 0.051
358 211 10 11 0.050
800 175 12 15 0.049
709 299 34 41 0.049
446 198 10 18 0.049
762 181 9 10 0.049
758 185 11 24 0.048
870 237 16 20 0.047
979 222 14 16 0.047
224 221 13 21 0.047
578 206 12 15 0.047
230 271 21 28 0.046
129 203 10 12 0.046
332 193 9 11 0.046
747 218 13 17 0.046
372 213 30 13 0.045
48 200 9 9 0.044
910 309 30 38 0.044
490 237 16 20 0.044
554 284 26 34 0.044
669 204 13 18 0.044
425 245 22 23 0.043
473 258 30 40 0.043
25 261 24 23 0.043
963 236 20 21 0.042
980 243 16 19 0.042
362 234 20 26 0.042
914 207 12 14 0.042
43 211 9 11 0.041
753 446 37 51 0.041
719 294 31 40 0.041
308 214 14 18 0.041
845 221 24 17 0.040
264 198 11 12 0.040
95 193 8 10 0.039
245 218 17 43 0.039
958 188 28 10 0.039
463 213 14 13 0.038
483 268 32 37 0.038
630 181 9 10 0.038
172 187 7 8 0.038
898 298 35 43 0.038
871 227 22 17 0.037
923 179 15 12 0.037
47 283 34 33 0.037
857 202 15 14 0.036
674 215 16 17 0.036
489 357 35 44 0.036
874 201 12 13 0.036
183 189 7 7 0.035
731 180 9 9 0.035
0 194 6 11 0.035
904 170 8 10 0.035
184 240 16 20 0.034
471 252 20 27 0.034
345 226 13 22 0.034
878 293 31 38 0.034
639 218 13 14 0.034
459 185 7 8 0.034
144 194 9 10 0.034
698 211 16 17 0.034
464 210 11 12 0.034
510 365 37 39 0.034
582 223 14 16 0.034
872 179 18 18 0.034
460 222 14 19 0.033
779 186 11 10 0.033
707 213 44 46 0.033
538 200 15 13 0.033
721 348 28 37 0.033
392 203 11 18 0.032
743 466 32 39 0.032
584 202 13 15 0.032
25 224 20 20 0.032
548 201 24 15 0.032
82 245 21 23 0.031
855 204 13 17 0.031
584 282 28 35 0.031
27 241 21 23 0.031
552 210 13 19 0.031
884 195 31 91 0.031
641 263 22 30 0.031
980 184 33 12 0.030
573 201 19 16 0.030
909 178 12 42 0.030
829 172 10 12 0.030
479 225 20 20 0.030
844 174 13 12 0.030
985 177 7 9 0.030
519 212 15 23 0.030
420 297 25 37 0.029
473 222 17 22 0.029
412 208 31 23 0.029
438 201 17 20 0.028
653 173 7 9 0.028
804 182 10 16 0.028
225 216 13 17 0.028
469 211 21 16 0.028
483 244 21 25 0.028
478 187 9 9 0.028
711 272 24 41 0.027
410 272 21 30 0.027
500 194 15 12 0.027
620 231 21 24 0.027
222 206 11 12 0.026
248 194 9 10 0.026
615 190 13 23 0.026
1004 265 19 61 0.026
952 213 10 12 0.026
579 183 9 10 0.025
525 240 15 18 0.025
715 176 7 7 0.025
13 220 27 34 0.025
720 216 12 14 0.025
590 185 11 9 0.024
506 192 11 12 0.024
735 186 11 26 0.024
273 220 12 15 0.024
831 173 14 14 0.024
275 207 11 25 0.024
334 212 12 19 0.023
337 264 22 24 0.023
748 198 20 40 0.023
186 204 8 14 0.023
305 204 12 20 0.023
646 185 13 15 0.023
185 191 9 10 0.023
375 276 24 29 0.023
226 244 15 20 0.023
41 239 21 23 0.023
519 235 17 20 0.023
970 222 36 42 0.022
175 234 23 52 0.022
280 220 24 18 0.022
651 183 8 17 0.022
625 181 14 14 0.022
838 189 13 24 0.022
847 178 16 10 0.022
284 207 23 30 0.022
779 182 18 83 0.022
583 208 14 23 0.022
282 199 15 17 0.021
537 204 16 17 0.021
164 290 20 26 0.021
669 191 15 51 0.020
