21_Festival_Festival_21_356
26
314 396 19 24 0.737
411 385 14 16 0.734
607 392 16 20 0.706
364 369 14 18 0.700
486 371 12 14 0.695
242 419 17 23 0.683
425 377 12 14 0.672
544 384 12 15 0.626
565 331 10 11 0.492
577 403 13 16 0.458
543 351 7 10 0.158
355 397 13 16 0.076
766 362 7 9 0.071
816 444 9 10 0.061
362 371 13 22 0.057
568 424 15 22 0.057
560 320 8 9 0.043
559 435 18 22 0.043
502 505 22 21 0.042
553 440 19 23 0.037
612 370 12 12 0.037
564 326 9 12 0.031
364 420 17 27 0.026
542 349 11 14 0.022
181 398 8 10 0.021
569 430 16 23 0.021
