21_Festival_Festival_21_183
121
538 66 48 56 0.870
136 123 25 30 0.784
682 132 24 31 0.779
137 151 24 33 0.778
79 157 24 31 0.773
287 153 23 29 0.772
231 63 17 22 0.768
945 63 18 22 0.768
893 142 23 33 0.764
283 83 17 21 0.761
395 135 19 24 0.759
207 112 21 27 0.759
326 63 17 21 0.757
130 76 17 22 0.756
64 82 18 22 0.754
661 121 22 28 0.753
834 133 24 32 0.752
604 131 22 26 0.751
378 83 16 21 0.751
799 120 21 27 0.745
312 109 21 28 0.740
213 154 20 28 0.731
969 64 17 21 0.728
797 33 16 21 0.727
346 155 23 26 0.726
433 123 22 26 0.721
755 143 26 32 0.720
56 124 18 24 0.719
890 111 23 28 0.719
423 148 25 30 0.717
763 114 21 27 0.692
639 90 15 19 0.687
761 87 17 21 0.673
600 71 15 17 0.654
408 27 16 19 0.635
887 95 20 22 0.619
496 128 18 27 0.608
977 95 23 25 0.603
621 155 23 29 0.590
960 120 23 29 0.528
466 90 15 18 0.515
1007 126 17 32 0.507
514 36 17 20 0.507
831 98 20 25 0.482
523 112 11 14 0.408
449 149 16 21 0.402
79 136 20 26 0.390
55 172 18 21 0.385
466 137 19 24 0.382
0 175 19 26 0.292
868 67 18 22 0.276
104 91 13 16 0.247
521 110 18 21 0.234
290 69 16 20 0.224
702 60 15 18 0.221
0 125 7 26 0.207
509 94 9 11 0.205
645 147 19 24 0.188
822 91 18 27 0.159
743 145 19 26 0.155
56 169 26 26 0.152
824 98 20 24 0.137
2 179 24 28 0.136
206 69 15 19 0.124
813 126 23 30 0.107
650 13 19 25 0.106
1000 47 16 20 0.102
821 85 18 21 0.102
456 160 21 26 0.102
729 142 27 26 0.090
173 127 17 21 0.090
628 154 24 26 0.083
903 51 18 24 0.081
867 136 23 29 0.077
526 107 20 25 0.076
857 37 14 18 0.075
952 117 23 30 0.073
607 100 18 24 0.071
14 191 19 23 0.067
462 163 21 26 0.064
996 130 23 31 0.058
950 16 14 15 0.056
717 146 23 26 0.053
502 43 16 20 0.052
253 158 19 26 0.050
602 86 17 26 0.045
901 49 16 18 0.044
323 59 15 20 0.042
481 101 17 25 0.041
913 46 21 22 0.041
805 122 30 28 0.041
767 108 23 26 0.040
706 66 13 16 0.038
379 44 12 14 0.038
860 41 14 16 0.038
777 46 13 16 0.037
501 125 15 18 0.037
992 130 20 24 0.035
595 80 18 22 0.033
463 150 26 33 0.032
696 59 19 22 0.031
942 148 22 26 0.030
323 160 18 23 0.029
55 112 16 24 0.029
799 90 17 20 0.029
905 59 19 21 0.029
38 97 14 18 0.028
669 159 20 25 0.027
473 159 23 32 0.026
839 89 18 22 0.025
804 133 24 30 0.025
399 172 17 23 0.024
526 104 11 16 0.023
491 116 20 32 0.023
484 94 15 24 0.023
393 163 19 23 0.023
483 133 23 32 0.023
467 126 21 26 0.022
602 81 16 21 0.022
610 146 24 34 0.021
993 38 21 31 0.021
