21_Festival_Festival_21_281
160
401 209 52 58 0.845
830 191 24 26 0.717
991 188 14 16 0.714
911 152 14 17 0.694
863 157 12 16 0.689
535 188 13 15 0.668
223 186 22 25 0.662
983 172 14 15 0.646
957 160 14 16 0.616
1004 164 11 13 0.611
818 156 12 13 0.585
145 174 17 20 0.517
575 162 8 9 0.504
647 159 9 11 0.501
892 158 11 15 0.469
350 198 24 33 0.424
728 164 10 12 0.420
480 218 17 20 0.420
114 195 14 16 0.399
801 166 10 11 0.378
627 162 8 10 0.369
607 169 7 9 0.355
766 169 8 10 0.354
639 188 9 13 0.334
711 157 9 11 0.320
733 205 14 19 0.317
949 153 13 15 0.315
701 208 14 17 0.286
518 193 10 13 0.281
688 166 9 11 0.280
103 172 12 14 0.278
328 201 11 13 0.273
677 151 7 9 0.269
665 150 9 10 0.255
874 153 14 15 0.231
877 152 17 13 0.227
745 166 9 11 0.221
48 194 9 10 0.216
690 162 9 10 0.212
794 160 10 13 0.210
683 163 16 12 0.201
835 159 10 11 0.198
866 155 20 13 0.197
249 172 9 11 0.190
773 181 9 11 0.181
989 180 14 27 0.179
192 173 9 11 0.174
406 177 8 9 0.173
710 149 9 10 0.172
674 161 10 11 0.171
69 202 24 15 0.163
804 166 10 12 0.158
880 150 9 12 0.157
79 201 17 19 0.155
514 155 7 8 0.149
795 164 19 12 0.148
70 202 13 13 0.135
676 149 9 22 0.126
747 161 9 11 0.123
646 159 18 10 0.119
299 175 9 10 0.111
896 149 10 12 0.108
663 151 21 11 0.098
570 190 10 12 0.097
434 198 16 16 0.094
798 166 9 11 0.093
325 196 11 13 0.092
720 146 8 9 0.088
466 218 16 18 0.087
616 163 23 12 0.084
638 179 11 29 0.082
283 194 11 11 0.081
990 162 9 10 0.078
429 172 8 9 0.078
612 151 8 10 0.077
423 157 7 8 0.075
70 181 9 11 0.073
39 167 8 10 0.073
440 191 11 11 0.072
554 145 8 7 0.069
573 149 7 12 0.067
782 161 22 11 0.065
428 197 21 22 0.062
722 145 8 8 0.062
575 146 8 9 0.061
430 169 9 10 0.061
614 149 9 9 0.060
540 148 7 8 0.060
230 188 17 19 0.059
766 171 14 20 0.059
461 165 9 11 0.059
683 170 12 12 0.058
615 213 14 15 0.058
370 162 7 8 0.056
655 171 11 12 0.055
760 181 10 11 0.055
761 171 9 20 0.054
967 185 11 13 0.054
250 170 12 13 0.054
473 194 11 12 0.053
937 202 13 15 0.052
83 206 16 18 0.050
778 159 20 10 0.049
77 166 14 13 0.048
1009 161 10 14 0.047
389 167 8 10 0.047
89 173 28 12 0.046
834 161 17 11 0.046
613 148 11 21 0.045
837 159 36 53 0.044
318 213 17 14 0.041
69 176 8 26 0.041
347 197 14 17 0.039
662 169 14 13 0.039
793 149 8 10 0.038
960 163 14 22 0.038
26 146 8 9 0.037
938 153 19 13 0.037
472 214 24 26 0.036
325 200 38 19 0.035
724 175 10 12 0.035
117 192 15 16 0.034
632 171 11 17 0.034
231 172 16 34 0.034
600 210 13 14 0.034
347 160 9 8 0.033
668 205 12 17 0.032
138 156 9 9 0.032
324 211 13 17 0.032
196 175 10 13 0.032
390 162 7 8 0.031
618 212 17 17 0.031
315 193 15 9 0.030
72 171 15 23 0.029
245 173 15 16 0.028
259 189 13 12 0.028
608 149 7 8 0.028
513 153 6 6 0.028
83 168 24 12 0.027
640 157 23 18 0.026
148 210 14 18 0.026
312 214 13 15 0.026
388 165 8 17 0.026
842 201 19 20 0.026
488 180 9 15 0.025
232 162 11 20 0.024
523 184 11 16 0.023
679 208 30 22 0.023
359 162 10 8 0.023
611 215 32 20 0.023
558 146 24 7 0.023
56 140 7 13 0.023
668 159 34 18 0.023
629 227 16 17 0.023
708 152 12 14 0.023
576 193 10 11 0.022
706 209 15 18 0.022
581 144 7 9 0.022
614 171 12 9 0.021
345 204 21 26 0.021
