21_Festival_Festival_21_842
146
691 217 27 32 0.834
610 41 17 22 0.797
440 42 18 23 0.790
384 92 21 26 0.788
619 122 22 24 0.781
920 181 17 22 0.781
487 44 19 23 0.774
889 146 15 20 0.769
892 98 16 19 0.761
661 212 24 28 0.761
961 191 15 21 0.751
536 221 24 28 0.749
324 96 21 24 0.741
994 70 14 19 0.726
866 101 15 20 0.724
580 19 16 19 0.721
58 105 21 24 0.720
984 182 16 20 0.719
270 90 21 23 0.717
340 38 17 22 0.717
927 139 16 20 0.713
976 110 15 18 0.699
848 31 15 19 0.699
155 223 26 31 0.699
989 38 16 20 0.697
815 91 18 21 0.696
574 138 22 24 0.696
302 25 21 27 0.695
893 33 16 18 0.692
926 37 15 18 0.690
864 131 16 20 0.680
360 30 17 21 0.676
951 73 15 18 0.674
498 103 20 23 0.672
755 30 14 19 0.670
901 72 16 18 0.658
822 22 16 20 0.657
359 132 20 24 0.654
926 63 15 18 0.653
951 33 17 20 0.651
579 41 18 22 0.651
788 100 17 21 0.650
767 89 17 20 0.641
969 75 13 17 0.636
532 45 17 20 0.635
879 187 18 25 0.629
441 118 21 23 0.628
698 91 19 21 0.627
833 97 16 20 0.616
971 140 17 20 0.616
698 21 16 19 0.597
731 94 16 21 0.587
780 175 24 27 0.582
551 11 17 19 0.577
643 13 17 19 0.552
657 53 17 22 0.542
744 137 16 19 0.513
661 16 15 19 0.512
758 156 19 24 0.509
334 18 16 20 0.500
633 88 17 21 0.476
996 113 11 15 0.434
774 140 15 18 0.409
511 12 15 17 0.409
800 76 16 19 0.395
765 62 15 19 0.372
114 37 23 24 0.366
166 72 18 24 0.359
423 12 17 18 0.317
75 15 17 19 0.308
340 34 35 21 0.273
142 18 17 21 0.266
952 23 14 20 0.263
459 215 22 26 0.252
953 74 24 17 0.245
865 95 15 39 0.237
664 93 17 19 0.229
605 12 14 17 0.219
854 101 30 19 0.211
447 12 17 18 0.209
940 126 13 17 0.190
982 199 17 19 0.179
766 72 17 40 0.173
195 42 13 14 0.167
121 64 22 25 0.153
705 89 18 20 0.149
766 94 25 21 0.139
920 64 33 19 0.136
503 33 16 20 0.135
825 134 16 20 0.127
678 50 17 19 0.127
963 194 18 23 0.122
982 12 12 14 0.119
61 14 21 20 0.114
656 60 18 23 0.109
862 184 17 25 0.105
117 36 23 41 0.103
846 75 14 17 0.100
318 14 18 20 0.099
756 61 18 21 0.096
801 47 15 19 0.092
13 206 10 19 0.091
732 87 15 18 0.090
869 188 20 27 0.085
143 41 19 20 0.082
53 233 14 18 0.080
458 217 25 47 0.080
951 18 14 15 0.079
414 58 15 18 0.075
459 238 22 31 0.073
986 28 15 27 0.066
405 180 21 26 0.058
695 20 15 17 0.057
506 25 16 20 0.052
504 41 16 19 0.048
820 47 17 22 0.048
471 78 23 24 0.046
989 113 15 18 0.045
130 297 25 27 0.045
860 169 17 38 0.041
801 40 27 27 0.040
458 246 27 39 0.040
428 16 23 17 0.040
752 61 14 18 0.038
705 22 13 17 0.036
825 52 18 21 0.035
800 57 29 60 0.033
891 171 16 24 0.033
861 163 15 22 0.030
758 25 14 19 0.030
779 205 29 30 0.029
841 72 14 20 0.029
650 14 27 23 0.029
73 29 18 24 0.026
979 16 15 17 0.026
819 176 19 23 0.025
478 15 13 16 0.025
888 176 15 23 0.025
825 128 15 19 0.023
750 69 15 20 0.023
800 54 14 20 0.023
415 12 20 17 0.022
576 133 19 22 0.022
36 231 13 18 0.022
924 75 14 18 0.020
668 82 16 22 0.020
