21_Festival_Festival_21_37
200
61 318 13 16 0.589
238 309 11 15 0.544
792 290 8 10 0.541
806 389 16 23 0.532
120 371 13 20 0.454
23 379 16 22 0.437
74 453 17 30 0.414
982 292 10 12 0.408
981 313 10 13 0.383
128 424 16 27 0.343
439 429 16 20 0.340
979 329 12 15 0.338
716 347 13 16 0.336
815 440 17 24 0.316
735 363 12 17 0.302
960 266 8 10 0.265
904 329 11 15 0.257
862 287 8 10 0.256
28 286 9 11 0.245
790 270 8 9 0.230
953 299 11 14 0.226
62 381 13 19 0.225
88 372 14 19 0.222
394 309 10 13 0.215
814 274 8 9 0.203
941 322 11 14 0.199
899 294 10 13 0.198
15 277 9 10 0.195
65 305 11 12 0.194
667 313 9 10 0.193
10 531 26 44 0.185
1010 263 9 10 0.176
70 410 15 21 0.174
0 423 10 24 0.173
961 297 11 13 0.171
552 307 12 17 0.166
652 358 15 17 0.159
10 336 14 20 0.156
138 291 9 12 0.152
747 291 9 11 0.148
394 403 15 22 0.146
505 409 18 20 0.143
766 263 7 9 0.142
108 293 10 13 0.141
786 306 10 12 0.141
835 280 8 10 0.137
239 280 8 10 0.132
976 330 13 18 0.125
970 346 12 15 0.123
737 367 13 19 0.120
983 291 9 31 0.118
2 272 8 10 0.116
249 569 23 34 0.114
909 245 7 9 0.113
722 354 25 23 0.105
69 282 10 12 0.103
819 259 8 9 0.102
347 290 8 12 0.100
994 340 12 18 0.099
105 276 9 10 0.099
728 360 16 17 0.096
923 279 9 10 0.094
562 270 8 11 0.088
903 327 21 18 0.087
986 261 7 8 0.086
484 284 8 11 0.085
867 304 10 13 0.084
79 283 9 11 0.084
1 312 9 15 0.084
704 277 7 8 0.082
963 299 13 17 0.080
741 263 8 11 0.080
562 343 13 17 0.079
941 275 9 11 0.078
83 318 10 12 0.077
713 425 16 25 0.076
925 254 8 9 0.075
265 276 7 9 0.074
646 360 14 19 0.073
30 270 8 15 0.072
74 319 16 14 0.072
146 363 15 23 0.071
682 325 9 11 0.071
36 317 9 12 0.070
770 288 11 10 0.070
661 312 16 12 0.069
979 312 11 37 0.068
28 275 17 9 0.068
1011 256 8 17 0.066
787 424 15 25 0.065
267 337 15 17 0.065
869 262 8 9 0.063
298 357 11 17 0.062
527 251 8 9 0.059
225 362 13 17 0.058
164 312 10 14 0.058
294 409 14 22 0.058
0 298 7 12 0.057
136 364 17 21 0.057
28 273 11 25 0.057
64 266 8 15 0.057
526 274 10 12 0.057
460 257 8 10 0.057
654 419 14 23 0.056
885 328 13 17 0.056
824 294 9 12 0.055
882 332 14 14 0.055
981 311 13 30 0.051
540 243 7 9 0.051
678 321 10 13 0.050
614 241 7 13 0.050
998 329 10 14 0.050
14 271 10 18 0.049
510 276 9 11 0.048
68 274 9 20 0.048
1 299 8 26 0.048
836 279 13 11 0.047
992 345 10 14 0.046
738 277 9 12 0.045
1013 248 9 12 0.044
217 327 11 13 0.044
685 263 9 8 0.044
790 293 14 22 0.044
124 312 12 15 0.044
612 242 7 9 0.043
595 275 12 11 0.043
6 250 7 8 0.042
291 313 10 13 0.042
22 300 10 11 0.041
937 292 10 12 0.041
849 316 12 15 0.041
84 275 17 12 0.040
177 304 9 13 0.040
744 268 7 25 0.040
789 416 17 35 0.039
730 284 9 10 0.039
591 272 14 13 0.038
837 251 7 8 0.038
377 263 9 11 0.038
319 282 8 12 0.037
96 298 11 14 0.037
526 379 13 20 0.037
743 257 6 29 0.036
274 291 10 15 0.035
792 305 11 13 0.035
643 318 10 12 0.034
1008 308 11 13 0.034
786 416 13 21 0.033
760 239 10 8 0.032
939 265 9 20 0.032
76 358 20 65 0.032
888 326 11 12 0.032
654 312 10 12 0.032
515 410 15 19 0.031
257 293 10 12 0.031
86 321 12 20 0.031
73 279 23 11 0.031
479 237 8 9 0.030
834 251 13 8 0.030
871 256 8 24 0.030
89 267 9 22 0.029
405 352 14 18 0.029
505 244 6 8 0.029
817 253 8 12 0.028
408 273 8 12 0.028
933 274 19 14 0.028
294 309 11 13 0.028
824 299 10 14 0.028
612 245 13 7 0.027
440 307 10 14 0.027
556 267 13 12 0.027
893 300 13 14 0.027
826 313 11 15 0.027
234 281 13 10 0.027
861 282 11 26 0.026
272 339 14 16 0.026
222 415 18 28 0.026
587 269 14 15 0.026
204 144 9 9 0.026
7 245 7 20 0.025
678 263 15 8 0.025
220 360 14 18 0.024
221 328 10 12 0.024
756 267 12 30 0.024
1013 281 9 14 0.024
868 456 16 30 0.024
199 304 9 11 0.023
352 276 9 11 0.023
136 335 10 16 0.023
1 538 23 50 0.023
159 309 11 13 0.023
575 282 11 13 0.022
874 273 11 21 0.022
764 272 19 27 0.021
705 262 10 29 0.021
610 284 9 10 0.021
16 277 20 24 0.021
548 311 12 15 0.021
92 368 11 17 0.020
957 327 30 33 0.020
