21_Festival_Festival_21_185
77
15 627 24 30 0.577
446 425 12 14 0.555
557 424 13 15 0.522
649 615 33 32 0.434
572 429 10 12 0.314
354 392 10 11 0.248
451 461 12 15 0.242
511 581 24 27 0.221
562 426 15 15 0.197
369 403 10 11 0.169
383 403 12 13 0.143
304 478 16 18 0.142
173 451 13 15 0.096
307 410 12 13 0.095
36 440 19 21 0.094
534 572 22 29 0.094
362 425 10 13 0.079
275 422 13 15 0.078
24 342 14 17 0.078
330 546 14 18 0.075
246 415 9 12 0.073
145 460 12 13 0.068
245 395 11 12 0.067
187 419 11 13 0.064
198 386 11 13 0.061
538 566 19 26 0.060
63 325 13 15 0.057
357 389 11 12 0.056
487 432 12 12 0.055
278 425 12 15 0.054
387 405 14 13 0.053
212 443 13 14 0.051
655 622 31 32 0.051
692 539 23 24 0.050
368 433 12 14 0.048
245 401 10 17 0.047
385 406 11 13 0.046
193 388 14 12 0.046
365 492 12 15 0.044
45 368 13 15 0.044
174 87 16 20 0.044
200 381 11 12 0.042
523 424 10 12 0.041
440 460 15 16 0.039
466 402 10 12 0.038
410 392 10 12 0.034
741 540 23 26 0.034
372 439 11 14 0.033
369 381 10 13 0.033
472 390 12 11 0.033
463 399 10 17 0.032
279 398 9 11 0.031
406 415 11 12 0.030
404 412 11 12 0.029
559 420 13 15 0.029
144 480 13 14 0.028
515 387 9 10 0.027
204 444 14 15 0.027
424 397 11 12 0.027
307 403 10 11 0.026
125 487 16 21 0.026
649 533 19 24 0.025
203 436 14 17 0.025
367 366 9 13 0.025
318 421 12 13 0.024
275 402 11 11 0.024
342 491 11 14 0.024
466 391 13 18 0.024
169 416 13 13 0.024
337 455 11 13 0.023
455 417 11 11 0.023
342 362 9 10 0.023
1 363 11 13 0.022
314 417 14 15 0.022
203 378 9 11 0.022
64 352 13 17 0.021
429 395 12 12 0.021
