21_Festival_Festival_21_882
61
157 127 18 23 0.739
279 85 18 22 0.702
543 97 18 21 0.670
395 88 17 19 0.658
607 80 16 20 0.647
545 54 16 19 0.628
622 60 13 16 0.612
110 127 21 23 0.594
159 104 16 20 0.541
556 357 37 39 0.506
916 37 14 18 0.468
682 45 12 14 0.413
722 339 29 38 0.374
580 49 13 14 0.374
659 92 17 19 0.339
759 53 16 18 0.333
764 48 16 17 0.331
662 50 12 15 0.307
850 51 15 17 0.278
810 54 12 14 0.144
609 59 18 45 0.133
730 43 16 19 0.127
633 45 14 15 0.126
826 90 12 15 0.104
665 45 33 15 0.102
641 47 12 15 0.101
758 57 14 19 0.100
856 58 16 18 0.090
795 46 12 15 0.086
770 53 12 14 0.084
805 48 17 17 0.083
810 74 11 14 0.076
434 375 35 41 0.073
624 89 15 17 0.061
735 38 13 16 0.060
865 67 13 15 0.060
738 39 14 15 0.053
841 44 24 19 0.048
660 84 17 19 0.043
913 40 14 20 0.042
542 52 16 18 0.035
815 77 18 18 0.034
631 47 50 15 0.031
629 43 13 13 0.031
496 356 40 46 0.031
716 350 28 37 0.029
396 93 18 21 0.029
712 73 15 18 0.028
656 97 17 18 0.028
553 368 34 39 0.028
725 48 16 15 0.027
803 44 35 47 0.026
708 76 14 19 0.026
756 77 17 18 0.024
686 41 13 15 0.024
748 83 15 18 0.023
563 350 36 37 0.023
763 75 18 17 0.022
129 113 53 24 0.022
417 115 18 18 0.022
852 45 20 19 0.020
