21_Festival_Festival_21_214
98
266 405 22 28 0.753
352 426 24 28 0.733
838 406 13 17 0.565
93 426 11 14 0.526
627 420 10 14 0.482
766 425 9 11 0.478
863 438 23 36 0.432
26 414 12 15 0.370
850 417 11 14 0.360
502 470 24 35 0.300
55 410 13 16 0.264
666 430 10 9 0.242
574 415 8 9 0.234
66 520 11 12 0.162
979 397 19 25 0.149
663 430 9 10 0.147
319 425 9 9 0.121
1013 404 11 19 0.116
68 435 11 15 0.114
61 403 9 10 0.109
590 422 8 8 0.108
511 414 17 22 0.100
670 427 14 11 0.092
237 406 11 14 0.078
658 429 17 10 0.078
62 520 11 12 0.070
419 420 31 53 0.065
603 423 7 7 0.065
27 412 51 17 0.064
727 433 7 9 0.063
385 425 17 18 0.062
236 432 13 16 0.060
43 416 12 16 0.058
190 408 12 12 0.057
320 423 10 9 0.054
63 425 16 26 0.053
483 403 10 12 0.052
625 421 24 10 0.052
413 414 15 21 0.052
998 422 19 23 0.051
988 417 17 24 0.049
515 412 19 27 0.049
690 422 8 9 0.049
545 423 11 17 0.048
56 414 13 18 0.047
992 420 20 23 0.047
113 427 10 13 0.046
644 422 8 8 0.046
297 406 12 14 0.046
138 412 8 9 0.044
785 430 9 12 0.043
449 405 33 28 0.043
598 422 14 8 0.043
162 414 9 9 0.042
987 400 26 39 0.042
519 408 18 20 0.040
548 423 14 14 0.039
989 402 29 24 0.037
212 407 14 14 0.037
1005 427 16 24 0.037
980 385 30 36 0.037
88 415 10 22 0.035
477 403 13 13 0.035
159 416 10 12 0.034
787 433 9 9 0.033
325 422 10 11 0.033
0 461 8 17 0.031
989 396 20 25 0.029
379 420 32 23 0.029
361 418 31 28 0.028
852 417 14 19 0.028
977 373 25 35 0.027
970 383 25 36 0.027
318 423 12 15 0.027
509 416 11 13 0.027
139 413 9 11 0.026
191 427 13 14 0.026
913 421 22 29 0.026
783 427 14 13 0.026
83 415 11 11 0.026
527 408 15 16 0.026
161 415 11 14 0.025
918 414 21 31 0.025
910 423 16 27 0.025
0 414 8 15 0.025
315 438 9 12 0.023
24 412 16 25 0.023
681 421 9 9 0.022
235 401 16 42 0.022
761 423 8 9 0.022
70 520 10 10 0.022
469 403 26 16 0.022
56 518 11 12 0.021
517 422 19 23 0.021
183 414 11 16 0.021
766 444 8 9 0.021
204 414 14 13 0.020
195 408 30 14 0.020
