21_Festival_Festival_21_198
67
158 345 19 23 0.758
505 412 30 30 0.447
708 395 23 27 0.266
686 396 31 33 0.264
467 419 19 22 0.257
763 413 23 30 0.245
696 394 28 29 0.244
465 382 19 22 0.236
417 352 16 21 0.215
639 460 18 21 0.198
573 405 25 33 0.181
369 358 20 20 0.178
679 399 25 29 0.164
315 335 18 22 0.144
422 382 16 21 0.131
502 411 22 25 0.113
494 417 21 27 0.103
364 358 17 21 0.092
716 397 20 26 0.090
223 448 10 12 0.084
627 370 25 27 0.079
718 360 25 27 0.070
377 354 18 22 0.065
763 427 21 26 0.059
493 424 18 25 0.054
441 371 16 23 0.050
559 395 21 27 0.047
434 363 18 24 0.045
429 371 27 25 0.045
917 356 27 36 0.043
761 423 18 24 0.043
493 409 20 27 0.042
399 372 18 23 0.042
495 405 26 28 0.041
803 353 24 29 0.041
396 331 17 18 0.039
488 345 24 33 0.038
461 418 19 21 0.038
847 388 22 29 0.036
846 343 19 24 0.036
536 195 10 9 0.036
765 401 22 32 0.035
644 453 23 24 0.034
810 359 21 27 0.033
377 342 31 37 0.032
638 379 30 29 0.031
842 394 23 29 0.031
726 364 21 23 0.030
624 342 20 27 0.029
564 402 24 29 0.029
337 358 17 22 0.029
321 339 17 20 0.028
338 357 29 25 0.027
463 381 42 39 0.027
654 436 22 30 0.026
710 422 22 27 0.025
353 373 16 21 0.025
341 353 16 20 0.023
863 361 19 22 0.023
720 406 24 27 0.022
765 423 26 25 0.021
908 357 26 35 0.021
717 356 20 23 0.021
705 418 20 26 0.020
834 419 20 28 0.020
659 446 19 25 0.020
416 382 73 22 0.020
