21_Festival_Festival_21_89
299
909 428 15 19 0.531
567 426 8 10 0.510
854 455 15 18 0.478
598 470 10 12 0.470
535 439 9 11 0.397
945 447 14 17 0.386
189 433 16 19 0.377
687 425 10 12 0.363
652 382 8 9 0.358
582 427 8 9 0.357
1001 421 11 13 0.354
626 434 10 12 0.353
564 447 9 10 0.338
632 496 12 15 0.338
963 453 12 16 0.328
596 413 9 10 0.325
627 397 7 9 0.324
659 401 8 10 0.310
644 398 7 9 0.308
691 375 8 9 0.307
871 481 17 23 0.307
450 410 9 10 0.305
667 386 7 9 0.304
774 465 10 13 0.298
511 388 8 9 0.294
653 445 9 12 0.278
682 390 7 9 0.273
502 413 10 11 0.265
370 590 13 16 0.263
568 473 10 12 0.246
566 392 8 9 0.240
474 411 9 11 0.238
693 408 10 10 0.229
1009 574 15 44 0.227
282 415 12 13 0.212
450 440 13 14 0.208
549 446 8 10 0.198
755 380 7 9 0.197
735 394 9 10 0.193
650 459 10 11 0.191
828 585 22 35 0.191
806 404 10 10 0.189
409 421 11 13 0.188
459 399 8 10 0.187
577 427 15 8 0.173
825 475 11 13 0.172
551 481 11 13 0.170
831 387 9 9 0.167
792 691 35 25 0.166
785 385 8 9 0.163
840 451 12 15 0.160
904 542 21 28 0.155
295 381 13 12 0.155
539 395 9 10 0.152
537 477 9 11 0.149
844 391 9 11 0.147
613 380 7 8 0.147
943 448 25 18 0.144
643 423 9 12 0.143
433 415 9 10 0.139
720 412 10 11 0.138
599 456 10 12 0.137
621 451 10 12 0.137
563 394 8 8 0.135
676 370 7 9 0.129
43 366 12 14 0.129
530 414 13 12 0.120
495 415 10 10 0.119
612 419 8 16 0.119
627 408 8 15 0.117
415 450 11 13 0.117
470 444 17 16 0.113
722 392 8 12 0.111
597 460 10 14 0.109
356 416 15 16 0.108
535 396 9 11 0.107
348 415 14 15 0.105
572 494 11 14 0.105
889 375 10 12 0.105
701 410 15 11 0.104
593 432 10 17 0.104
993 444 18 20 0.101
70 690 15 24 0.101
452 450 12 16 0.101
717 394 12 10 0.101
620 454 10 13 0.100
677 404 13 14 0.098
610 425 9 15 0.097
960 493 21 24 0.095
703 364 7 8 0.095
528 391 8 11 0.094
648 422 18 10 0.093
541 506 12 15 0.093
580 372 9 10 0.093
949 382 9 12 0.090
925 394 12 15 0.089
566 425 8 35 0.088
772 464 13 25 0.088
373 379 10 10 0.088
498 394 10 12 0.086
451 446 13 17 0.086
682 374 20 8 0.085
631 501 11 20 0.084
741 414 13 10 0.084
486 380 9 14 0.084
0 0 388 315 0.083
451 412 10 11 0.081
639 430 11 17 0.081
765 483 22 16 0.080
535 408 10 20 0.080
749 381 15 10 0.079
593 435 27 10 0.079
536 481 13 13 0.078
564 511 12 20 0.078
987 420 11 12 0.077
548 445 26 11 0.077
194 378 12 15 0.075
573 382 9 12 0.074
779 483 12 24 0.072
379 426 10 11 0.072
670 408 14 19 0.071
360 419 15 17 0.071
783 384 17 10 0.070
761 485 14 17 0.070
517 414 10 12 0.069
701 446 16 10 0.069
670 437 11 13 0.068
408 412 11 24 0.067
709 443 10 12 0.067
807 370 8 9 0.067
1007 567 17 31 0.066
598 563 16 20 0.066
707 484 13 17 0.066
669 528 12 15 0.066
720 360 9 10 0.065
862 388 10 12 0.065
934 440 12 16 0.065
594 377 8 9 0.064
747 431 11 12 0.064
824 371 8 9 0.064
680 386 8 29 0.063
477 442 12 14 0.063
545 523 13 15 0.063
566 519 13 15 0.063
656 421 28 10 0.062
706 408 7 21 0.062
735 429 13 13 0.061
705 435 11 24 0.061
682 425 13 17 0.061
696 445 16 11 0.061
711 476 12 16 0.060
490 416 8 16 0.059
670 447 15 15 0.059
453 444 29 18 0.059
764 417 10 11 0.059
999 422 15 19 0.057
620 369 7 9 0.056
407 405 10 10 0.055
644 395 8 27 0.055
775 469 13 20 0.055
566 474 12 25 0.054
786 414 10 12 0.053
676 449 13 13 0.053
956 499 23 27 0.053
30 693 18 21 0.051
930 515 17 19 0.049
824 520 19 20 0.048
539 370 8 17 0.047
769 395 9 20 0.046
1006 367 10 12 0.046
965 383 11 13 0.046
617 363 7 24 0.045
597 625 16 28 0.045
782 407 13 16 0.045
355 409 15 18 0.045
568 448 25 11 0.045
431 411 31 10 0.044
436 567 15 18 0.044
282 417 14 16 0.043
715 413 31 10 0.043
632 519 11 23 0.042
699 363 12 8 0.042
618 411 19 14 0.042
768 404 10 19 0.042
543 508 24 16 0.041
933 378 10 10 0.041
769 383 8 18 0.041
455 421 11 11 0.041
781 401 11 15 0.040
635 495 12 15 0.040
107 421 8 8 0.040
623 440 10 24 0.040
829 387 19 15 0.040
544 503 14 14 0.040
361 425 29 12 0.039
413 420 17 13 0.039
166 423 14 16 0.039
542 372 6 38 0.038
408 433 11 16 0.037
594 540 13 16 0.037
750 343 7 10 0.037
923 397 12 14 0.037
565 365 8 24 0.037
601 363 9 23 0.036
536 359 14 13 0.036
943 460 16 26 0.036
151 456 15 24 0.036
46 365 10 12 0.036
378 379 11 10 0.036
853 452 19 27 0.035
634 532 12 16 0.035
593 560 14 18 0.035
369 380 11 11 0.035
357 406 12 13 0.035
592 549 11 26 0.034
870 402 10 11 0.034
737 363 8 24 0.034
450 404 28 18 0.034
444 439 15 14 0.034
605 405 9 11 0.033
801 402 11 12 0.033
766 567 16 27 0.033
375 422 11 24 0.032
906 395 12 15 0.032
550 463 9 22 0.032
799 388 23 10 0.032
705 486 12 22 0.032
872 490 15 19 0.031
403 404 16 10 0.031
485 426 10 22 0.031
705 362 6 28 0.031
616 465 10 10 0.031
792 404 28 12 0.030
508 457 10 12 0.030
681 514 15 18 0.030
706 391 11 28 0.030
1000 443 16 20 0.030
779 362 9 13 0.029
644 705 35 11 0.029
780 493 13 14 0.029
584 441 21 25 0.029
941 466 14 21 0.029
864 387 25 12 0.029
469 448 13 15 0.029
695 548 13 20 0.029
577 371 29 12 0.029
631 507 16 25 0.028
718 340 8 9 0.028
384 464 13 15 0.028
497 518 14 20 0.027
814 405 19 10 0.027
714 430 11 22 0.027
455 452 16 15 0.027
624 427 12 27 0.027
933 381 15 14 0.027
840 369 10 11 0.026
946 362 9 13 0.026
564 423 9 11 0.026
731 417 13 26 0.026
686 419 11 22 0.026
494 515 18 14 0.025
519 543 12 16 0.025
477 374 18 10 0.025
876 391 18 14 0.025
707 377 8 32 0.025
682 353 7 16 0.025
521 534 15 21 0.025
668 453 10 10 0.025
750 399 27 10 0.024
623 459 24 12 0.024
362 443 13 16 0.024
975 363 10 13 0.024
411 399 10 69 0.024
736 376 20 12 0.024
741 415 17 32 0.023
1011 352 10 12 0.023
546 528 14 17 0.023
960 459 17 20 0.023
362 430 12 29 0.023
487 370 12 24 0.022
630 339 7 27 0.022
909 388 12 15 0.022
531 683 21 32 0.022
372 568 13 28 0.022
997 340 8 10 0.022
825 405 10 13 0.022
505 457 19 12 0.022
704 505 14 17 0.021
830 485 19 18 0.021
495 530 15 18 0.021
531 438 11 26 0.021
175 395 14 15 0.021
1018 329 6 15 0.021
574 457 17 25 0.021
461 362 8 10 0.021
107 648 15 21 0.021
442 566 14 18 0.020
445 467 11 14 0.020
642 463 9 10 0.020
