21_Festival_Festival_21_485
59
376 298 91 114 0.874
225 330 90 114 0.865
116 379 24 37 0.618
975 351 13 20 0.365
620 365 12 13 0.280
675 351 13 17 0.267
89 364 18 24 0.265
652 369 10 14 0.233
716 369 16 17 0.232
532 299 8 10 0.182
518 372 15 17 0.167
806 352 10 12 0.156
75 378 16 23 0.148
490 301 8 9 0.137
713 367 11 15 0.121
959 361 12 15 0.119
454 380 42 52 0.109
0 351 23 56 0.107
780 372 9 11 0.097
85 370 19 24 0.084
564 363 11 12 0.077
736 360 13 14 0.076
1005 365 12 16 0.076
645 367 18 15 0.073
99 342 15 17 0.073
672 353 11 13 0.068
967 358 13 18 0.064
672 351 26 18 0.061
170 357 14 21 0.060
75 374 23 22 0.059
728 365 17 19 0.058
843 367 15 21 0.057
906 362 16 22 0.054
751 362 12 16 0.053
724 360 25 15 0.051
781 370 10 12 0.047
0 346 16 45 0.044
738 362 17 19 0.043
568 362 9 13 0.040
656 368 9 13 0.039
96 341 16 25 0.036
680 352 13 15 0.034
724 371 13 16 0.031
710 366 10 14 0.031
510 369 18 23 0.031
802 350 17 16 0.031
812 348 13 14 0.030
544 369 13 14 0.029
602 371 12 13 0.028
973 356 14 19 0.028
548 366 14 12 0.028
917 362 16 19 0.027
722 355 11 12 0.023
113 355 13 18 0.023
106 346 14 18 0.022
148 347 15 19 0.021
93 348 29 29 0.021
521 377 16 16 0.021
593 349 9 12 0.020
