21_Festival_Festival_21_106
198
322 324 39 45 0.853
353 529 53 61 0.848
285 381 51 62 0.847
230 321 36 39 0.847
53 433 68 74 0.843
175 512 67 72 0.837
390 300 35 38 0.821
465 466 50 58 0.812
665 335 35 47 0.810
135 340 41 49 0.808
819 331 23 29 0.804
199 284 31 35 0.798
457 273 26 31 0.791
115 305 25 28 0.791
386 425 29 43 0.789
893 265 20 24 0.760
788 281 23 33 0.757
976 308 18 23 0.757
528 376 43 44 0.756
695 254 17 20 0.745
261 258 21 25 0.744
488 258 17 19 0.741
286 261 22 27 0.738
755 269 16 20 0.732
147 280 20 22 0.731
433 269 17 21 0.730
253 294 22 27 0.729
470 248 15 16 0.727
404 272 16 20 0.721
716 257 14 16 0.717
854 268 19 24 0.715
802 247 13 17 0.714
959 251 15 19 0.714
50 275 18 20 0.712
19 292 41 41 0.710
982 270 18 20 0.709
1015 282 9 19 0.704
169 273 15 20 0.704
560 280 18 19 0.702
43 249 16 19 0.702
320 250 14 17 0.701
775 336 25 32 0.697
690 317 22 29 0.695
935 275 17 22 0.690
219 261 16 19 0.665
377 254 18 20 0.664
84 289 22 24 0.664
945 313 17 23 0.653
546 324 27 38 0.650
694 289 19 24 0.630
612 272 20 23 0.627
652 290 15 21 0.624
98 258 11 13 0.622
350 286 21 24 0.607
349 262 14 16 0.604
332 283 18 22 0.601
825 271 15 19 0.588
921 284 16 22 0.583
607 295 19 23 0.577
511 270 13 15 0.567
812 283 20 25 0.566
214 246 11 12 0.543
646 273 15 18 0.541
915 270 18 21 0.535
528 266 13 15 0.518
336 247 11 12 0.476
756 249 9 11 0.450
846 252 15 18 0.428
777 258 13 14 0.425
732 247 9 11 0.422
567 263 14 15 0.393
306 267 16 20 0.390
894 347 21 28 0.381
894 248 12 13 0.334
871 276 14 19 0.282
976 245 12 15 0.280
736 273 13 18 0.278
884 350 26 28 0.268
230 250 10 11 0.268
528 244 10 10 0.265
282 242 13 14 0.245
649 277 15 23 0.244
773 240 11 12 0.236
584 265 15 17 0.233
258 260 22 33 0.230
616 244 10 12 0.225
825 239 11 14 0.225
467 238 10 11 0.215
878 353 22 27 0.211
416 234 8 8 0.200
474 254 33 20 0.199
595 236 7 9 0.199
579 335 26 30 0.190
634 245 10 10 0.189
922 349 19 26 0.174
892 269 39 20 0.173
288 237 11 12 0.171
437 247 10 12 0.168
695 239 16 68 0.165
748 290 19 23 0.165
923 275 29 26 0.160
367 246 11 13 0.160
455 244 9 10 0.157
438 245 10 10 0.154
379 256 36 24 0.150
718 284 16 20 0.150
853 372 25 29 0.148
513 256 10 12 0.144
535 239 9 10 0.137
666 234 10 12 0.137
626 267 12 15 0.134
384 256 16 16 0.120
843 247 16 17 0.120
451 245 16 9 0.117
634 229 8 10 0.111
667 253 10 11 0.106
277 242 14 14 0.103
859 362 31 34 0.101
697 347 22 33 0.100
734 274 17 24 0.098
370 241 13 27 0.097
769 240 14 19 0.096
334 248 14 16 0.095
285 245 13 15 0.093
739 263 12 15 0.092
380 238 10 10 0.090
593 238 8 10 0.090
821 253 12 23 0.089
736 271 27 17 0.089
852 248 16 19 0.085
731 247 30 12 0.084
877 237 11 12 0.084
861 377 22 24 0.078
569 266 28 20 0.077
364 241 13 11 0.076
536 289 21 24 0.073
548 258 17 12 0.073
284 257 21 26 0.070
1002 311 15 23 0.070
635 230 9 14 0.069
888 246 19 19 0.068
847 368 22 30 0.067
715 244 9 10 0.066
251 243 14 13 0.066
250 244 9 10 0.066
450 260 12 15 0.064
1 286 11 24 0.064
666 241 10 23 0.062
633 229 8 28 0.058
551 244 10 24 0.058
414 250 10 11 0.057
98 261 14 19 0.056
530 264 16 14 0.055
820 259 20 16 0.053
365 242 22 9 0.052
550 244 11 10 0.050
366 248 15 15 0.049
986 243 13 13 0.049
860 239 14 14 0.049
249 246 13 11 0.048
868 238 21 11 0.046
669 235 12 12 0.042
579 232 8 18 0.042
536 284 17 22 0.038
529 242 12 14 0.037
268 238 18 15 0.036
1000 251 12 14 0.035
462 233 9 9 0.034
150 304 22 24 0.033
747 300 19 24 0.033
954 283 16 18 0.032
285 232 12 12 0.031
995 248 19 13 0.030
473 236 7 7 0.030
614 245 24 15 0.029
674 249 12 17 0.028
17 250 14 15 0.028
483 248 20 26 0.028
415 250 34 11 0.028
520 228 8 8 0.027
252 240 22 11 0.027
587 273 12 15 0.027
92 264 14 15 0.026
104 276 16 20 0.026
621 253 14 28 0.026
808 270 18 19 0.025
841 239 18 16 0.025
1014 407 10 31 0.024
533 280 15 18 0.024
535 387 39 42 0.024
724 287 20 21 0.023
351 264 15 18 0.022
576 230 12 9 0.022
964 337 15 19 0.021
643 267 12 18 0.021
946 241 14 12 0.021
898 248 12 15 0.021
555 245 23 22 0.020
