21_Festival_Festival_21_794
67
390 212 33 42 0.847
600 292 17 23 0.737
977 283 14 18 0.702
139 291 14 17 0.688
560 285 16 22 0.662
511 271 9 10 0.598
931 281 9 12 0.567
746 279 9 11 0.561
900 285 9 10 0.557
82 280 13 14 0.551
488 278 11 13 0.526
587 277 9 10 0.489
108 288 11 13 0.462
253 293 11 13 0.449
268 280 11 14 0.427
37 289 9 11 0.416
607 278 11 13 0.401
68 290 13 14 0.391
290 281 11 14 0.365
736 270 9 10 0.360
339 283 9 10 0.350
817 288 9 11 0.305
227 285 9 10 0.294
700 277 9 12 0.273
78 282 14 15 0.270
982 284 14 16 0.241
671 277 8 10 0.234
991 286 12 14 0.213
717 277 9 13 0.208
564 280 10 12 0.188
673 279 9 11 0.182
286 285 10 12 0.176
781 285 7 10 0.175
795 279 9 11 0.160
699 275 9 11 0.144
652 283 9 13 0.130
461 281 11 12 0.129
614 274 12 11 0.123
780 283 15 10 0.100
225 285 9 11 0.094
86 283 11 13 0.079
803 289 9 11 0.076
739 276 20 15 0.068
806 290 21 12 0.068
486 283 12 13 0.066
929 282 8 12 0.064
632 274 12 13 0.063
350 285 11 12 0.061
343 281 9 10 0.049
286 280 27 14 0.045
263 280 43 14 0.045
897 283 8 11 0.044
286 280 9 11 0.039
63 291 12 12 0.038
250 292 10 12 0.034
6 335 9 14 0.034
622 270 22 17 0.033
698 291 11 12 0.032
813 300 10 11 0.032
368 267 9 12 0.027
476 287 11 10 0.027
531 279 9 11 0.026
354 287 10 12 0.026
747 274 8 11 0.025
248 296 11 12 0.025
344 281 14 15 0.023
161 299 9 11 0.020
