1_Handshaking_Handshaking_1_941
37
654 94 30 36 0.788
291 54 34 39 0.786
199 14 33 45 0.785
97 29 32 40 0.775
568 39 31 41 0.765
119 92 30 41 0.715
879 38 36 46 0.710
469 34 33 42 0.701
332 5 33 38 0.686
973 106 30 36 0.650
217 177 35 39 0.646
406 1 33 30 0.630
680 12 26 34 0.614
756 94 25 32 0.602
0 25 16 40 0.432
589 2 27 22 0.424
936 52 24 30 0.329
0 5 17 31 0.288
987 4 25 27 0.260
866 12 31 39 0.174
813 6 29 30 0.170
951 14 24 32 0.128
490 3 32 23 0.118
536 90 32 36 0.075
0 45 11 50 0.064
11 121 33 37 0.061
308 168 34 36 0.061
0 156 10 36 0.046
869 7 29 30 0.040
926 16 25 31 0.039
871 22 38 42 0.034
830 6 24 23 0.029
446 0 28 21 0.028
635 0 38 33 0.027
474 235 32 33 0.027
443 174 27 30 0.022
121 0 47 16 0.021
