1_Handshaking_Handshaking_1_470
24
784 141 52 68 0.862
146 124 59 75 0.827
286 125 75 125 0.813
650 187 57 74 0.802
479 208 55 72 0.778
944 183 45 69 0.776
564 167 34 41 0.676
0 145 38 65 0.523
435 165 34 41 0.475
525 183 37 46 0.143
610 185 45 49 0.107
5 167 37 58 0.067
527 198 40 43 0.061
358 158 19 26 0.058
1 161 26 73 0.047
514 190 44 56 0.043
533 178 41 48 0.030
18 114 49 62 0.029
524 172 30 36 0.028
426 163 27 44 0.027
187 139 33 60 0.026
0 127 56 64 0.024
173 98 37 51 0.023
596 195 49 53 0.022
