1_Handshaking_Handshaking_1_772
31
267 280 41 56 0.823
397 272 42 52 0.808
524 270 38 49 0.799
775 282 44 56 0.794
612 295 38 50 0.767
879 280 42 56 0.742
677 302 38 50 0.730
86 258 43 53 0.512
1006 252 18 80 0.276
582 296 40 47 0.255
458 271 43 47 0.219
723 301 26 29 0.187
1007 288 17 53 0.156
102 264 36 52 0.132
702 300 38 40 0.115
1011 250 13 54 0.094
388 266 38 52 0.078
41 277 30 31 0.073
111 289 32 44 0.057
998 248 26 56 0.056
982 244 42 75 0.040
373 304 34 45 0.039
0 311 10 38 0.031
687 295 44 51 0.029
466 283 42 45 0.028
111 272 36 53 0.027
742 316 35 40 0.023
581 310 36 42 0.023
962 259 55 71 0.023
659 301 38 48 0.021
38 299 36 42 0.021
