57_Angler_peoplefishing_57_31
67
997 265 22 30 0.781
946 217 19 27 0.721
236 192 17 23 0.600
438 183 13 15 0.586
306 180 16 21 0.572
521 200 11 13 0.560
103 187 12 15 0.513
191 186 12 14 0.442
159 204 15 17 0.423
351 180 17 19 0.418
762 192 9 11 0.355
799 195 17 20 0.333
1010 196 11 15 0.306
135 218 15 16 0.294
927 198 11 14 0.280
162 192 14 18 0.238
356 174 13 17 0.207
960 196 17 18 0.152
970 196 15 18 0.138
974 192 18 20 0.137
390 185 9 11 0.127
133 216 24 17 0.106
979 189 18 20 0.103
140 213 13 17 0.094
848 195 9 11 0.092
829 210 11 14 0.092
285 186 12 17 0.090
195 187 13 15 0.089
349 185 15 16 0.067
415 188 10 13 0.066
787 216 16 18 0.065
997 183 10 17 0.062
155 192 40 26 0.062
987 185 15 19 0.061
790 207 17 23 0.061
785 180 10 12 0.059
951 176 8 9 0.059
408 190 17 12 0.057
393 188 17 13 0.053
895 190 10 12 0.051
294 183 26 21 0.050
801 193 21 27 0.043
829 264 9 11 0.042
593 180 12 13 0.040
926 175 9 10 0.040
954 201 16 20 0.039
825 210 11 14 0.037
102 181 13 16 0.034
444 181 13 16 0.034
765 191 10 10 0.033
65 172 8 9 0.031
830 204 15 18 0.030
847 177 10 9 0.029
410 195 11 12 0.029
844 193 9 12 0.028
130 224 15 16 0.027
767 196 10 9 0.024
401 195 11 12 0.024
309 167 10 15 0.024
901 194 11 13 0.023
761 242 12 16 0.023
782 218 15 19 0.022
845 177 13 15 0.022
782 180 12 22 0.021
582 183 9 10 0.021
748 199 10 12 0.020
580 180 14 12 0.020
