28_Sports_Fan_Sports_Fan_28_197
176
785 206 24 31 0.807
472 192 24 30 0.787
986 211 23 33 0.781
256 208 19 24 0.768
836 152 18 23 0.763
543 194 23 28 0.762
366 169 20 25 0.745
746 151 22 26 0.729
200 206 21 26 0.727
442 154 18 22 0.704
331 197 24 28 0.685
420 157 17 22 0.668
282 160 19 21 0.666
915 161 18 22 0.665
770 173 17 21 0.665
671 163 21 24 0.651
593 147 15 19 0.642
920 134 15 17 0.573
150 196 20 25 0.563
232 156 14 18 0.558
972 151 16 19 0.555
6 165 18 21 0.507
13 147 14 17 0.491
408 190 23 28 0.480
313 167 19 22 0.460
651 142 13 18 0.431
870 146 17 21 0.409
64 213 20 24 0.406
1017 161 7 23 0.402
709 192 25 29 0.396
37 176 16 21 0.389
1013 190 11 33 0.378
141 167 15 18 0.341
562 170 17 21 0.337
542 115 13 14 0.286
241 181 19 23 0.271
386 186 17 24 0.253
143 160 17 21 0.245
149 158 14 17 0.232
768 142 13 17 0.228
633 191 25 28 0.205
711 105 8 8 0.170
0 203 11 24 0.169
509 161 17 22 0.166
561 113 12 17 0.156
630 151 17 21 0.155
764 97 8 9 0.153
61 172 15 19 0.140
117 212 21 26 0.135
269 141 14 16 0.131
790 177 16 19 0.131
197 148 13 15 0.116
366 231 22 26 0.115
655 116 11 13 0.108
121 197 20 27 0.107
657 118 12 15 0.107
194 170 16 20 0.106
767 146 15 20 0.104
711 202 25 29 0.102
1016 181 8 32 0.098
423 120 10 12 0.091
99 200 20 25 0.090
578 148 15 18 0.090
1013 163 11 18 0.088
841 130 11 11 0.085
561 120 11 14 0.081
108 200 32 31 0.080
378 178 21 26 0.079
725 118 9 11 0.079
250 185 16 20 0.076
714 212 22 26 0.075
0 162 14 21 0.075
273 143 23 16 0.072
660 129 12 15 0.069
797 154 13 17 0.069
810 141 13 13 0.069
89 143 14 18 0.068
551 185 27 31 0.067
104 152 12 15 0.067
0 204 21 26 0.065
814 117 9 14 0.065
628 143 16 25 0.065
169 164 13 15 0.064
508 151 18 24 0.064
810 118 10 11 0.062
770 124 11 13 0.062
284 144 15 16 0.060
231 150 14 21 0.060
816 113 8 9 0.059
395 135 13 15 0.058
149 189 20 23 0.057
93 146 19 19 0.056
793 110 8 8 0.055
852 130 11 15 0.054
524 124 12 16 0.053
205 211 21 25 0.052
767 97 8 8 0.051
717 127 11 13 0.051
860 213 20 25 0.048
57 208 21 24 0.048
558 176 20 25 0.048
621 156 21 24 0.047
712 99 8 10 0.047
2 168 17 20 0.047
738 97 7 9 0.046
949 123 11 12 0.044
768 96 8 7 0.043
509 141 19 24 0.043
700 132 10 14 0.042
464 114 11 13 0.042
70 220 21 22 0.041
615 168 17 22 0.041
626 129 11 20 0.041
187 178 15 20 0.039
278 166 19 22 0.039
400 133 12 14 0.039
811 131 10 27 0.039
471 157 16 19 0.039
456 127 12 15 0.039
809 116 13 11 0.039
261 156 13 17 0.038
981 176 16 18 0.038
545 112 31 13 0.037
654 141 21 18 0.037
387 149 15 18 0.036
771 123 11 35 0.036
170 166 18 17 0.036
889 116 13 14 0.035
342 133 11 14 0.035
3 208 28 27 0.034
992 154 15 17 0.034
644 128 17 16 0.034
512 164 20 19 0.034
796 146 21 26 0.034
770 156 15 20 0.033
269 116 10 11 0.033
309 164 17 19 0.031
513 153 20 21 0.030
700 139 14 14 0.030
206 119 12 14 0.030
451 154 24 22 0.029
624 140 11 14 0.029
564 163 17 21 0.029
705 118 10 17 0.029
773 123 14 13 0.029
392 137 17 28 0.028
204 123 12 14 0.028
699 141 11 14 0.027
860 142 20 21 0.027
622 136 17 22 0.027
64 152 13 18 0.027
506 140 14 20 0.026
711 120 24 15 0.026
265 141 15 19 0.026
343 132 15 15 0.025
671 143 12 16 0.025
701 127 20 18 0.025
922 158 17 19 0.024
395 131 25 17 0.024
446 110 10 13 0.024
968 129 11 12 0.024
1000 148 15 17 0.024
1007 121 14 15 0.024
517 142 15 22 0.023
22 169 18 18 0.023
514 130 19 20 0.023
37 211 20 24 0.022
773 128 21 15 0.022
856 114 8 25 0.022
50 132 11 17 0.022
598 106 12 17 0.022
509 109 11 13 0.021
80 235 28 26 0.021
109 169 15 18 0.021
783 172 22 24 0.020
543 122 14 26 0.020
