28_Sports_Fan_Sports_Fan_28_18
43
15 385 106 132 0.878
782 199 89 95 0.874
134 343 62 69 0.811
989 395 35 42 0.807
393 251 88 88 0.801
318 332 52 66 0.772
557 305 38 45 0.649
1009 310 15 26 0.310
955 305 28 32 0.287
964 311 22 24 0.250
992 287 17 23 0.154
117 258 12 14 0.095
707 312 46 49 0.088
706 324 31 36 0.085
700 329 19 21 0.076
0 421 20 56 0.075
210 376 31 43 0.057
970 333 19 24 0.051
714 292 48 59 0.046
1010 305 14 21 0.044
7 270 14 17 0.042
638 335 11 14 0.038
979 240 18 20 0.038
947 309 26 36 0.037
975 314 17 21 0.036
962 281 19 24 0.036
263 433 20 25 0.034
948 327 22 29 0.034
301 376 33 44 0.033
0 411 19 43 0.031
673 333 11 13 0.030
992 221 31 58 0.030
364 251 12 11 0.025
984 365 27 32 0.024
1016 338 8 25 0.024
967 279 19 17 0.023
975 230 29 40 0.022
293 227 11 11 0.022
10 292 12 16 0.021
947 296 40 48 0.021
696 155 11 13 0.021
998 233 26 32 0.021
658 339 12 13 0.020
