28_Sports_Fan_Sports_Fan_28_881
34
336 225 18 24 0.826
98 271 25 30 0.825
500 255 23 29 0.823
229 265 20 25 0.814
796 261 20 26 0.814
561 235 20 25 0.813
862 279 22 28 0.809
624 245 23 28 0.808
911 241 18 24 0.803
371 257 22 29 0.803
140 236 19 23 0.802
710 268 25 30 0.800
421 245 20 26 0.800
304 248 20 25 0.797
469 223 17 21 0.795
528 202 16 20 0.795
857 196 20 23 0.794
205 194 17 21 0.793
624 193 17 22 0.791
415 197 16 20 0.790
698 229 17 21 0.787
705 187 15 19 0.784
812 184 16 20 0.783
112 204 18 22 0.782
575 165 15 19 0.777
140 179 16 19 0.777
477 179 14 17 0.765
765 199 17 20 0.764
377 171 15 18 0.746
890 178 16 19 0.745
261 174 15 19 0.731
302 200 17 20 0.725
242 208 13 20 0.031
533 203 23 19 0.022
