28_Sports_Fan_Sports_Fan_28_402
26
518 576 64 82 0.812
65 38 44 54 0.790
249 547 52 68 0.763
0 363 37 69 0.763
526 3 54 69 0.733
694 617 46 63 0.616
207 382 37 50 0.274
875 161 26 33 0.112
474 591 45 65 0.098
770 95 32 38 0.097
795 144 26 31 0.076
743 148 22 30 0.075
215 388 40 48 0.072
685 632 46 63 0.067
427 129 46 55 0.056
232 388 34 40 0.041
380 30 49 55 0.039
444 589 67 63 0.037
449 271 51 59 0.031
799 430 21 26 0.025
598 346 23 29 0.024
229 538 50 64 0.022
888 371 20 23 0.021
906 300 19 22 0.021
708 615 46 59 0.020
967 276 19 25 0.020
