28_Sports_Fan_Sports_Fan_28_196
132
716 314 32 39 0.833
13 37 25 32 0.827
629 58 23 31 0.806
330 73 24 28 0.790
497 63 22 29 0.789
232 74 22 29 0.788
712 76 24 30 0.788
90 48 24 30 0.776
782 84 23 29 0.752
411 71 22 26 0.748
138 83 24 30 0.709
955 76 23 29 0.703
663 195 23 26 0.671
764 195 23 28 0.667
916 0 23 21 0.662
589 113 24 30 0.638
444 0 22 16 0.630
873 280 23 25 0.586
80 114 25 32 0.566
946 281 18 20 0.542
937 205 22 25 0.534
360 6 21 27 0.518
251 193 23 30 0.496
70 79 22 26 0.492
792 214 18 21 0.482
307 194 21 28 0.459
209 6 18 20 0.445
911 213 18 20 0.405
800 0 23 17 0.393
906 146 19 21 0.384
840 213 18 20 0.381
830 145 19 22 0.320
280 82 33 35 0.283
865 211 19 21 0.266
878 63 22 27 0.253
289 10 21 25 0.236
941 200 21 25 0.230
959 163 19 22 0.225
280 68 31 37 0.217
774 288 25 28 0.201
669 0 21 16 0.188
951 156 18 23 0.184
681 148 17 20 0.180
764 173 19 19 0.172
752 144 18 21 0.170
968 270 24 37 0.167
986 172 19 20 0.163
974 403 24 26 0.133
745 216 19 20 0.129
865 269 25 31 0.128
860 260 20 26 0.124
1008 217 15 29 0.122
817 216 18 20 0.121
195 72 25 26 0.119
199 64 27 30 0.116
758 277 23 28 0.114
1008 384 16 27 0.109
243 3 21 19 0.106
741 171 20 22 0.103
679 77 17 19 0.101
816 170 17 19 0.101
326 4 22 21 0.100
669 176 20 24 0.095
274 47 32 33 0.094
759 200 23 27 0.093
690 174 19 22 0.091
1013 211 10 26 0.091
964 372 23 24 0.091
308 260 20 24 0.091
1010 174 13 19 0.087
1002 147 19 23 0.087
801 277 21 22 0.082
673 311 17 21 0.077
625 311 18 20 0.075
726 152 19 20 0.071
866 169 16 18 0.066
990 161 24 31 0.065
947 195 18 23 0.062
208 58 24 27 0.061
986 219 17 21 0.058
748 143 25 38 0.058
246 199 21 26 0.056
961 264 19 27 0.054
263 0 20 13 0.053
719 172 18 20 0.053
988 219 28 24 0.051
954 149 18 19 0.051
785 176 21 23 0.050
905 183 16 20 0.048
801 5 24 16 0.048
854 277 19 23 0.048
745 173 28 19 0.043
786 195 25 43 0.042
963 204 20 24 0.041
760 290 21 25 0.041
1000 224 19 25 0.039
857 163 27 25 0.038
998 174 24 22 0.038
960 257 16 22 0.037
584 202 20 23 0.034
886 75 27 32 0.034
881 320 27 32 0.034
0 171 11 41 0.034
908 182 17 47 0.033
188 139 24 30 0.032
721 151 25 37 0.031
1011 89 12 22 0.031
756 276 20 22 0.030
786 280 31 23 0.030
654 144 20 21 0.030
849 284 21 25 0.029
683 196 19 22 0.029
550 263 18 21 0.029
747 2 20 17 0.027
311 189 25 29 0.027
341 144 27 29 0.027
977 216 31 25 0.027
814 301 19 21 0.027
904 72 21 26 0.027
565 0 22 16 0.026
1012 254 11 25 0.026
652 308 18 21 0.025
370 196 22 22 0.025
893 81 22 27 0.025
1015 231 9 41 0.024
991 174 23 22 0.024
819 161 20 23 0.023
920 281 23 21 0.022
811 175 20 25 0.021
978 52 20 23 0.021
254 0 23 14 0.020
228 174 23 29 0.020
