28_Sports_Fan_Sports_Fan_28_556
136
18 334 58 70 0.852
750 320 56 72 0.845
907 378 58 65 0.845
303 146 45 54 0.843
873 416 48 63 0.838
141 356 58 63 0.833
217 359 51 61 0.831
832 126 36 53 0.827
3 56 43 48 0.826
20 234 44 52 0.825
851 331 51 60 0.821
471 330 56 72 0.819
457 108 41 49 0.814
185 170 47 55 0.813
672 345 55 65 0.813
214 71 42 50 0.812
136 264 53 61 0.811
574 331 55 67 0.808
908 50 35 47 0.804
867 184 40 57 0.804
958 179 45 53 0.799
3 180 49 56 0.795
361 144 40 53 0.793
841 80 41 48 0.780
268 353 49 62 0.777
363 301 56 76 0.777
220 250 49 59 0.773
389 124 35 47 0.757
383 191 40 55 0.757
532 0 40 45 0.755
301 266 40 52 0.736
81 320 56 64 0.723
1005 53 19 56 0.722
97 26 38 44 0.718
64 29 34 43 0.706
154 14 43 52 0.699
550 280 52 59 0.684
0 300 42 68 0.673
517 230 43 52 0.664
654 228 49 52 0.652
346 121 38 48 0.645
421 221 42 53 0.610
803 217 44 54 0.590
466 168 33 41 0.585
227 143 34 41 0.549
230 25 32 49 0.513
52 71 27 37 0.489
438 69 39 45 0.484
552 79 30 35 0.455
250 323 46 49 0.439
322 298 46 54 0.436
888 26 32 37 0.416
509 74 31 40 0.416
0 323 32 69 0.400
913 324 49 57 0.365
1006 223 18 61 0.339
406 65 41 48 0.337
238 38 33 48 0.303
232 207 44 49 0.270
622 206 27 36 0.269
582 178 36 44 0.253
330 0 27 26 0.248
764 24 29 46 0.248
769 143 39 48 0.218
145 2 42 52 0.214
0 9 10 30 0.208
774 36 24 42 0.203
540 182 37 46 0.188
421 68 40 46 0.180
0 363 15 55 0.179
730 193 46 52 0.174
373 0 37 30 0.173
994 361 30 67 0.169
798 205 41 46 0.165
689 181 37 39 0.159
209 141 44 48 0.141
470 0 23 29 0.131
462 147 36 46 0.125
974 21 27 35 0.122
736 0 30 15 0.117
558 81 33 41 0.108
0 275 24 42 0.101
660 241 49 48 0.099
567 141 37 43 0.087
553 163 49 58 0.087
434 17 21 25 0.086
999 238 22 66 0.083
601 0 25 21 0.080
1006 243 18 69 0.079
0 35 16 34 0.079
549 174 36 48 0.075
454 71 41 42 0.073
339 305 57 75 0.071
762 15 24 40 0.067
949 134 31 37 0.066
484 75 35 38 0.066
1 31 27 31 0.065
515 33 19 23 0.062
192 135 42 46 0.061
990 381 34 69 0.056
231 19 28 37 0.054
432 6 23 30 0.046
883 38 33 46 0.046
0 0 8 26 0.045
563 72 38 45 0.045
96 48 36 41 0.040
521 250 47 53 0.039
334 328 51 62 0.039
796 234 40 51 0.039
971 3 33 44 0.036
1 17 11 49 0.035
401 51 39 46 0.035
370 164 48 70 0.034
354 10 25 31 0.033
431 0 22 22 0.033
1012 70 12 52 0.032
561 184 37 45 0.032
806 0 32 26 0.031
787 243 39 49 0.031
418 35 36 62 0.031
267 0 25 14 0.028
238 13 30 33 0.027
422 32 29 34 0.026
699 183 38 44 0.025
58 113 44 54 0.025
521 146 32 41 0.024
338 11 29 34 0.023
419 211 36 51 0.023
351 6 38 40 0.022
0 4 15 30 0.021
587 0 24 19 0.021
810 231 39 50 0.021
796 201 27 41 0.021
371 135 38 52 0.021
340 84 37 47 0.021
194 371 38 47 0.020
