28_Sports_Fan_Sports_Fan_28_304
43
646 43 105 144 0.901
126 57 84 132 0.833
169 421 36 45 0.653
248 297 27 33 0.529
292 427 30 35 0.508
384 295 25 30 0.403
375 436 25 27 0.377
392 364 25 30 0.311
250 239 25 31 0.281
439 328 20 24 0.278
309 309 23 29 0.275
139 373 32 41 0.258
374 250 23 27 0.233
309 347 24 28 0.218
5 114 18 21 0.212
945 109 27 31 0.195
288 306 24 32 0.179
1006 186 18 29 0.127
343 313 21 30 0.103
1 154 10 27 0.091
864 178 22 27 0.089
220 295 21 27 0.060
410 32 23 27 0.057
242 53 19 22 0.052
988 301 28 39 0.051
761 81 19 23 0.049
364 32 18 23 0.045
352 205 29 36 0.044
406 250 23 24 0.043
221 169 23 30 0.039
314 312 48 29 0.039
108 381 29 36 0.038
333 246 25 33 0.031
374 502 28 36 0.030
357 366 25 29 0.030
743 109 30 41 0.027
937 105 24 30 0.027
543 381 20 23 0.027
847 94 18 22 0.025
119 376 37 41 0.023
952 193 21 24 0.022
492 587 28 38 0.022
261 352 23 27 0.021
