28_Sports_Fan_Sports_Fan_28_676
135
211 174 104 127 0.892
405 20 47 59 0.854
132 2 82 97 0.847
505 51 58 77 0.843
326 0 34 36 0.838
888 412 70 71 0.820
675 72 77 99 0.820
804 85 45 58 0.820
254 19 33 39 0.769
846 46 23 26 0.642
604 114 32 34 0.562
877 44 18 24 0.519
920 60 19 23 0.474
495 4 18 21 0.436
649 36 14 19 0.407
573 59 15 19 0.401
563 19 16 19 0.390
887 21 12 14 0.358
917 19 10 12 0.306
291 79 57 71 0.295
758 35 13 17 0.281
677 45 16 17 0.264
400 303 54 67 0.262
668 25 13 16 0.234
713 43 13 16 0.227
692 30 15 17 0.209
585 12 15 17 0.189
737 18 12 15 0.172
204 0 24 22 0.168
302 64 46 56 0.163
521 12 17 19 0.157
560 25 17 18 0.155
784 89 38 53 0.142
753 16 10 11 0.134
648 15 13 15 0.129
857 12 10 12 0.127
624 25 11 15 0.126
1002 91 22 53 0.125
541 32 15 18 0.120
684 40 18 20 0.116
926 28 12 12 0.114
771 2 11 11 0.108
32 0 72 77 0.106
627 57 15 17 0.101
755 39 17 21 0.100
692 9 11 14 0.098
735 34 11 14 0.097
818 44 13 17 0.094
474 11 15 19 0.093
869 86 22 29 0.092
856 27 16 18 0.092
673 42 16 18 0.090
506 26 20 21 0.089
646 32 15 20 0.087
921 27 18 17 0.081
914 21 12 14 0.080
883 49 16 19 0.078
671 17 12 17 0.077
932 0 10 11 0.076
402 0 23 22 0.074
522 6 16 17 0.072
806 52 16 24 0.071
810 64 15 18 0.070
856 16 14 24 0.068
738 25 11 21 0.068
737 10 14 17 0.066
693 8 12 29 0.064
620 21 15 16 0.062
501 22 20 22 0.062
952 49 16 19 0.061
817 26 11 12 0.061
914 1 9 10 0.061
711 18 14 15 0.059
811 47 16 19 0.058
702 16 20 16 0.058
946 3 11 11 0.057
606 28 13 17 0.057
796 12 17 24 0.057
954 23 10 13 0.056
398 0 20 18 0.053
564 31 14 16 0.053
713 31 12 25 0.052
583 9 14 15 0.049
861 29 14 15 0.049
880 18 14 15 0.049
699 12 19 17 0.047
891 21 12 14 0.046
791 24 17 18 0.044
924 32 13 15 0.043
481 7 28 28 0.041
988 88 36 64 0.041
514 13 26 26 0.041
803 52 14 17 0.040
931 26 11 13 0.040
754 44 17 29 0.038
587 19 15 18 0.038
902 85 26 31 0.038
525 5 13 11 0.036
891 7 11 15 0.036
932 1 21 13 0.035
954 24 16 19 0.035
672 32 58 34 0.034
755 62 19 24 0.034
740 40 22 22 0.032
484 1 14 13 0.032
912 89 23 29 0.032
593 20 25 19 0.030
678 1 11 10 0.029
643 14 13 14 0.028
564 14 16 15 0.028
741 49 15 17 0.028
793 1 12 11 0.028
647 22 56 44 0.028
526 12 17 19 0.028
882 1 11 10 0.027
780 2 11 9 0.027
470 7 22 28 0.027
802 26 22 13 0.026
624 37 18 23 0.026
799 8 14 16 0.025
658 1 11 10 0.025
840 1 9 10 0.024
809 19 16 19 0.024
893 92 25 29 0.024
733 12 38 32 0.024
882 3 21 22 0.024
863 76 19 25 0.023
620 54 17 19 0.023
807 65 21 26 0.022
891 101 20 22 0.022
674 50 16 19 0.022
805 57 22 28 0.022
549 8 14 16 0.021
716 2 13 9 0.020
955 31 17 22 0.020
