28_Sports_Fan_Sports_Fan_28_374
67
0 472 62 85 0.874
244 19 56 68 0.855
955 764 69 88 0.852
560 41 60 76 0.847
293 529 73 81 0.844
13 127 55 69 0.841
396 748 75 88 0.841
721 205 66 82 0.841
431 644 71 82 0.840
41 216 55 72 0.839
966 370 54 69 0.838
263 213 62 69 0.835
575 133 62 78 0.830
294 125 52 66 0.829
870 630 65 83 0.825
825 828 78 93 0.825
330 768 72 89 0.824
222 639 65 75 0.823
57 741 68 87 0.815
183 106 55 70 0.815
406 0 57 63 0.808
153 588 60 67 0.807
828 154 57 70 0.800
353 630 61 75 0.796
458 113 58 67 0.796
362 0 47 43 0.795
150 0 59 41 0.792
0 634 37 71 0.788
158 846 70 84 0.776
690 123 60 74 0.772
993 651 31 79 0.757
33 0 56 37 0.755
781 21 47 64 0.747
98 125 50 73 0.742
102 260 59 67 0.699
989 97 35 82 0.697
566 0 49 48 0.694
446 292 66 90 0.693
359 314 48 66 0.656
222 0 40 28 0.621
698 52 48 62 0.601
697 314 70 80 0.588
0 304 28 66 0.528
0 64 16 76 0.285
52 487 44 54 0.219
648 287 56 78 0.122
531 0 47 21 0.107
0 556 17 80 0.103
0 265 23 99 0.100
540 0 59 32 0.068
0 88 12 55 0.067
698 7 46 53 0.066
112 127 54 64 0.058
852 556 46 52 0.052
0 455 53 61 0.051
0 45 15 59 0.050
488 93 46 61 0.048
1002 86 22 58 0.045
346 0 37 27 0.037
696 26 44 76 0.035
526 0 50 7 0.032
0 265 17 57 0.031
668 287 77 96 0.025
1011 899 13 96 0.025
338 0 32 23 0.022
1005 122 19 72 0.022
57 472 49 59 0.022
