28_Sports_Fan_Sports_Fan_28_913
45
789 21 23 30 0.737
301 85 39 44 0.732
724 32 24 30 0.718
605 134 45 49 0.669
935 140 29 32 0.666
255 138 52 57 0.644
689 3 22 29 0.632
293 27 24 29 0.631
611 8 20 23 0.629
170 173 28 32 0.615
15 31 21 26 0.517
62 25 23 28 0.516
139 21 23 27 0.448
653 28 21 27 0.441
500 3 23 25 0.424
714 83 30 32 0.404
448 66 49 58 0.384
18 0 22 27 0.367
222 23 25 30 0.332
650 8 18 23 0.254
566 0 22 23 0.238
442 1 22 24 0.228
419 22 22 25 0.218
952 16 27 27 0.186
374 0 22 23 0.166
427 68 54 58 0.135
559 21 23 31 0.131
562 7 23 36 0.123
62 202 20 24 0.120
406 3 20 23 0.114
412 13 28 30 0.102
407 65 49 59 0.061
557 32 21 23 0.054
333 33 22 25 0.047
859 155 25 28 0.043
936 149 28 35 0.038
995 25 24 27 0.032
225 40 22 27 0.031
605 156 45 46 0.031
297 20 24 29 0.028
0 28 11 22 0.028
43 29 28 25 0.026
638 1 20 20 0.023
308 8 23 26 0.022
429 106 49 49 0.021
