9_Press_Conference_Press_Conference_9_62
36
89 339 33 39 0.819
816 182 23 30 0.803
18 315 24 26 0.753
79 309 15 18 0.722
31 267 13 16 0.699
432 253 13 17 0.676
30 382 30 49 0.659
117 327 20 25 0.649
150 315 15 20 0.642
246 214 36 70 0.640
404 356 24 48 0.537
184 260 15 17 0.514
290 378 31 54 0.477
4 259 11 14 0.291
54 306 21 25 0.284
194 494 55 109 0.223
775 519 49 65 0.197
360 324 25 36 0.183
585 456 35 46 0.172
55 302 17 19 0.153
394 324 23 37 0.131
57 313 21 25 0.108
736 522 49 58 0.079
5 310 17 22 0.073
428 256 13 15 0.065
297 359 25 57 0.046
145 352 17 22 0.045
968 195 19 36 0.031
6 382 48 59 0.027
971 211 19 24 0.027
733 534 39 57 0.025
310 218 18 30 0.025
71 331 24 31 0.024
99 328 22 23 0.022
1 341 20 28 0.022
424 253 15 17 0.021
