9_Press_Conference_Press_Conference_9_413
135
55 284 32 54 0.682
959 336 16 23 0.544
444 323 17 25 0.540
319 289 30 62 0.465
303 278 35 68 0.416
429 303 18 27 0.378
456 301 12 15 0.359
564 278 7 9 0.299
997 296 11 13 0.236
82 278 30 48 0.222
492 272 7 9 0.218
817 303 13 17 0.193
659 358 26 46 0.183
365 276 7 9 0.176
194 246 34 60 0.176
428 272 8 8 0.160
790 294 11 13 0.148
469 274 8 9 0.139
436 312 30 37 0.135
523 309 9 13 0.134
469 277 9 10 0.133
489 309 11 14 0.132
974 272 8 9 0.117
446 270 8 9 0.111
403 270 8 9 0.107
531 287 9 11 0.104
66 276 36 57 0.096
923 292 9 9 0.095
399 274 9 9 0.088
736 292 8 9 0.085
801 278 10 13 0.085
513 282 8 9 0.083
915 287 10 10 0.080
729 310 10 12 0.080
104 286 12 17 0.079
723 313 11 14 0.079
721 316 11 15 0.079
996 274 8 8 0.073
701 301 9 14 0.072
781 281 10 11 0.070
610 285 13 14 0.070
0 282 11 33 0.070
802 307 14 17 0.069
631 287 9 11 0.068
500 293 9 11 0.066
1017 272 6 9 0.066
781 304 12 16 0.064
909 283 11 11 0.063
536 289 9 11 0.063
790 293 19 19 0.063
817 266 6 9 0.061
488 272 19 8 0.060
933 271 13 10 0.059
804 277 9 14 0.058
363 299 10 11 0.057
223 297 25 37 0.055
767 297 10 11 0.053
205 246 35 60 0.051
423 302 16 26 0.049
890 301 10 12 0.049
100 285 19 23 0.049
627 282 14 13 0.048
996 273 9 18 0.047
956 329 16 22 0.047
384 269 8 7 0.043
613 278 12 20 0.043
833 305 18 14 0.042
368 288 10 12 0.042
681 293 9 11 0.041
686 324 14 17 0.039
710 250 6 8 0.038
991 274 10 12 0.038
377 270 22 8 0.038
762 321 12 14 0.038
604 320 12 16 0.037
464 304 14 16 0.037
841 306 11 14 0.035
636 291 10 11 0.033
441 267 7 7 0.033
732 283 9 19 0.032
694 275 9 10 0.032
893 295 9 19 0.031
1016 267 7 26 0.031
898 270 14 12 0.031
953 325 14 21 0.031
447 265 8 30 0.031
95 265 8 10 0.031
580 285 9 10 0.031
423 273 34 7 0.031
982 274 25 9 0.030
334 282 19 33 0.030
813 263 10 23 0.030
867 274 16 9 0.030
866 328 11 15 0.030
444 278 8 17 0.030
711 279 10 10 0.029
542 293 8 10 0.028
800 285 15 22 0.028
710 247 6 18 0.027
885 277 8 22 0.027
338 289 17 14 0.027
367 275 18 19 0.027
433 291 15 34 0.027
918 270 24 9 0.027
855 266 7 9 0.026
450 268 8 8 0.026
574 310 13 17 0.026
186 258 31 53 0.025
758 279 11 10 0.025
402 268 8 8 0.025
668 269 13 15 0.025
363 271 30 10 0.025
560 277 12 14 0.025
937 266 7 25 0.024
107 286 14 17 0.024
918 277 13 30 0.024
777 301 22 22 0.023
781 271 10 26 0.023
1004 288 17 24 0.023
768 297 17 14 0.023
112 276 13 21 0.023
292 285 39 54 0.023
745 310 10 12 0.022
738 309 16 13 0.022
596 264 6 9 0.022
1015 318 8 13 0.022
533 279 17 23 0.022
620 303 12 15 0.022
473 267 8 7 0.022
127 270 9 13 0.021
1010 241 7 7 0.021
922 269 8 7 0.021
691 277 13 10 0.021
713 114 7 8 0.020
580 272 10 25 0.020
