9_Press_Conference_Press_Conference_9_4
60
623 141 40 48 0.862
235 172 41 49 0.853
748 138 38 48 0.850
12 162 43 53 0.844
123 172 32 41 0.844
880 153 43 54 0.834
796 158 30 36 0.833
306 162 36 45 0.831
667 103 18 22 0.815
362 167 28 35 0.812
597 146 24 34 0.791
189 169 27 34 0.788
220 92 22 25 0.779
1012 81 12 32 0.773
447 88 21 27 0.766
613 79 20 27 0.748
78 175 25 31 0.680
981 152 34 44 0.680
899 42 28 34 0.674
536 185 33 32 0.633
751 64 20 23 0.624
530 89 21 24 0.529
59 164 24 32 0.497
724 156 25 36 0.477
301 61 21 23 0.428
68 168 28 32 0.309
318 97 22 26 0.278
122 83 25 31 0.177
527 94 18 23 0.177
102 48 17 23 0.116
842 46 19 22 0.115
0 187 13 32 0.105
0 159 11 37 0.094
53 176 24 34 0.090
880 108 19 23 0.083
393 99 17 21 0.079
128 79 20 24 0.067
722 121 19 22 0.059
839 51 19 23 0.048
118 61 26 49 0.046
774 85 19 22 0.040
532 182 21 26 0.039
378 166 22 28 0.038
1008 162 16 36 0.037
555 93 18 17 0.035
1008 319 16 74 0.034
961 522 43 41 0.034
858 100 17 22 0.033
867 104 26 25 0.031
359 153 23 25 0.030
123 93 21 25 0.029
1015 69 9 35 0.026
847 44 20 21 0.026
102 140 20 23 0.026
906 38 32 31 0.025
581 54 12 17 0.025
638 90 12 14 0.023
1 181 22 36 0.023
840 59 21 27 0.021
867 0 18 15 0.021
