9_Press_Conference_Press_Conference_9_171
55
184 208 30 39 0.877
242 212 31 38 0.855
882 297 62 81 0.855
596 254 46 58 0.854
647 217 40 50 0.846
497 239 42 57 0.844
995 220 29 46 0.835
426 206 28 36 0.833
458 175 25 29 0.831
709 280 56 71 0.819
341 193 24 31 0.818
605 175 24 31 0.810
148 192 27 34 0.808
550 201 24 30 0.806
882 258 42 54 0.805
117 202 27 35 0.804
371 174 20 26 0.803
277 218 36 47 0.795
706 152 19 25 0.794
882 181 31 41 0.790
609 145 18 22 0.787
755 174 21 27 0.775
240 182 22 27 0.773
943 142 21 25 0.764
496 165 20 29 0.760
441 167 21 25 0.758
292 187 25 29 0.756
501 183 26 34 0.751
816 176 19 23 0.748
849 147 17 22 0.742
670 184 22 28 0.734
887 213 34 41 0.731
777 137 15 18 0.728
924 52 15 18 0.716
687 165 18 22 0.667
537 161 19 23 0.667
661 159 16 20 0.591
736 150 15 19 0.535
900 163 17 20 0.533
995 201 25 33 0.358
733 154 17 23 0.328
783 158 16 19 0.305
761 262 31 45 0.213
444 168 31 49 0.190
764 251 27 40 0.163
669 165 30 47 0.143
886 199 33 42 0.134
902 71 20 21 0.097
379 208 19 23 0.085
891 171 24 35 0.072
738 148 12 14 0.070
660 164 16 20 0.050
141 303 29 28 0.044
888 232 32 33 0.034
667 160 18 20 0.027
