9_Press_Conference_Press_Conference_9_208
63
525 291 36 43 0.867
157 242 33 41 0.857
242 239 29 36 0.845
326 273 36 41 0.840
15 234 28 32 0.836
520 210 29 36 0.831
425 284 34 39 0.831
799 226 29 34 0.823
451 254 31 39 0.820
369 239 35 43 0.816
208 235 27 35 0.815
297 270 29 35 0.813
632 280 39 52 0.807
381 130 24 32 0.806
488 213 26 33 0.805
111 252 37 53 0.804
218 194 28 34 0.792
624 230 30 35 0.789
316 230 26 32 0.787
62 184 26 30 0.781
845 99 40 75 0.766
341 226 23 29 0.762
111 213 24 28 0.745
90 127 24 30 0.730
268 226 26 33 0.709
192 122 20 26 0.661
655 242 26 34 0.644
439 229 27 33 0.566
465 233 30 39 0.562
426 218 25 28 0.470
632 251 35 39 0.418
860 653 80 70 0.380
981 175 14 15 0.366
432 223 29 33 0.347
440 222 26 28 0.342
125 203 21 27 0.327
566 261 32 38 0.229
746 244 33 36 0.228
558 238 27 30 0.212
838 169 15 19 0.204
92 123 22 24 0.185
611 226 21 26 0.175
450 230 40 62 0.157
191 224 23 31 0.151
254 208 18 27 0.107
49 593 37 81 0.089
562 254 29 33 0.078
0 330 17 61 0.066
118 201 22 31 0.065
0 146 6 28 0.065
120 197 23 23 0.050
978 209 15 17 0.050
807 180 13 16 0.044
565 236 26 28 0.044
829 171 21 21 0.041
190 132 22 27 0.035
441 221 69 37 0.034
473 233 23 28 0.033
555 237 21 25 0.033
980 206 17 25 0.028
836 165 21 28 0.026
842 120 33 52 0.023
266 273 26 31 0.022
