9_Press_Conference_Press_Conference_9_1
88
946 323 42 57 0.864
108 93 43 57 0.820
245 504 66 71 0.816
622 404 57 73 0.813
83 491 67 84 0.813
874 125 42 52 0.803
759 344 47 59 0.801
493 425 49 69 0.795
591 91 37 50 0.795
595 329 38 50 0.780
55 594 88 88 0.771
482 29 28 35 0.769
611 10 23 32 0.763
679 0 26 26 0.743
1 401 51 78 0.735
814 535 65 63 0.725
362 468 47 68 0.717
658 558 60 84 0.711
832 340 41 49 0.688
429 521 68 101 0.678
739 111 39 50 0.659
904 327 30 42 0.659
145 218 53 67 0.654
176 360 45 66 0.633
268 614 56 67 0.619
551 18 29 37 0.617
490 0 23 23 0.596
657 127 29 41 0.590
508 321 29 40 0.587
893 482 54 72 0.566
973 33 24 30 0.550
328 338 36 45 0.523
456 85 36 40 0.488
789 22 24 29 0.462
775 326 35 49 0.379
915 634 77 47 0.313
618 85 29 40 0.226
443 0 21 19 0.215
857 84 29 31 0.215
814 108 35 41 0.187
185 346 45 59 0.161
558 32 25 32 0.151
1010 39 14 25 0.150
131 223 48 63 0.137
540 135 26 36 0.135
335 5 22 24 0.124
664 498 42 65 0.123
326 44 29 41 0.118
416 11 24 29 0.095
838 0 25 23 0.095
736 0 30 31 0.090
841 0 25 14 0.089
586 33 20 27 0.088
162 237 38 46 0.084
340 118 30 36 0.077
464 133 31 33 0.076
898 647 81 35 0.065
960 9 19 24 0.056
723 611 39 55 0.055
834 5 22 26 0.054
739 6 32 34 0.054
965 18 24 37 0.053
630 28 20 31 0.049
342 174 23 29 0.046
460 93 40 47 0.044
705 0 21 18 0.044
268 91 25 28 0.044
431 0 35 23 0.043
316 388 41 51 0.034
608 322 29 45 0.032
475 117 35 40 0.031
255 19 16 20 0.031
932 0 22 10 0.031
1000 29 19 26 0.028
418 5 22 24 0.028
401 313 28 37 0.027
868 501 34 52 0.027
837 382 43 61 0.026
662 143 22 28 0.026
862 6 22 27 0.025
857 88 40 49 0.025
952 5 26 21 0.025
324 66 28 37 0.025
620 15 23 33 0.024
816 99 51 48 0.024
729 0 29 23 0.022
401 40 28 33 0.021
199 348 53 60 0.021
