9_Press_Conference_Press_Conference_9_446
24
535 369 94 125 0.899
156 304 335 447 0.849
862 509 72 97 0.846
709 523 62 83 0.728
730 0 59 56 0.267
325 1343 17 21 0.202
89 1322 15 17 0.196
2 530 15 21 0.103
231 1346 15 17 0.103
212 1340 15 18 0.087
174 1340 15 18 0.076
230 1382 15 19 0.070
3 1352 18 23 0.056
378 1363 14 14 0.048
100 1320 21 19 0.039
714 0 56 41 0.038
52 1351 14 16 0.029
91 1317 19 22 0.025
212 1329 35 36 0.023
0 328 17 24 0.023
293 1346 16 17 0.023
0 1452 20 75 0.022
372 1348 14 17 0.022
218 1321 14 18 0.021
