47_Matador_Bullfighter_matadorbullfighting_47_3
113
660 128 56 64 0.833
37 88 17 22 0.597
0 137 17 23 0.578
141 127 21 25 0.570
42 133 22 26 0.567
179 158 19 23 0.556
104 137 17 21 0.521
89 86 19 23 0.508
240 84 18 23 0.472
16 54 19 23 0.458
151 61 16 21 0.434
258 173 19 24 0.421
196 60 17 20 0.412
191 119 19 25 0.411
123 93 18 21 0.411
102 61 17 21 0.408
286 130 17 20 0.406
299 182 20 25 0.378
204 187 18 21 0.376
146 180 19 24 0.374
0 199 12 22 0.360
38 164 19 24 0.342
324 133 16 19 0.334
97 186 19 23 0.332
230 125 17 21 0.325
911 100 22 27 0.320
984 133 18 23 0.303
187 83 16 22 0.294
128 33 16 22 0.289
958 111 20 24 0.288
324 85 17 21 0.283
0 110 11 20 0.282
219 159 16 19 0.274
67 64 17 21 0.264
76 41 18 23 0.252
33 11 18 22 0.230
227 128 16 26 0.213
248 47 18 22 0.208
171 28 17 20 0.191
43 125 20 51 0.184
135 155 18 23 0.175
982 74 17 22 0.175
79 206 22 27 0.169
915 68 21 25 0.168
267 147 19 25 0.167
966 29 16 20 0.167
294 49 17 22 0.166
938 155 23 26 0.159
1005 106 17 24 0.158
222 30 18 22 0.157
26 202 20 28 0.151
324 34 17 20 0.139
87 184 25 33 0.135
342 173 17 21 0.131
948 207 20 24 0.124
106 1 19 22 0.124
875 38 17 23 0.111
307 157 18 20 0.106
141 66 24 32 0.101
785 76 18 21 0.098
90 163 17 20 0.094
978 166 23 26 0.089
45 186 20 22 0.087
36 39 17 21 0.084
282 89 18 22 0.079
986 120 24 33 0.076
353 34 20 23 0.075
411 44 18 23 0.074
191 202 18 21 0.072
365 154 16 22 0.070
998 1 19 22 0.064
96 68 21 25 0.063
967 122 39 29 0.063
192 59 20 34 0.063
219 223 18 22 0.061
425 123 20 25 0.061
886 195 25 29 0.060
0 41 9 20 0.057
410 148 17 22 0.057
162 226 21 23 0.056
185 121 20 24 0.055
38 192 22 23 0.053
830 40 19 22 0.047
414 80 21 25 0.045
953 199 23 27 0.042
265 153 17 24 0.042
832 133 22 26 0.042
785 142 18 23 0.040
102 126 19 27 0.040
124 205 17 22 0.037
237 7 15 18 0.037
825 211 21 24 0.037
370 64 20 24 0.036
376 120 18 21 0.035
805 21 18 25 0.033
50 229 20 22 0.033
186 232 21 23 0.030
159 14 16 22 0.028
325 55 17 18 0.027
45 225 32 24 0.025
943 38 15 18 0.025
25 211 19 23 0.025
1016 37 8 28 0.024
393 182 15 20 0.024
423 176 16 21 0.024
153 55 18 22 0.023
174 159 19 24 0.022
888 1 24 28 0.021
758 122 16 20 0.021
89 98 18 22 0.020
855 101 21 26 0.020
370 86 17 19 0.020
292 37 53 28 0.020
