47_Matador_Bullfighter_matadorbullfighting_47_438
70
71 169 27 34 0.835
561 198 26 29 0.833
1 160 29 40 0.813
403 179 29 37 0.807
248 171 31 36 0.791
330 165 26 34 0.785
580 161 26 30 0.782
145 183 26 29 0.765
159 144 24 31 0.757
520 156 28 33 0.748
131 153 25 30 0.743
60 135 23 31 0.731
682 203 23 25 0.644
981 213 30 32 0.582
0 133 18 27 0.579
490 191 28 31 0.531
284 148 25 31 0.430
847 171 29 34 0.390
429 170 18 23 0.342
702 177 20 25 0.307
898 187 29 45 0.274
494 181 24 24 0.229
370 145 26 33 0.228
444 155 25 27 0.223
428 165 29 28 0.206
488 201 19 23 0.146
235 153 25 33 0.135
715 183 18 23 0.134
690 181 29 42 0.133
234 148 22 27 0.122
550 171 23 25 0.105
731 171 16 19 0.104
822 197 18 25 0.103
3 135 22 30 0.097
499 196 23 27 0.095
647 168 24 25 0.086
666 201 25 27 0.086
436 185 21 28 0.074
409 163 23 26 0.074
375 156 28 30 0.071
664 168 30 25 0.067
795 203 17 19 0.058
371 127 28 41 0.053
439 164 25 27 0.053
792 140 21 27 0.047
290 162 21 28 0.044
674 207 24 24 0.042
819 187 33 33 0.042
349 154 32 36 0.042
257 156 28 31 0.037
490 173 27 27 0.036
385 162 21 25 0.035
642 171 21 24 0.035
729 171 26 24 0.033
663 162 34 63 0.031
687 199 24 27 0.031
503 204 21 24 0.030
188 147 32 30 0.029
881 180 25 33 0.028
874 175 22 32 0.028
411 145 22 27 0.027
859 172 32 37 0.026
808 199 35 27 0.026
475 151 24 25 0.026
824 203 19 25 0.024
615 216 24 20 0.022
799 173 25 24 0.022
231 144 20 24 0.022
1 109 11 29 0.022
793 168 17 18 0.021
