47_Matador_Bullfighter_matadorbullfighting_47_393
39
226 226 21 27 0.758
252 223 22 27 0.750
362 222 23 26 0.745
353 132 22 30 0.723
861 244 29 36 0.721
65 226 24 27 0.584
913 166 24 28 0.577
414 226 24 27 0.571
251 154 26 30 0.523
505 227 30 34 0.358
229 225 45 26 0.280
137 211 20 24 0.218
853 128 19 23 0.216
25 214 20 24 0.207
70 216 24 26 0.087
237 224 23 28 0.080
126 220 27 30 0.073
129 193 20 24 0.072
544 138 22 28 0.061
387 212 17 22 0.060
86 118 16 17 0.050
494 184 22 27 0.044
172 283 24 24 0.043
496 132 24 28 0.041
456 233 21 22 0.040
130 232 22 24 0.038
105 219 28 23 0.038
23 222 21 30 0.033
915 157 22 25 0.032
128 186 19 23 0.030
242 171 29 42 0.029
71 208 21 24 0.028
0 217 13 24 0.027
0 194 11 28 0.024
634 251 11 13 0.023
2 116 12 18 0.023
248 151 23 26 0.021
101 220 21 30 0.021
10 116 13 16 0.021
