47_Matador_Bullfighter_Matador_Bullfighter_47_762
45
384 186 107 129 0.836
988 102 26 33 0.656
862 171 29 36 0.592
987 34 25 26 0.550
894 93 28 33 0.546
33 144 30 35 0.507
958 177 28 36 0.446
158 44 27 32 0.420
806 78 34 39 0.387
454 133 30 34 0.372
43 183 27 30 0.336
51 0 25 28 0.276
921 72 25 34 0.252
558 107 28 32 0.173
361 55 26 28 0.170
715 103 27 30 0.163
169 104 29 33 0.162
377 127 29 33 0.157
1005 172 19 30 0.155
133 70 33 41 0.145
259 106 25 30 0.133
960 171 26 29 0.118
151 152 29 32 0.115
405 13 33 40 0.114
258 42 26 36 0.109
81 152 33 42 0.098
777 180 30 43 0.097
66 45 31 34 0.090
889 28 24 35 0.090
503 19 20 23 0.083
128 66 29 36 0.082
866 73 24 32 0.079
22 112 23 32 0.072
617 96 29 36 0.061
54 69 25 29 0.051
774 144 23 31 0.049
807 159 26 29 0.045
456 42 25 29 0.040
537 51 26 30 0.038
693 36 25 28 0.035
889 23 22 23 0.034
12 64 25 30 0.029
183 73 32 37 0.026
988 0 19 15 0.025
775 35 25 29 0.024
