47_Matador_Bullfighter_matadorbullfighting_47_75
63
3 79 18 24 0.784
215 18 18 23 0.782
71 75 20 25 0.781
376 70 20 26 0.768
244 16 19 22 0.763
164 66 19 23 0.761
431 21 18 22 0.755
712 69 17 20 0.754
48 55 18 23 0.754
98 19 18 21 0.753
151 21 18 22 0.747
498 19 16 20 0.742
575 31 17 21 0.740
872 72 18 22 0.734
210 58 20 24 0.714
307 46 18 21 0.690
662 60 17 20 0.680
758 77 16 22 0.672
758 98 18 23 0.666
826 73 17 19 0.664
383 24 17 21 0.602
247 68 17 20 0.596
121 62 19 22 0.584
906 106 18 24 0.580
922 78 16 20 0.523
803 102 18 21 0.471
293 65 20 25 0.464
588 74 16 20 0.385
959 83 16 19 0.385
307 87 24 28 0.349
595 100 18 19 0.334
451 67 19 22 0.331
569 97 15 18 0.325
920 85 18 23 0.292
0 30 7 25 0.271
506 70 17 21 0.228
1017 93 7 23 0.211
538 105 14 16 0.202
228 15 33 25 0.189
120 71 20 25 0.151
109 493 20 24 0.114
302 87 22 25 0.092
588 65 17 20 0.089
956 90 19 26 0.073
314 86 21 24 0.068
584 78 18 20 0.063
503 75 19 23 0.061
48 81 17 20 0.060
955 101 17 24 0.055
439 92 22 25 0.044
968 118 19 19 0.041
955 109 22 21 0.038
296 84 20 24 0.036
671 95 22 23 0.034
961 116 19 20 0.033
2 50 10 38 0.032
810 94 19 24 0.030
115 79 20 24 0.030
355 6 18 19 0.028
930 110 16 19 0.025
321 83 17 20 0.025
560 60 16 20 0.024
907 110 28 23 0.023
