47_Matador_Bullfighter_matadorbullfighting_47_51
68
95 159 33 37 0.835
175 149 24 31 0.820
464 125 20 27 0.814
489 169 22 26 0.798
97 10 20 24 0.797
146 11 18 22 0.786
2 16 18 24 0.774
393 16 17 22 0.772
501 13 20 25 0.762
59 15 21 24 0.755
807 36 18 23 0.731
698 98 54 40 0.724
647 31 20 22 0.700
348 10 18 20 0.690
302 14 16 20 0.689
682 33 19 21 0.682
456 19 15 18 0.679
263 15 18 21 0.651
837 38 18 22 0.648
961 44 17 20 0.638
784 40 17 20 0.626
370 4 15 19 0.623
602 33 19 22 0.622
175 13 18 21 0.610
984 39 14 18 0.592
576 36 17 18 0.574
579 0 14 12 0.460
556 15 15 19 0.293
588 150 21 26 0.280
912 1 14 15 0.237
1015 8 9 19 0.160
266 7 17 26 0.131
535 3 13 17 0.119
550 0 15 14 0.091
553 1 14 25 0.087
668 4 22 20 0.064
774 29 14 16 0.062
230 51 14 18 0.061
860 32 18 21 0.057
558 18 16 20 0.057
270 3 15 19 0.056
27 62 15 16 0.053
773 68 19 21 0.048
728 0 15 10 0.046
1016 18 8 21 0.044
562 0 29 54 0.041
876 7 13 15 0.041
222 7 19 22 0.038
184 39 16 20 0.035
228 12 16 21 0.033
215 2 19 19 0.030
420 1 12 12 0.030
772 19 20 29 0.030
226 5 18 17 0.030
766 0 16 13 0.029
839 29 22 24 0.029
914 1 28 17 0.026
269 17 18 20 0.025
114 0 14 14 0.024
185 10 17 18 0.023
585 155 21 30 0.023
741 28 15 16 0.022
947 60 15 17 0.022
1018 41 6 18 0.022
973 72 17 19 0.022
869 5 21 22 0.022
1017 75 7 23 0.021
182 29 18 24 0.020
