47_Matador_Bullfighter_matadorbullfighting_47_408
128
180 80 14 17 0.770
909 90 14 18 0.759
317 82 14 16 0.744
813 118 14 16 0.742
269 133 15 18 0.725
901 126 13 15 0.721
70 28 12 14 0.719
304 46 14 16 0.715
93 80 14 16 0.710
123 52 14 17 0.705
828 51 12 15 0.704
868 51 14 16 0.703
756 80 14 17 0.703
704 95 13 16 0.698
168 15 13 16 0.691
152 119 14 18 0.683
853 135 14 18 0.683
237 77 13 15 0.681
711 41 13 16 0.678
420 14 15 16 0.673
84 62 12 14 0.669
102 230 17 20 0.641
103 29 14 18 0.639
751 52 12 15 0.636
848 197 15 18 0.634
347 116 13 16 0.633
893 204 13 15 0.631
242 46 13 16 0.630
355 216 15 17 0.625
940 19 13 16 0.613
788 52 13 17 0.612
189 109 14 16 0.607
235 119 14 17 0.577
464 66 12 15 0.553
135 29 11 14 0.526
320 125 13 14 0.526
272 51 11 13 0.522
955 47 14 17 0.515
765 134 14 17 0.474
51 112 13 15 0.439
139 12 12 14 0.428
566 63 13 15 0.427
692 127 13 14 0.359
650 221 15 17 0.318
207 17 14 16 0.315
850 236 13 14 0.313
610 71 13 16 0.296
818 41 11 14 0.280
189 9 11 12 0.263
818 94 15 17 0.255
85 61 14 24 0.251
376 129 12 14 0.243
912 243 13 15 0.235
645 90 12 18 0.230
136 17 13 23 0.214
237 68 14 29 0.189
718 139 13 14 0.186
657 113 14 17 0.177
643 132 14 16 0.174
847 59 10 12 0.167
499 11 12 12 0.161
131 35 14 16 0.143
823 1 14 16 0.130
102 26 12 14 0.123
486 67 13 14 0.117
697 0 10 9 0.116
240 9 14 15 0.103
223 1 12 12 0.091
226 94 11 14 0.088
742 8 15 17 0.088
271 78 14 17 0.077
60 30 62 15 0.074
228 0 11 9 0.073
774 64 15 17 0.072
889 157 13 15 0.071
751 5 15 14 0.069
874 52 15 17 0.063
337 66 12 16 0.062
460 12 11 12 0.061
802 156 11 13 0.061
771 69 14 16 0.061
636 117 14 17 0.057
177 1 8 9 0.056
138 110 12 14 0.055
767 11 14 14 0.054
777 119 12 14 0.052
895 0 11 11 0.052
177 2 15 12 0.051
920 217 11 14 0.051
918 211 13 19 0.048
771 12 13 15 0.047
210 20 16 15 0.046
945 65 14 20 0.043
174 1 11 16 0.042
322 79 16 18 0.042
758 8 19 17 0.041
961 49 13 15 0.040
371 140 13 17 0.040
261 78 13 16 0.038
567 57 13 17 0.035
832 157 14 16 0.035
180 42 11 12 0.035
826 9 13 15 0.034
934 77 14 18 0.033
873 141 12 15 0.033
501 82 13 17 0.031
446 77 11 13 0.030
883 55 12 17 0.029
196 13 15 20 0.029
52 91 15 28 0.029
896 202 20 15 0.028
193 112 13 15 0.028
272 55 12 20 0.027
229 3 16 15 0.027
644 73 23 85 0.026
916 196 12 17 0.026
224 99 13 17 0.025
416 214 15 18 0.025
367 11 11 13 0.024
489 65 17 16 0.024
126 0 13 12 0.023
550 6 12 12 0.022
817 158 32 14 0.022
454 72 13 14 0.021
369 152 12 13 0.021
95 52 12 14 0.021
916 246 12 15 0.020
54 78 13 16 0.020
