47_Matador_Bullfighter_matadorbullfighting_47_253
49
477 285 125 167 0.865
896 133 17 23 0.747
598 124 17 19 0.713
946 141 17 21 0.703
858 142 16 19 0.695
806 144 16 20 0.685
214 345 16 20 0.681
990 150 17 20 0.661
531 122 15 18 0.623
153 338 17 22 0.608
100 171 13 15 0.577
759 144 16 18 0.534
123 346 19 21 0.490
56 353 16 19 0.404
227 167 14 16 0.402
101 327 15 18 0.319
796 126 13 15 0.286
1012 156 11 17 0.259
220 169 15 17 0.184
970 144 12 15 0.164
71 184 10 12 0.144
799 133 14 20 0.109
232 166 14 17 0.102
725 156 15 15 0.094
186 192 13 15 0.073
1 156 8 15 0.071
0 330 8 24 0.063
689 138 15 18 0.061
184 188 10 13 0.053
450 219 10 14 0.052
923 462 48 42 0.049
52 345 16 20 0.047
145 189 9 12 0.046
191 196 12 12 0.046
106 336 15 21 0.043
1 191 9 16 0.039
0 347 8 16 0.038
227 342 20 21 0.037
236 341 15 19 0.036
894 127 16 23 0.030
57 189 9 11 0.030
303 463 9 9 0.029
855 146 14 18 0.029
503 168 11 12 0.028
185 341 14 19 0.027
64 185 20 11 0.027
871 514 57 41 0.025
103 173 16 16 0.023
216 168 13 17 0.022
