47_Matador_Bullfighter_matadorbullfighting_47_575
1382
165 352 11 13 0.688
554 322 11 13 0.677
578 346 10 12 0.676
135 348 11 13 0.673
127 96 8 10 0.665
78 320 10 14 0.657
183 255 10 11 0.657
22 297 11 13 0.653
280 395 12 13 0.649
13 330 10 13 0.645
898 326 11 13 0.643
274 302 10 11 0.640
440 349 12 14 0.640
158 258 8 10 0.638
686 227 10 12 0.637
118 394 12 13 0.634
93 59 8 10 0.631
468 327 9 11 0.630
400 401 12 14 0.629
470 247 11 14 0.625
671 295 10 12 0.625
80 250 10 13 0.621
951 277 9 10 0.621
28 351 11 13 0.620
388 225 9 11 0.620
90 395 11 13 0.619
249 397 12 14 0.617
363 251 10 11 0.615
543 181 10 11 0.612
712 250 10 12 0.612
265 248 10 12 0.611
25 249 9 11 0.611
904 249 9 11 0.607
237 248 10 12 0.607
103 271 11 14 0.606
978 274 10 12 0.605
195 348 11 13 0.600
49 297 11 13 0.600
217 351 10 12 0.598
649 398 10 13 0.598
985 327 9 11 0.597
10 392 12 15 0.595
241 299 10 12 0.595
243 329 11 13 0.595
636 322 11 13 0.594
157 277 11 14 0.594
479 276 9 11 0.593
813 272 10 12 0.592
53 356 11 13 0.591
407 375 11 14 0.590
626 353 9 11 0.589
717 400 11 13 0.588
132 327 10 11 0.588
643 186 9 10 0.585
244 278 9 11 0.583
545 381 10 12 0.583
381 380 10 12 0.582
102 22 8 10 0.582
883 228 8 11 0.581
772 248 10 12 0.581
509 302 9 10 0.581
422 84 8 9 0.580
353 377 10 13 0.580
527 331 9 11 0.579
781 272 10 12 0.578
957 327 9 11 0.577
743 228 9 10 0.577
585 324 9 12 0.577
139 119 9 11 0.576
656 351 10 12 0.574
451 272 10 12 0.573
266 145 8 10 0.572
280 186 8 10 0.572
840 355 10 13 0.571
587 301 10 12 0.571
611 304 10 11 0.570
494 50 8 9 0.570
712 157 9 12 0.569
182 279 9 11 0.568
409 228 9 11 0.567
566 233 10 12 0.567
563 278 8 11 0.567
189 302 9 11 0.567
85 120 9 10 0.564
329 262 9 11 0.564
428 278 10 12 0.564
898 204 9 11 0.562
569 189 9 11 0.562
960 350 10 12 0.562
717 85 8 10 0.561
421 248 9 12 0.560
124 22 7 10 0.559
168 79 9 10 0.558
0 304 8 11 0.557
584 204 9 11 0.555
793 160 9 11 0.555
582 253 9 11 0.555
518 378 11 13 0.555
609 325 11 14 0.555
1010 319 10 11 0.553
304 325 10 12 0.551
767 140 10 12 0.551
331 315 9 11 0.551
796 253 10 12 0.550
513 230 9 10 0.550
23 208 10 12 0.550
121 140 9 12 0.550
924 204 9 11 0.550
637 204 9 11 0.549
433 228 9 10 0.549
109 121 9 11 0.548
668 185 9 11 0.548
390 250 9 12 0.547
535 278 9 11 0.546
976 27 8 9 0.545
616 272 9 11 0.544
696 121 9 11 0.544
471 186 8 9 0.544
56 24 8 11 0.544
792 354 9 11 0.543
261 84 8 10 0.542
426 188 8 9 0.542
335 50 8 9 0.542
958 248 10 12 0.541
108 300 10 11 0.541
63 149 9 11 0.540
21 274 10 12 0.540
571 124 9 11 0.540
768 230 8 10 0.538
660 229 10 12 0.538
590 159 10 12 0.538
371 123 9 10 0.537
695 65 9 11 0.536
487 159 9 12 0.536
928 324 10 12 0.535
332 83 8 9 0.535
686 350 10 12 0.535
104 100 8 9 0.535
1004 275 8 10 0.533
270 276 10 12 0.532
766 83 8 10 0.531
274 350 10 12 0.531
183 402 10 12 0.531
930 248 9 12 0.530
17 223 10 11 0.530
194 82 8 9 0.530
785 301 9 12 0.529
300 304 10 11 0.529
884 380 12 13 0.528
502 31 7 10 0.528
439 162 9 10 0.528
81 301 10 12 0.528
291 228 9 10 0.527
620 107 8 10 0.526
74 197 10 12 0.526
284 206 9 11 0.524
154 221 10 11 0.524
765 6 9 11 0.523
645 270 10 11 0.523
669 120 9 11 0.522
295 106 8 10 0.522
102 179 10 11 0.522
496 332 10 11 0.522
135 296 11 14 0.521
909 83 8 10 0.519
178 103 9 10 0.519
745 28 9 12 0.518
754 315 9 11 0.518
216 297 10 12 0.516
469 363 10 12 0.516
256 61 9 10 0.515
232 10 9 11 0.515
51 1 9 10 0.515
821 141 9 10 0.514
866 276 9 11 0.514
330 349 10 11 0.512
140 62 8 9 0.512
819 202 10 11 0.512
506 277 9 10 0.512
849 185 9 11 0.511
794 64 9 11 0.511
301 63 7 9 0.511
643 143 9 10 0.510
532 204 10 12 0.510
135 41 8 11 0.510
1003 302 9 11 0.508
499 249 9 11 0.508
0 22 8 11 0.508
474 49 8 10 0.506
724 344 9 11 0.506
130 181 9 11 0.505
1007 62 9 10 0.504
267 377 10 12 0.504
413 325 10 12 0.504
672 323 10 11 0.504
325 62 8 9 0.504
952 183 9 11 0.504
875 352 10 13 0.503
986 44 8 10 0.503
280 68 7 10 0.503
499 350 9 11 0.501
399 82 8 10 0.500
202 183 10 11 0.500
409 104 9 11 0.500
163 301 9 12 0.500
670 142 8 10 0.500
154 408 10 13 0.499
866 302 9 11 0.499
386 328 10 12 0.498
588 279 10 11 0.498
306 87 7 8 0.498
607 49 8 10 0.497
767 208 9 12 0.496
452 125 8 10 0.496
102 377 10 12 0.495
0 352 6 13 0.495
891 299 10 13 0.495
626 63 9 11 0.495
211 61 8 10 0.494
759 103 9 10 0.494
71 272 9 11 0.493
32 182 9 12 0.493
860 100 10 12 0.493
121 5 8 9 0.493
479 300 9 11 0.493
458 28 8 10 0.493
849 229 10 12 0.492
708 309 10 10 0.492
365 8 9 11 0.492
349 63 8 9 0.492
477 118 9 11 0.492
359 274 10 11 0.491
645 293 10 12 0.491
559 84 9 11 0.491
520 31 8 10 0.491
319 101 8 10 0.489
690 89 9 10 0.489
558 68 9 10 0.488
971 158 9 10 0.487
598 107 8 10 0.487
521 351 11 12 0.487
361 230 9 10 0.487
711 226 9 10 0.487
469 86 8 11 0.486
559 205 9 10 0.486
741 81 8 11 0.486
80 23 9 10 0.486
859 27 9 11 0.486
537 164 10 11 0.485
3 179 9 11 0.485
356 327 9 11 0.484
761 381 9 11 0.484
103 326 10 12 0.483
558 302 9 11 0.483
952 23 8 10 0.482
298 246 10 12 0.481
980 79 8 10 0.481
432 304 10 11 0.481
215 278 8 11 0.481
54 255 10 12 0.481
542 49 8 10 0.480
988 225 9 11 0.480
431 121 9 11 0.479
997 160 8 10 0.479
164 325 11 13 0.479
302 155 8 10 0.477
535 85 8 10 0.475
601 382 9 11 0.475
396 274 9 11 0.475
844 208 9 11 0.475
229 121 8 10 0.474
350 186 9 10 0.474
301 27 9 10 0.474
128 378 10 11 0.474
189 333 10 12 0.473
977 200 10 11 0.472
684 397 11 13 0.472
507 102 9 10 0.470
674 65 8 10 0.469
817 168 9 11 0.467
528 146 9 10 0.467
434 145 8 11 0.466
811 328 10 12 0.465
646 102 8 10 0.465
260 186 8 10 0.465
110 41 9 11 0.464
248 103 8 10 0.464
116 63 8 9 0.464
447 84 8 9 0.464
603 80 9 11 0.464
94 1 9 10 0.463
901 365 11 14 0.463
747 343 9 11 0.463
550 249 9 11 0.462
937 376 11 14 0.461
412 353 10 11 0.459
248 44 8 9 0.459
302 183 9 11 0.458
911 118 9 11 0.458
717 191 9 11 0.457
125 228 9 10 0.455
330 206 8 11 0.455
505 145 9 11 0.455
58 183 9 11 0.455
628 84 8 10 0.454
32 155 10 12 0.453
990 0 9 12 0.453
485 65 8 10 0.451
207 227 9 12 0.451
525 121 9 11 0.451
545 31 8 10 0.451
909 62 9 10 0.450
934 65 9 10 0.448
403 121 9 11 0.448
409 30 9 10 0.448
842 278 9 11 0.447
214 82 8 10 0.446
345 147 8 9 0.446
99 228 10 11 0.446
198 42 8 10 0.446
43 272 9 11 0.446
156 44 9 10 0.445
812 298 9 11 0.445
19 11 8 10 0.444
128 205 8 10 0.444
923 278 11 13 0.444
192 23 8 10 0.444
454 303 9 12 0.443
548 124 9 10 0.443
150 100 8 10 0.443
588 31 8 10 0.443
798 232 9 11 0.443
327 149 9 11 0.443
136 276 10 12 0.443
102 204 10 11 0.442
175 44 8 11 0.440
70 2 10 12 0.440
213 327 9 11 0.439
186 119 8 10 0.439
492 380 11 13 0.439
640 232 9 11 0.438
296 6 8 10 0.438
1015 226 9 10 0.437
611 12 9 11 0.437
382 48 8 10 0.437
411 171 9 10 0.436
362 101 8 10 0.436
126 248 10 12 0.436
78 352 11 13 0.436
837 30 8 10 0.435
868 208 9 11 0.435
236 226 10 11 0.434
16 376 11 13 0.434
791 5 8 9 0.432
87 42 8 10 0.432
767 164 9 11 0.432
1003 202 9 11 0.432
792 211 8 10 0.432
693 145 9 11 0.432
398 299 10 13 0.427
816 30 9 11 0.427
98 79 8 10 0.425
385 103 9 10 0.424
232 65 9 10 0.424
906 383 10 12 0.424
690 164 9 11 0.422
3 156 9 11 0.422
46 326 11 13 0.421
178 183 9 11 0.420
46 233 10 12 0.420
330 329 11 12 0.419
860 81 9 11 0.418
288 42 9 11 0.417
273 104 8 9 0.416
609 26 9 11 0.415
329 238 9 11 0.414
464 232 9 11 0.413
946 2 9 12 0.413
248 354 10 12 0.412
472 8 9 11 0.412
975 300 10 11 0.411
454 145 9 11 0.411
745 52 8 10 0.409
480 143 8 9 0.408
815 61 9 11 0.408
924 186 8 10 0.407
907 230 8 10 0.404
320 27 8 10 0.403
819 359 10 12 0.403
1015 247 9 11 0.403
535 304 10 11 0.401
177 136 9 11 0.401
255 24 9 11 0.399
949 156 9 10 0.399
435 209 8 9 0.398
718 0 8 10 0.398
934 81 8 9 0.398
676 274 9 11 0.397
122 79 9 10 0.397
547 350 10 12 0.397
69 224 10 13 0.397
657 27 8 10 0.396
788 107 9 11 0.396
511 87 8 10 0.395
836 50 8 10 0.394
811 101 10 11 0.393
740 145 8 10 0.393
509 66 8 11 0.393
1004 146 8 11 0.393
887 122 9 11 0.392
491 201 10 13 0.391
516 167 8 10 0.390
209 120 8 10 0.389
607 413 12 14 0.389
260 206 9 11 0.387
863 120 10 11 0.387
765 352 9 10 0.386
740 208 9 11 0.385
1004 183 8 10 0.385
872 166 9 11 0.384
700 17 9 12 0.384
630 249 9 11 0.383
307 206 8 11 0.381
947 208 9 11 0.381
0 55 8 12 0.381
444 253 9 11 0.380
94 352 12 13 0.379
1009 3 8 11 0.379
372 303 9 12 0.379
604 253 10 11 0.378
358 49 9 10 0.377
314 43 8 9 0.376
951 300 10 11 0.375
173 310 10 12 0.375
405 209 8 10 0.375
590 0 8 5 0.372
898 181 10 10 0.372
820 251 10 11 0.371
720 65 9 12 0.370
919 160 9 10 0.370
982 62 8 10 0.369
461 160 9 11 0.369
740 164 9 11 0.368
531 255 8 11 0.368
556 104 8 11 0.368
738 253 10 11 0.367
885 28 8 9 0.366
78 377 9 12 0.365
441 62 9 11 0.365
740 180 10 12 0.364
514 49 8 10 0.362
835 87 9 12 0.362
66 59 9 11 0.361
957 61 9 11 0.361
849 251 9 10 0.361
786 34 9 11 0.361
1003 96 9 10 0.358
957 81 7 9 0.357
766 26 9 10 0.357
63 39 8 12 0.355
0 228 7 10 0.354
487 232 9 10 0.354
675 27 9 11 0.352
229 188 8 10 0.351
930 99 9 11 0.351
881 83 8 10 0.350
938 120 9 10 0.349
625 145 9 11 0.349
836 325 9 12 0.349
954 97 9 11 0.347
793 122 8 11 0.346
582 87 9 11 0.345
111 351 10 13 0.344
579 146 8 11 0.344
435 28 8 12 0.343
223 47 9 10 0.342
373 85 9 10 0.342
907 101 9 10 0.341
521 361 11 14 0.341
389 22 9 11 0.340
720 48 9 11 0.340
182 223 11 12 0.340
673 44 8 11 0.339
717 105 10 12 0.337
408 48 8 10 0.337
356 81 8 9 0.336
990 249 10 11 0.334
34 35 8 10 0.334
613 232 9 11 0.334
360 349 10 12 0.334
1007 80 8 11 0.332
136 158 9 11 0.332
447 194 9 11 0.332
615 183 9 11 0.332
177 205 10 10 0.331
924 137 10 11 0.331
982 121 9 11 0.330
382 206 9 12 0.330
965 120 8 10 0.330
165 60 9 11 0.328
672 102 9 10 0.328
615 164 10 11 0.327
256 11 7 9 0.327
770 185 10 11 0.326
722 26 9 10 0.325
236 152 9 11 0.325
841 119 8 10 0.325
872 188 9 14 0.323
234 412 11 13 0.321
980 104 9 10 0.319
791 139 9 11 0.318
401 300 11 11 0.318
146 77 9 11 0.317
370 31 7 10 0.316
790 85 8 10 0.316
76 95 9 11 0.316
439 383 11 13 0.316
970 0 7 10 0.314
962 395 10 13 0.314
320 377 11 13 0.314
417 63 10 11 0.311
379 351 10 12 0.310
485 399 12 13 0.307
573 43 8 10 0.307
884 100 8 10 0.306
158 116 9 10 0.305
212 23 8 11 0.302
82 178 10 13 0.302
281 327 10 11 0.302
652 6 9 10 0.301
620 129 9 11 0.300
826 346 9 12 0.300
568 11 8 9 0.299
636 162 9 10 0.295
723 141 8 10 0.295
930 23 9 10 0.294
208 257 9 11 0.294
944 229 9 12 0.292
813 118 9 11 0.292
713 206 10 12 0.290
563 398 10 12 0.290
595 136 9 10 0.289
836 295 11 13 0.288
344 18 9 12 0.287
821 182 11 13 0.286
993 349 10 11 0.284
740 68 8 10 0.284
545 14 9 12 0.283
811 6 9 10 0.283
96 142 8 10 0.282
339 110 8 11 0.281
865 60 10 11 0.280
0 200 7 11 0.277
742 121 10 11 0.277
999 25 9 11 0.276
299 359 12 14 0.275
962 200 9 10 0.273
873 257 9 11 0.273
622 174 10 11 0.273
783 327 10 11 0.272
580 67 9 11 0.271
954 136 10 11 0.270
454 208 10 11 0.269
233 206 9 12 0.269
817 83 8 10 0.266
322 5 9 9 0.264
270 44 9 11 0.263
226 387 11 12 0.259
356 206 9 11 0.258
166 8 8 11 0.258
742 0 8 10 0.257
680 0 8 6 0.257
868 304 10 11 0.254
430 44 10 11 0.251
653 48 8 10 0.251
865 326 11 12 0.250
51 206 9 11 0.249
152 22 9 10 0.248
817 314 10 13 0.248
299 285 9 11 0.248
873 144 9 11 0.247
633 26 8 10 0.246
413 5 9 11 0.245
542 291 10 12 0.243
896 275 9 10 0.243
698 311 8 10 0.242
840 61 9 11 0.241
891 162 10 11 0.239
376 185 10 12 0.239
610 206 9 11 0.237
1010 120 8 10 0.237
166 25 9 11 0.236
908 78 8 17 0.235
922 297 10 12 0.235
683 382 10 11 0.235
704 35 9 11 0.234
206 6 8 11 0.232
968 2 8 10 0.230
613 204 10 12 0.227
954 44 9 11 0.227
927 137 10 11 0.226
818 167 9 22 0.226
458 206 10 12 0.225
297 382 10 13 0.225
889 50 9 10 0.224
148 202 9 12 0.224
135 38 9 11 0.223
537 279 10 14 0.222
831 395 12 13 0.220
444 327 10 11 0.220
102 252 11 13 0.220
911 314 10 12 0.219
900 144 9 11 0.217
208 206 10 11 0.216
201 137 9 11 0.215
346 0 8 12 0.214
600 61 9 11 0.213
712 123 10 12 0.212
140 397 11 12 0.212
687 87 13 10 0.212
652 68 9 11 0.212
311 343 11 12 0.212
480 24 8 11 0.212
342 177 8 10 0.212
280 23 9 11 0.211
285 87 8 9 0.208
463 71 8 12 0.208
158 182 9 12 0.206
910 184 9 10 0.206
502 125 9 10 0.203
979 137 9 11 0.202
694 183 10 12 0.201
243 85 8 10 0.201
150 404 12 14 0.201
143 0 9 12 0.201
960 232 10 11 0.201
458 385 11 13 0.201
660 377 11 12 0.200
192 207 10 10 0.200
664 162 10 10 0.200
831 49 10 10 0.199
499 0 8 10 0.198
687 204 10 11 0.198
165 17 8 20 0.198
909 30 9 10 0.198
549 124 10 16 0.196
693 45 9 11 0.196
670 82 11 11 0.196
521 184 9 13 0.196
548 140 10 13 0.194
521 174 9 11 0.193
535 67 9 11 0.192
344 23 9 10 0.191
792 209 9 19 0.191
268 1 8 10 0.190
511 183 12 12 0.190
401 190 9 10 0.190
325 181 9 11 0.189
767 51 10 11 0.188
311 217 9 11 0.188
713 365 9 10 0.186
842 268 9 11 0.186
139 143 9 11 0.186
798 228 10 11 0.186
510 57 8 21 0.185
307 208 10 16 0.185
326 184 9 10 0.185
236 240 9 24 0.184
402 125 9 12 0.183
246 326 11 13 0.182
852 392 13 14 0.181
481 100 9 11 0.181
47 210 10 12 0.181
981 135 9 12 0.180
785 35 9 12 0.179
874 187 9 11 0.178
560 200 10 15 0.177
862 10 9 12 0.176
240 153 9 11 0.175
710 251 10 11 0.175
361 260 10 18 0.174
876 254 9 10 0.173
235 205 8 17 0.173
610 19 9 18 0.173
486 388 10 25 0.172
127 174 9 12 0.172
700 0 8 8 0.171
581 69 9 11 0.171
791 192 11 14 0.171
533 65 8 10 0.171
193 335 10 27 0.171
355 209 9 10 0.170
691 87 9 21 0.170
197 38 8 16 0.169
11 86 8 10 0.169
256 14 7 26 0.169
632 244 10 13 0.169
976 185 10 11 0.169
643 121 10 11 0.169
791 369 13 16 0.168
351 189 10 12 0.168
737 256 11 13 0.166
159 165 8 9 0.166
260 202 9 12 0.165
357 323 10 13 0.165
373 62 9 20 0.164
170 44 16 10 0.164
811 98 9 21 0.164
77 366 11 21 0.164
933 353 12 13 0.164
713 244 10 21 0.163
498 328 8 32 0.163
223 369 12 13 0.163
493 195 10 12 0.162
927 201 14 13 0.162
211 252 10 13 0.162
71 80 8 11 0.161
230 183 9 11 0.161
106 29 10 17 0.161
95 230 9 11 0.160
892 42 9 13 0.159
863 277 9 15 0.157
673 60 7 24 0.157
262 230 9 11 0.157
924 3 9 10 0.157
893 378 22 13 0.156
584 233 10 12 0.156
739 204 9 12 0.155
903 150 10 12 0.152
274 289 10 29 0.152
379 166 8 10 0.152
151 22 17 10 0.151
239 29 9 12 0.151
976 184 9 21 0.150
96 325 20 12 0.150
741 116 10 16 0.150
402 384 13 30 0.149
840 175 9 11 0.149
247 38 8 18 0.147
1016 33 8 13 0.146
102 329 11 20 0.146
74 80 8 11 0.145
785 30 11 11 0.144
937 45 11 11 0.144
210 23 19 10 0.143
401 191 10 16 0.143
759 108 11 14 0.143
880 30 14 10 0.143
103 396 10 12 0.142
329 252 9 26 0.142
589 152 11 22 0.141
888 54 8 22 0.141
588 276 9 42 0.141
131 251 9 11 0.141
459 141 9 11 0.141
276 390 17 21 0.140
780 328 10 12 0.139
133 41 18 12 0.139
363 160 8 10 0.139
188 59 9 11 0.137
359 331 9 29 0.137
650 68 8 15 0.137
837 65 10 17 0.137
661 246 10 12 0.136
89 42 8 20 0.136
97 72 9 18 0.135
761 6 9 10 0.135
9 414 13 14 0.135
560 304 9 11 0.135
846 141 9 11 0.134
768 164 10 24 0.134
26 350 27 14 0.134
737 381 9 11 0.134
899 2 10 10 0.134
823 232 10 11 0.133
220 360 11 18 0.133
894 171 9 14 0.133
761 64 8 19 0.133
636 230 12 10 0.132
586 231 11 12 0.130
912 42 9 12 0.130
10 179 10 11 0.129
712 132 8 14 0.129
742 65 8 30 0.129
620 407 12 13 0.129
683 146 22 9 0.129
318 96 9 17 0.129
1016 239 8 21 0.128
761 119 13 13 0.128
489 51 9 23 0.128
176 108 9 11 0.128
792 224 10 13 0.128
261 231 10 17 0.127
1006 60 8 22 0.127
403 147 9 11 0.126
849 164 13 10 0.126
183 108 9 23 0.126
432 115 9 17 0.126
822 251 20 11 0.125
307 330 10 23 0.125
605 48 8 21 0.124
711 205 9 19 0.123
303 317 12 25 0.123
1004 87 9 20 0.123
485 395 10 13 0.123
734 365 10 15 0.122
439 385 15 17 0.121
619 126 14 12 0.121
697 102 10 11 0.121
315 0 8 10 0.121
608 409 21 15 0.120
243 377 10 18 0.120
80 179 10 27 0.120
564 43 17 11 0.120
792 196 9 27 0.119
729 351 18 13 0.119
68 55 7 27 0.119
738 0 13 9 0.118
24 130 10 12 0.118
384 0 9 9 0.117
624 8 8 11 0.117
339 114 9 11 0.116
1013 393 9 12 0.116
632 48 8 11 0.116
737 30 16 10 0.116
952 282 9 26 0.116
428 331 9 11 0.116
896 101 9 9 0.115
155 102 7 27 0.115
448 192 9 27 0.114
346 0 8 8 0.113
157 407 10 13 0.113
829 343 12 16 0.113
0 248 7 17 0.112
608 177 9 11 0.112
166 205 24 10 0.112
137 286 9 29 0.112
643 121 18 11 0.112
306 347 11 23 0.112
616 168 11 24 0.111
566 33 9 19 0.111
687 103 10 11 0.110
907 228 8 28 0.110
259 60 8 28 0.110
217 120 24 11 0.110
899 143 9 23 0.109
793 135 8 39 0.109
456 230 10 11 0.109
151 406 20 14 0.109
49 329 10 13 0.109
886 365 14 34 0.108
690 411 11 13 0.108
111 387 19 24 0.108
739 319 10 10 0.108
982 61 8 21 0.107
866 203 10 13 0.107
871 255 8 32 0.106
119 61 8 32 0.106
468 230 14 11 0.106
29 38 11 12 0.106
888 23 8 9 0.105
50 389 12 18 0.105
178 377 12 13 0.105
385 203 9 30 0.105
739 178 10 12 0.104
166 312 13 29 0.104
788 5 9 10 0.104
249 313 11 14 0.104
4 59 10 11 0.104
870 49 9 18 0.104
1009 56 7 28 0.103
827 378 11 13 0.103
365 378 31 13 0.103
818 185 10 11 0.103
637 308 11 36 0.103
871 187 8 33 0.102
575 104 8 23 0.102
771 226 9 39 0.102
343 96 17 10 0.102
845 249 8 32 0.102
935 363 13 31 0.102
1014 28 10 10 0.101
835 100 18 11 0.101
506 184 14 14 0.101
687 252 10 12 0.101
650 162 24 10 0.100
885 95 8 29 0.100
392 342 10 13 0.100
437 392 13 14 0.100
391 101 14 11 0.100
461 66 9 13 0.100
644 266 15 14 0.099
87 177 30 11 0.098
744 48 8 32 0.098
902 184 24 10 0.098
95 392 19 15 0.098
191 0 10 9 0.097
345 0 7 28 0.097
205 396 11 12 0.097
555 106 17 10 0.096
700 328 11 12 0.096
535 238 10 12 0.096
49 386 12 13 0.096
586 49 8 13 0.095
435 0 10 8 0.095
205 335 12 14 0.095
252 226 20 15 0.095
748 261 10 12 0.095
430 27 13 18 0.094
407 297 9 12 0.094
593 160 24 11 0.094
958 399 10 13 0.093
146 0 13 10 0.093
163 7 10 17 0.093
566 161 11 16 0.092
518 254 10 13 0.092
314 5 14 9 0.092
875 0 11 10 0.092
369 298 12 19 0.092
181 204 10 32 0.092
161 378 12 14 0.091
639 61 19 11 0.091
488 408 13 14 0.091
77 164 11 14 0.091
983 103 8 33 0.090
717 138 8 31 0.090
889 102 30 8 0.090
187 236 9 11 0.090
511 251 17 11 0.090
945 45 21 11 0.089
606 312 12 28 0.089
813 109 10 15 0.089
325 233 9 13 0.089
331 314 10 21 0.089
167 0 10 8 0.089
805 43 14 12 0.088
857 136 17 12 0.088
305 76 8 21 0.088
377 71 16 11 0.087
271 31 9 26 0.087
581 85 8 31 0.086
766 50 12 19 0.086
523 11 8 11 0.086
959 380 10 12 0.085
545 11 7 31 0.085
418 404 13 14 0.085
929 242 11 20 0.085
818 58 7 34 0.085
287 26 8 32 0.085
370 66 13 19 0.083
539 399 11 14 0.083
737 357 13 16 0.082
202 140 11 12 0.082
688 338 10 23 0.082
839 108 8 26 0.082
15 310 10 42 0.082
906 32 21 11 0.082
868 60 11 12 0.081
515 164 9 31 0.080
656 354 11 13 0.080
734 372 11 17 0.080
935 67 8 11 0.080
884 60 8 33 0.080
595 188 8 10 0.080
547 7 10 28 0.080
374 122 8 10 0.078
219 202 16 12 0.077
913 304 13 20 0.076
157 223 28 11 0.076
299 240 12 12 0.076
0 116 7 11 0.076
653 350 16 17 0.076
270 6 11 17 0.075
387 0 7 29 0.075
188 291 10 24 0.075
658 244 10 20 0.075
386 326 14 16 0.075
45 329 10 12 0.075
574 382 10 11 0.075
16 119 10 12 0.075
895 2 17 12 0.075
287 1 11 10 0.074
927 100 12 19 0.074
837 45 8 35 0.074
933 177 8 11 0.074
891 35 23 10 0.073
644 29 22 10 0.073
283 321 15 15 0.073
355 75 15 16 0.073
330 150 9 11 0.072
542 234 10 11 0.072
665 270 12 12 0.072
588 268 10 20 0.072
316 44 26 11 0.072
873 2 12 22 0.072
956 239 13 27 0.072
1007 43 10 10 0.071
829 390 12 15 0.071
543 178 14 12 0.071
586 81 29 11 0.071
381 348 10 62 0.071
584 97 11 14 0.070
148 201 24 14 0.070
11 33 9 15 0.070
658 25 29 11 0.070
481 66 14 13 0.070
662 376 11 12 0.070
200 180 9 12 0.070
409 345 10 53 0.069
213 349 15 20 0.069
198 141 10 11 0.069
555 251 9 11 0.069
956 42 11 10 0.068
849 386 11 13 0.068
759 186 21 10 0.068
665 394 10 13 0.068
46 291 12 15 0.067
612 227 11 13 0.067
427 17 11 17 0.067
78 351 32 15 0.067
900 356 11 13 0.066
77 242 13 33 0.066
215 241 10 13 0.066
212 132 14 11 0.066
317 118 9 11 0.066
200 135 18 12 0.066
130 185 25 11 0.066
883 374 12 14 0.066
364 164 24 11 0.066
533 270 9 16 0.066
848 393 13 14 0.066
221 20 9 24 0.065
645 49 20 10 0.065
700 0 33 9 0.065
931 296 20 11 0.064
889 303 10 12 0.064
691 329 20 12 0.064
30 176 12 21 0.063
377 165 8 34 0.063
211 263 9 16 0.063
139 228 8 10 0.062
138 273 11 13 0.062
925 361 11 16 0.062
221 366 13 29 0.062
758 50 20 10 0.062
450 40 9 15 0.061
160 319 10 17 0.061
3 173 12 19 0.061
319 5 32 9 0.061
41 413 13 14 0.061
992 394 11 12 0.061
760 122 28 12 0.061
241 288 10 27 0.060
530 107 11 10 0.060
893 65 9 10 0.060
458 394 12 13 0.060
476 8 9 31 0.060
553 307 11 50 0.060
533 251 30 11 0.059
123 228 9 31 0.058
812 9 8 32 0.058
327 248 9 25 0.058
902 2 16 10 0.057
606 73 20 11 0.057
273 15 14 24 0.057
489 92 11 10 0.056
101 129 11 23 0.056
472 238 10 36 0.056
245 80 12 14 0.056
928 377 14 13 0.056
651 49 9 32 0.056
745 321 8 30 0.055
700 4 8 27 0.055
221 354 9 12 0.055
787 391 13 17 0.055
430 304 10 15 0.055
49 398 16 17 0.054
0 295 8 17 0.054
567 165 8 34 0.054
953 328 11 11 0.054
17 99 9 11 0.054
650 101 13 12 0.054
320 406 19 23 0.054
655 162 9 11 0.054
455 140 18 26 0.054
934 286 9 18 0.053
685 211 11 40 0.053
1014 280 10 13 0.053
134 382 10 14 0.053
46 386 14 19 0.053
501 249 9 24 0.053
599 141 14 12 0.053
292 363 11 15 0.053
701 26 9 27 0.052
535 271 11 21 0.052
932 228 13 32 0.052
812 143 20 11 0.052
465 211 10 11 0.052
920 28 15 20 0.052
180 9 16 11 0.051
790 42 23 11 0.051
284 154 8 11 0.051
59 403 15 15 0.051
574 231 22 12 0.051
375 360 10 23 0.051
541 348 12 13 0.051
793 337 11 31 0.050
932 376 34 21 0.050
360 97 30 11 0.050
756 402 13 18 0.050
28 323 13 58 0.050
985 139 9 19 0.050
298 30 26 12 0.050
740 382 11 13 0.050
214 0 16 9 0.050
133 286 9 69 0.049
821 205 15 14 0.049
637 81 22 11 0.049
305 305 11 57 0.049
746 327 11 37 0.049
857 49 18 10 0.049
922 270 15 32 0.049
212 323 9 14 0.049
363 244 11 30 0.049
790 367 13 28 0.048
445 105 19 12 0.048
1002 145 13 15 0.048
875 6 18 15 0.048
820 144 20 10 0.048
432 299 12 22 0.048
790 28 13 14 0.048
158 204 22 16 0.048
822 229 10 29 0.048
256 186 10 10 0.047
833 238 12 24 0.047
498 317 10 56 0.047
146 139 10 10 0.047
439 88 9 29 0.047
484 0 23 10 0.047
784 396 12 12 0.047
1016 415 8 13 0.047
855 4 9 15 0.047
512 192 13 11 0.047
542 170 10 37 0.047
84 150 13 11 0.047
446 327 12 18 0.046
216 282 10 34 0.046
413 310 9 52 0.046
672 283 9 57 0.046
879 374 43 21 0.046
202 392 11 14 0.045
91 210 19 13 0.045
447 233 21 12 0.045
107 158 9 11 0.045
732 387 11 21 0.045
487 402 17 15 0.045
569 183 12 28 0.045
75 315 12 15 0.045
566 5 12 10 0.044
422 86 11 14 0.044
1010 136 14 13 0.044
228 375 17 22 0.044
490 410 13 15 0.044
622 380 13 12 0.043
699 36 21 17 0.043
312 107 15 11 0.043
126 142 23 21 0.043
300 252 9 14 0.043
209 108 15 12 0.043
717 343 31 13 0.042
273 90 17 16 0.042
225 147 17 13 0.042
62 410 18 14 0.042
764 353 12 17 0.042
871 140 20 19 0.042
913 41 18 17 0.042
371 414 12 13 0.042
827 230 20 11 0.042
235 177 8 10 0.042
299 280 9 12 0.041
549 0 12 10 0.041
953 94 8 30 0.041
750 53 22 23 0.041
101 260 10 14 0.041
75 414 20 14 0.041
713 152 10 22 0.040
17 96 8 27 0.040
966 415 11 12 0.040
361 172 13 21 0.040
74 188 11 30 0.040
741 259 12 15 0.040
648 79 17 19 0.039
790 394 14 13 0.039
494 381 15 13 0.039
13 229 11 12 0.039
567 145 24 13 0.039
790 65 13 14 0.039
1015 159 9 13 0.039
230 129 8 30 0.038
379 166 12 23 0.038
497 355 9 26 0.038
902 3 24 11 0.038
869 14 20 23 0.038
233 201 17 14 0.038
217 329 14 62 0.037
924 268 9 23 0.037
480 98 14 28 0.037
819 196 11 24 0.037
703 0 14 29 0.037
190 3 23 19 0.037
331 227 11 21 0.036
160 377 29 13 0.036
451 298 10 15 0.036
863 300 46 14 0.036
987 214 10 38 0.036
686 171 10 14 0.036
821 134 10 24 0.036
432 278 8 17 0.035
415 407 12 13 0.035
376 342 14 21 0.035
991 356 11 13 0.035
643 139 11 12 0.035
328 46 23 28 0.035
719 108 27 13 0.035
951 306 10 19 0.035
177 65 13 11 0.034
482 1 22 15 0.034
2 134 10 14 0.034
776 233 18 13 0.034
14 87 9 27 0.034
42 399 16 21 0.034
18 43 12 15 0.034
323 401 15 20 0.034
739 98 15 21 0.033
588 0 22 6 0.033
840 346 11 14 0.033
486 288 9 13 0.033
287 245 25 15 0.033
563 217 11 49 0.033
624 0 12 14 0.033
380 365 9 31 0.033
931 27 17 26 0.033
705 368 14 17 0.033
389 348 28 14 0.032
1012 33 10 33 0.032
86 413 12 14 0.032
511 227 10 17 0.032
857 25 15 15 0.032
256 106 20 10 0.032
777 330 20 21 0.032
284 127 10 14 0.032
506 138 10 14 0.032
398 5 23 13 0.032
512 396 12 14 0.032
923 193 12 33 0.032
391 243 10 35 0.032
621 255 14 20 0.032
719 45 10 44 0.032
687 205 9 30 0.032
79 317 11 15 0.031
283 379 20 14 0.031
609 12 12 16 0.031
47 163 12 13 0.031
396 133 9 13 0.031
909 288 15 13 0.031
529 91 9 28 0.031
825 379 23 38 0.031
968 234 13 15 0.031
44 382 14 14 0.031
853 167 24 13 0.030
55 177 18 24 0.030
349 46 22 36 0.030
177 0 27 9 0.030
681 0 8 2 0.030
966 173 15 13 0.030
974 304 10 19 0.030
111 355 10 15 0.030
785 290 9 44 0.030
847 0 15 10 0.029
72 200 14 27 0.029
570 120 11 19 0.029
327 263 10 16 0.029
23 317 11 14 0.029
298 386 13 13 0.029
10 75 9 18 0.029
968 156 11 14 0.029
231 10 12 16 0.029
54 390 12 16 0.029
932 348 12 16 0.029
931 250 10 13 0.029
935 140 13 15 0.029
779 234 15 67 0.029
963 401 12 17 0.028
541 2 14 10 0.028
429 122 12 24 0.028
78 400 24 13 0.028
210 377 13 20 0.028
158 115 12 16 0.028
256 0 22 10 0.028
17 111 11 13 0.028
1 55 11 17 0.027
742 268 12 14 0.027
338 89 16 27 0.027
434 0 13 16 0.027
623 349 50 16 0.027
1016 377 8 19 0.027
992 392 28 14 0.027
28 244 30 20 0.026
758 402 14 13 0.026
173 235 11 17 0.026
278 290 15 18 0.026
173 350 29 12 0.026
253 357 17 14 0.026
637 184 10 42 0.026
154 203 10 43 0.026
877 331 12 18 0.026
171 138 9 9 0.026
181 160 11 14 0.026
982 176 12 16 0.026
979 315 18 40 0.026
841 163 12 13 0.026
173 54 23 17 0.026
558 87 14 26 0.026
929 0 28 10 0.026
996 380 10 12 0.026
484 315 16 11 0.025
112 296 11 14 0.025
740 167 11 42 0.025
836 66 10 47 0.025
401 127 17 18 0.025
449 395 16 14 0.025
17 146 19 13 0.025
710 375 12 16 0.025
1006 59 13 16 0.025
701 165 15 17 0.025
391 55 13 23 0.025
503 307 14 13 0.025
416 0 28 9 0.024
536 155 16 75 0.024
0 20 11 15 0.024
701 333 10 21 0.024
811 4 11 17 0.024
479 369 47 45 0.024
854 0 20 11 0.024
928 233 9 12 0.023
120 4 11 15 0.023
541 37 10 26 0.023
268 223 9 83 0.023
421 156 14 14 0.023
951 256 15 61 0.023
520 0 13 9 0.023
591 310 35 44 0.023
861 326 12 20 0.023
454 104 19 14 0.022
340 120 9 11 0.022
155 34 10 26 0.022
133 0 15 13 0.022
344 280 12 16 0.022
613 239 8 119 0.022
184 231 8 72 0.022
724 1 19 24 0.022
54 135 8 11 0.022
3 133 11 81 0.022
1002 190 10 27 0.022
855 135 23 24 0.021
436 150 12 26 0.021
839 250 10 76 0.021
75 93 11 17 0.021
286 126 8 25 0.021
268 314 11 102 0.021
106 269 9 94 0.021
429 393 14 17 0.020
187 272 11 79 0.020
299 409 14 16 0.020
388 0 31 10 0.020
23 18 13 23 0.020
796 208 9 85 0.020
427 245 9 69 0.020
1012 260 11 15 0.020
105 261 13 16 0.020
521 311 9 116 0.020
882 208 22 12 0.020
