47_Matador_Bullfighter_matadorbullfighting_47_783
52
907 88 26 31 0.801
302 41 25 32 0.760
860 86 22 30 0.750
819 104 22 28 0.735
148 39 27 33 0.701
226 40 24 27 0.686
278 134 79 57 0.681
654 97 27 32 0.656
371 50 24 30 0.651
77 38 25 32 0.632
430 67 25 28 0.583
962 109 22 27 0.549
710 68 24 29 0.532
752 93 23 29 0.440
710 39 28 33 0.292
849 5 23 28 0.290
981 74 21 25 0.290
937 79 21 26 0.181
793 12 20 26 0.179
732 91 21 29 0.175
753 101 27 31 0.140
1010 46 14 29 0.109
153 9 22 25 0.089
100 3 24 29 0.083
263 135 67 48 0.075
888 0 20 22 0.075
757 112 27 29 0.070
559 54 24 28 0.069
913 0 19 21 0.061
953 6 18 21 0.059
1012 87 12 40 0.056
949 40 25 30 0.054
50 29 21 28 0.046
487 4 27 31 0.044
281 124 66 46 0.042
100 27 27 31 0.037
771 0 21 16 0.036
980 48 21 32 0.034
998 49 26 40 0.031
191 29 26 29 0.029
444 0 21 17 0.028
467 137 64 65 0.027
954 110 29 67 0.027
719 82 26 27 0.026
244 86 28 30 0.026
1011 75 12 35 0.026
180 26 30 31 0.025
952 144 30 34 0.024
778 1 24 28 0.021
220 0 22 23 0.020
171 76 29 35 0.020
797 7 36 30 0.020
