47_Matador_Bullfighter_matadorbullfighting_47_233
123
460 197 49 55 0.801
514 182 16 19 0.771
716 189 18 21 0.767
252 175 18 22 0.759
629 189 17 20 0.738
760 191 17 22 0.737
390 174 18 23 0.729
853 201 15 18 0.712
1004 197 19 22 0.680
327 168 17 20 0.670
150 165 18 22 0.657
585 160 20 22 0.656
433 184 14 18 0.652
887 202 17 18 0.639
662 187 16 18 0.631
697 0 15 20 0.628
66 145 17 19 0.622
364 164 16 20 0.619
202 161 17 19 0.613
424 162 17 20 0.611
952 204 21 21 0.598
690 174 15 19 0.596
220 159 15 20 0.543
920 177 17 21 0.536
97 163 20 20 0.502
298 165 17 22 0.431
149 145 17 19 0.388
86 162 21 21 0.352
635 3 15 17 0.340
461 157 16 16 0.336
932 205 16 18 0.309
473 157 18 19 0.273
757 0 14 15 0.267
781 174 19 18 0.245
183 150 14 18 0.206
930 12 18 20 0.177
285 131 13 16 0.168
95 137 15 17 0.147
612 3 13 13 0.135
202 152 18 19 0.133
6 155 19 18 0.126
27 154 13 16 0.120
419 162 16 19 0.120
673 190 18 18 0.118
35 134 12 14 0.117
729 169 15 17 0.115
517 161 16 17 0.112
464 155 22 17 0.109
479 158 17 16 0.108
144 146 16 16 0.107
6 133 18 23 0.101
796 200 17 19 0.093
776 173 15 17 0.090
847 192 14 21 0.089
598 4 14 14 0.086
757 7 16 15 0.083
320 150 15 16 0.080
889 194 19 25 0.077
599 2 24 15 0.074
682 183 17 21 0.073
910 179 24 19 0.070
290 153 22 22 0.070
296 168 51 19 0.069
283 154 16 25 0.067
614 3 20 13 0.065
785 172 30 33 0.065
740 4 14 14 0.061
286 137 14 18 0.058
4 147 34 24 0.056
448 171 15 18 0.055
284 131 14 35 0.055
451 163 19 17 0.054
894 178 21 19 0.054
333 167 17 21 0.053
457 156 15 17 0.051
758 15 11 12 0.051
549 0 14 13 0.051
495 163 15 20 0.051
932 210 17 20 0.051
803 179 20 21 0.050
568 164 17 16 0.049
594 4 14 15 0.048
778 0 21 12 0.047
929 198 20 20 0.046
535 0 17 14 0.045
791 177 19 20 0.045
809 0 16 12 0.042
374 166 16 19 0.041
13 133 33 30 0.040
398 153 19 18 0.039
936 12 18 18 0.039
3 155 14 21 0.039
733 2 18 13 0.038
1008 215 14 22 0.038
368 145 15 17 0.036
890 177 16 18 0.034
426 155 16 20 0.033
906 181 15 24 0.033
814 176 19 26 0.032
520 159 16 15 0.032
730 3 14 13 0.032
362 154 16 25 0.031
11 213 13 14 0.029
254 148 16 16 0.029
499 138 11 12 0.029
272 133 30 24 0.029
394 132 10 10 0.029
610 182 17 17 0.028
727 0 11 14 0.028
362 145 15 16 0.027
840 198 25 24 0.027
223 149 20 19 0.027
200 170 18 21 0.027
649 0 11 14 0.026
791 184 21 33 0.024
66 152 17 19 0.024
528 164 15 18 0.024
287 173 14 18 0.023
376 164 78 42 0.023
387 152 24 16 0.023
2 133 14 20 0.021
1004 208 18 24 0.021
27 157 18 19 0.020
