47_Matador_Bullfighter_matadorbullfighting_47_76
76
850 26 20 23 0.785
915 30 20 24 0.759
315 24 18 20 0.752
370 17 18 20 0.745
788 33 18 21 0.744
254 22 18 20 0.739
977 0 18 18 0.734
789 0 18 14 0.725
486 24 17 18 0.725
678 25 21 21 0.724
542 20 20 23 0.722
910 1 17 18 0.709
20 19 17 18 0.704
187 13 20 22 0.685
736 22 20 24 0.664
982 33 18 21 0.633
624 19 19 23 0.624
595 0 17 10 0.528
658 0 17 11 0.470
69 17 15 18 0.464
0 32 16 22 0.447
838 2 17 18 0.391
347 0 16 17 0.381
708 23 20 21 0.319
234 12 17 18 0.281
729 0 17 10 0.224
751 17 18 23 0.180
436 8 18 21 0.179
703 21 19 21 0.155
147 34 16 19 0.130
88 30 18 21 0.127
595 0 18 17 0.124
6 4 14 18 0.123
219 1 16 18 0.117
888 32 15 18 0.116
142 2 13 16 0.103
84 20 20 29 0.092
810 22 16 19 0.091
439 3 18 20 0.071
9 4 16 21 0.071
86 14 16 18 0.066
166 41 15 16 0.065
121 9 17 19 0.052
394 0 22 14 0.051
836 1 23 28 0.051
149 36 23 18 0.051
1004 34 16 19 0.050
395 8 28 24 0.049
629 31 20 25 0.048
962 36 14 18 0.047
38 33 15 16 0.040
232 43 18 19 0.040
111 39 14 18 0.040
127 4 29 24 0.039
141 2 24 18 0.038
845 1 14 18 0.035
140 24 16 21 0.034
383 5 20 20 0.033
81 27 19 21 0.033
510 36 17 18 0.032
134 17 16 20 0.032
391 7 62 24 0.031
533 13 16 18 0.029
1000 31 15 19 0.026
812 11 53 28 0.026
585 0 25 18 0.025
353 2 16 15 0.025
1013 26 11 23 0.024
711 29 20 24 0.023
706 57 15 19 0.023
91 22 18 20 0.022
403 12 21 24 0.022
891 30 20 20 0.021
49 0 14 11 0.021
594 5 18 18 0.020
238 6 16 18 0.020
