47_Matador_Bullfighter_matadorbullfighting_47_479
54
41 367 29 34 0.736
746 450 25 29 0.734
420 353 25 30 0.726
139 382 27 31 0.712
382 356 24 31 0.682
790 301 16 19 0.682
311 371 28 35 0.679
1002 447 22 33 0.678
809 465 23 28 0.660
990 367 29 36 0.652
663 393 16 18 0.651
819 301 18 22 0.645
832 443 23 27 0.611
893 397 19 23 0.607
81 344 25 31 0.590
560 439 52 53 0.590
858 439 24 27 0.585
737 371 17 20 0.491
873 397 17 19 0.303
744 426 18 20 0.204
239 349 26 31 0.198
792 301 51 20 0.164
728 373 18 21 0.161
502 421 32 30 0.154
904 444 22 24 0.147
212 346 38 31 0.142
209 346 23 29 0.103
968 359 18 21 0.088
706 463 20 22 0.074
142 373 27 32 0.066
708 389 17 20 0.053
827 399 15 20 0.050
713 462 20 22 0.050
779 454 17 22 0.050
425 387 20 25 0.047
896 442 23 25 0.046
843 405 19 22 0.044
868 395 17 21 0.041
827 401 24 24 0.040
247 344 21 32 0.039
555 435 40 46 0.039
836 425 22 37 0.036
867 371 15 17 0.034
832 403 28 26 0.034
805 443 23 20 0.030
746 420 19 22 0.030
297 374 23 33 0.029
947 447 20 27 0.028
742 433 19 25 0.025
869 365 17 18 0.025
497 413 28 30 0.023
421 376 29 35 0.022
742 366 16 21 0.021
505 473 16 18 0.021
