47_Matador_Bullfighter_matadorbullfighting_47_271
83
416 195 35 41 0.813
194 156 21 24 0.779
703 164 19 22 0.779
368 157 21 26 0.774
441 150 17 22 0.767
640 171 18 21 0.748
983 156 24 27 0.735
785 166 18 20 0.719
468 172 17 19 0.717
265 141 19 21 0.705
764 136 17 22 0.683
745 168 16 20 0.633
525 156 20 22 0.620
477 145 16 19 0.602
410 144 17 19 0.575
717 134 19 21 0.554
800 145 18 22 0.548
664 161 17 20 0.545
91 136 18 22 0.492
629 144 16 20 0.435
738 147 17 18 0.412
843 158 21 24 0.380
563 150 16 20 0.348
589 147 18 21 0.329
955 133 22 23 0.327
1006 144 16 21 0.292
925 160 18 20 0.260
883 138 15 18 0.219
914 155 23 23 0.218
103 159 16 21 0.214
530 154 18 20 0.211
95 150 23 28 0.177
1 120 18 28 0.174
910 152 20 23 0.173
317 150 16 20 0.173
313 152 19 27 0.172
246 141 15 18 0.159
842 150 19 22 0.158
816 145 16 20 0.142
870 138 27 20 0.130
868 141 16 19 0.121
310 159 20 24 0.110
569 150 38 24 0.109
578 168 16 18 0.108
504 150 23 19 0.097
405 146 17 19 0.095
62 153 18 22 0.088
918 151 25 22 0.087
28 203 20 22 0.086
580 159 19 23 0.083
90 155 20 22 0.078
825 143 15 16 0.078
411 153 17 21 0.074
649 151 15 16 0.069
614 153 15 18 0.068
576 146 17 18 0.066
685 152 17 17 0.064
946 134 20 19 0.062
269 146 19 19 0.062
922 165 17 19 0.058
321 147 15 21 0.052
826 147 29 21 0.046
106 153 19 21 0.046
330 132 17 18 0.043
177 148 29 24 0.040
57 150 17 25 0.039
176 141 17 23 0.037
553 170 15 15 0.034
597 147 19 21 0.034
510 154 16 20 0.034
259 144 20 19 0.033
940 134 16 19 0.033
500 147 16 18 0.032
626 9 13 15 0.031
294 140 21 20 0.030
377 146 18 23 0.029
620 129 19 22 0.027
1013 152 11 22 0.025
743 146 20 19 0.024
369 147 20 27 0.023
110 156 20 23 0.022
777 149 18 24 0.022
301 142 22 23 0.021
