13_Interview_Interview_On_Location_13_808
24
956 214 19 23 0.745
979 202 24 30 0.714
834 205 21 25 0.708
889 212 18 24 0.677
322 214 27 34 0.602
157 186 35 46 0.588
553 288 22 26 0.523
712 170 21 28 0.518
367 202 26 31 0.446
972 283 21 25 0.240
306 253 23 29 0.172
769 245 17 21 0.156
278 219 28 33 0.117
711 162 21 25 0.081
698 196 18 26 0.076
311 209 34 57 0.051
811 220 15 21 0.041
806 230 12 17 0.039
275 207 27 33 0.038
814 216 15 19 0.037
885 208 19 22 0.034
297 255 25 31 0.031
695 173 18 31 0.031
330 216 20 26 0.021
