13_Interview_Interview_On_Location_13_676
37
203 231 41 55 0.825
328 225 32 44 0.823
459 85 40 53 0.820
589 269 25 31 0.797
32 218 28 34 0.776
388 232 27 39 0.715
563 265 25 34 0.656
586 246 21 24 0.404
767 198 16 20 0.359
641 254 12 15 0.334
1014 255 10 19 0.303
670 240 13 16 0.255
908 249 16 26 0.238
972 234 16 28 0.214
690 171 19 25 0.173
642 250 18 18 0.130
647 242 11 13 0.114
662 252 15 20 0.109
631 255 16 20 0.105
780 210 19 22 0.057
96 243 10 15 0.057
593 261 22 29 0.056
838 220 14 16 0.055
904 256 18 25 0.047
788 247 15 21 0.044
0 593 19 88 0.043
993 251 21 20 0.031
760 241 18 23 0.030
652 304 10 12 0.030
694 173 26 28 0.029
982 245 21 22 0.028
757 246 16 20 0.024
629 268 14 23 0.023
800 250 16 21 0.023
767 203 15 24 0.022
785 215 14 25 0.022
990 253 14 19 0.020
