13_Interview_Interview_Sequences_13_623
24
802 5 98 132 0.890
39 401 16 19 0.541
138 410 9 12 0.335
292 497 23 38 0.327
91 411 10 11 0.326
996 42 25 39 0.313
994 147 12 15 0.157
182 414 11 12 0.092
171 424 10 11 0.080
225 414 9 11 0.067
220 411 12 11 0.065
1008 50 15 35 0.051
124 432 9 13 0.047
192 410 12 13 0.042
202 415 13 15 0.040
181 414 29 12 0.036
945 61 15 21 0.034
996 36 19 23 0.030
203 419 11 14 0.030
90 410 9 10 0.029
331 410 9 10 0.028
199 421 11 13 0.026
0 506 10 30 0.023
200 412 19 12 0.022
