13_Interview_Interview_2_People_Visible_13_55
40
254 372 88 114 0.864
959 397 54 66 0.832
507 397 39 53 0.816
447 432 38 49 0.813
681 223 95 176 0.796
546 423 38 52 0.765
342 388 28 39 0.761
165 344 45 59 0.525
606 430 24 26 0.356
644 438 25 38 0.281
669 433 24 35 0.226
658 447 26 36 0.190
895 415 30 40 0.166
641 435 22 32 0.164
595 457 24 33 0.147
334 378 40 56 0.144
619 452 28 31 0.137
674 426 28 40 0.123
645 434 44 37 0.110
178 350 49 62 0.090
924 420 20 27 0.077
612 449 27 37 0.070
595 430 75 48 0.069
921 395 19 37 0.058
430 424 23 32 0.054
421 430 22 28 0.048
669 445 25 36 0.047
720 399 34 42 0.044
412 435 19 26 0.040
689 415 30 44 0.039
926 423 26 33 0.038
614 433 36 20 0.038
724 405 43 55 0.037
97 381 18 16 0.036
663 459 21 28 0.033
907 402 26 32 0.032
408 430 46 31 0.026
935 437 23 28 0.025
915 396 21 23 0.022
392 416 21 25 0.020
