13_Interview_Interview_2_People_Visible_13_486
40
448 311 13 15 0.738
258 292 13 16 0.731
550 301 12 13 0.697
135 297 14 16 0.690
819 296 13 16 0.681
519 304 11 13 0.675
486 281 12 14 0.674
643 297 11 14 0.662
628 302 12 15 0.656
363 290 11 15 0.648
681 301 12 14 0.636
761 300 16 18 0.636
479 423 18 24 0.592
756 297 15 17 0.560
233 308 11 13 0.491
0 385 19 65 0.244
1013 424 10 23 0.200
967 427 15 22 0.118
600 389 28 39 0.081
969 419 14 24 0.066
583 408 25 35 0.057
193 421 13 17 0.055
771 417 15 20 0.048
587 400 34 59 0.047
226 448 20 27 0.044
485 286 13 15 0.040
680 303 14 17 0.040
964 431 16 27 0.039
965 368 8 11 0.035
191 446 19 31 0.034
890 425 14 18 0.032
588 426 28 43 0.031
584 420 26 37 0.029
584 399 24 30 0.026
597 440 21 38 0.025
231 307 10 13 0.024
613 479 29 38 0.024
798 410 18 26 0.024
601 399 29 47 0.021
971 416 17 22 0.021
