13_Interview_Interview_On_Location_13_787
29
516 371 15 18 0.723
102 353 19 23 0.693
78 355 17 19 0.452
139 360 19 20 0.356
9 340 19 21 0.345
287 365 12 13 0.329
791 360 17 18 0.319
167 357 19 22 0.249
691 323 13 16 0.090
471 355 13 18 0.086
279 364 11 14 0.069
348 374 9 10 0.067
254 396 11 13 0.054
7 344 15 23 0.050
457 357 11 14 0.039
459 358 16 16 0.039
14 345 18 22 0.037
784 357 16 17 0.036
352 372 10 11 0.029
794 355 15 18 0.028
197 349 15 18 0.028
187 350 22 19 0.027
768 373 12 14 0.026
175 360 21 21 0.026
291 369 11 12 0.023
464 362 15 16 0.023
196 347 13 17 0.022
683 356 20 25 0.022
167 348 15 17 0.021
