13_Interview_Interview_2_People_Visible_13_294
48
508 152 149 214 0.867
673 2 31 32 0.184
447 5 23 27 0.127
315 2 30 31 0.126
716 5 27 30 0.110
583 5 30 31 0.096
538 2 30 29 0.094
268 2 30 27 0.087
178 4 32 31 0.078
133 3 30 25 0.066
60 12 19 24 0.062
403 2 31 31 0.062
49 8 23 26 0.061
627 0 26 26 0.059
44 8 18 26 0.059
641 12 22 24 0.053
370 9 23 24 0.052
492 1 22 24 0.050
357 3 24 27 0.047
223 5 29 30 0.047
0 48 26 30 0.046
100 5 22 21 0.045
762 0 27 28 0.044
145 4 23 21 0.044
810 5 30 32 0.041
15 20 17 20 0.040
507 8 21 26 0.040
629 9 29 27 0.038
10 53 24 28 0.036
278 4 25 21 0.035
3 19 20 21 0.032
548 4 23 21 0.031
682 2 22 22 0.030
349 7 25 26 0.029
638 2 24 26 0.029
90 2 24 23 0.028
8 3 22 21 0.028
493 7 27 27 0.028
5 30 25 57 0.028
138 8 28 29 0.027
101 16 22 24 0.025
622 8 24 26 0.025
374 441 87 96 0.025
945 7 29 27 0.024
773 9 26 27 0.023
514 2 62 30 0.022
269 14 29 29 0.022
90 17 21 25 0.021
