13_Interview_Interview_Sequences_13_214
341
1000 684 18 21 0.828
223 447 15 20 0.822
290 613 18 22 0.811
493 442 15 20 0.811
261 571 15 19 0.809
848 342 15 19 0.807
919 492 16 19 0.807
910 677 17 21 0.804
150 471 15 19 0.802
187 480 13 17 0.802
957 613 15 19 0.801
626 676 17 21 0.801
892 532 16 20 0.800
200 612 17 20 0.796
788 582 17 20 0.796
940 559 16 21 0.796
280 403 16 20 0.795
205 671 17 22 0.794
325 426 16 19 0.793
939 582 15 20 0.793
331 403 17 20 0.792
947 464 15 19 0.791
653 420 15 19 0.790
853 538 16 21 0.790
1012 600 12 20 0.788
360 484 15 19 0.788
244 398 15 19 0.788
176 554 15 19 0.788
923 531 16 20 0.787
205 397 15 18 0.787
204 329 14 18 0.786
522 450 14 18 0.786
255 418 15 20 0.785
979 638 16 19 0.785
479 466 13 18 0.785
907 386 17 20 0.784
736 395 16 19 0.783
211 508 14 17 0.783
780 388 15 19 0.782
141 352 15 19 0.781
158 380 13 16 0.781
788 493 16 19 0.781
445 435 15 19 0.779
367 416 16 20 0.779
574 659 17 22 0.779
976 526 15 19 0.779
303 380 15 18 0.779
292 473 16 21 0.779
426 396 15 19 0.778
868 675 16 20 0.778
360 447 14 17 0.777
944 538 15 20 0.777
464 423 16 20 0.776
694 379 15 18 0.776
675 413 14 18 0.776
156 398 16 20 0.775
322 498 15 20 0.775
961 653 17 19 0.774
179 528 16 20 0.773
584 381 16 21 0.773
534 384 15 19 0.772
975 376 15 18 0.772
405 455 15 20 0.771
849 508 14 18 0.771
962 477 15 19 0.771
141 590 16 20 0.771
386 509 15 19 0.770
218 525 16 20 0.770
141 265 14 17 0.770
233 481 14 18 0.770
934 433 16 21 0.770
166 510 14 19 0.769
820 516 16 20 0.769
590 633 16 20 0.768
817 591 16 20 0.767
264 521 16 19 0.766
713 420 15 19 0.765
155 426 13 16 0.764
272 374 14 18 0.763
103 295 14 19 0.762
386 471 15 19 0.762
947 349 17 21 0.762
275 454 15 18 0.761
45 338 17 20 0.761
347 387 15 18 0.760
470 379 15 19 0.759
690 638 16 19 0.759
999 559 15 19 0.758
664 665 15 20 0.758
640 376 15 19 0.757
819 496 15 18 0.757
872 516 16 19 0.756
873 633 17 21 0.756
201 466 14 18 0.756
193 294 14 17 0.755
23 687 18 20 0.753
105 332 15 18 0.752
540 412 15 18 0.751
187 442 13 17 0.751
112 395 14 18 0.749
190 582 17 21 0.749
177 343 14 18 0.749
637 628 15 18 0.748
99 369 16 19 0.748
306 488 15 19 0.747
436 485 16 20 0.745
824 337 14 17 0.745
268 603 16 20 0.744
614 650 16 20 0.744
392 384 15 19 0.743
911 628 13 17 0.742
66 359 16 19 0.742
904 576 14 18 0.741
526 485 15 18 0.741
996 374 17 21 0.740
896 479 16 19 0.740
951 693 16 21 0.739
126 434 16 18 0.737
228 374 14 17 0.735
835 560 15 20 0.729
87 264 15 20 0.729
542 570 14 17 0.727
6 323 16 19 0.726
245 359 13 17 0.726
168 439 15 18 0.723
258 504 15 19 0.721
1011 664 13 20 0.721
762 530 13 18 0.721
560 535 15 20 0.720
251 469 16 19 0.720
69 310 15 19 0.720
556 448 15 18 0.719
206 309 15 19 0.716
984 498 15 19 0.716
5 264 13 18 0.712
773 367 15 19 0.710
133 320 14 19 0.707
979 669 16 20 0.707
838 321 15 18 0.707
929 632 15 19 0.706
242 549 16 18 0.705
103 434 15 19 0.704
682 604 16 19 0.703
820 373 17 20 0.701
107 465 14 17 0.700
432 471 16 19 0.700
0 68 13 20 0.698
990 590 16 19 0.692
282 567 15 20 0.691
141 501 15 18 0.688
310 598 15 19 0.687
249 603 16 20 0.685
509 430 15 17 0.683
259 666 18 21 0.681
602 604 16 19 0.679
307 540 15 17 0.664
197 270 13 15 0.664
379 399 14 17 0.655
383 486 14 17 0.653
884 440 15 18 0.646
161 345 13 16 0.640
50 375 14 17 0.633
123 500 15 19 0.632
104 481 14 17 0.631
182 324 14 17 0.623
169 287 13 16 0.618
865 702 13 14 0.607
548 596 15 20 0.600
115 244 12 15 0.592
860 456 15 18 0.590
890 361 16 17 0.586
870 467 16 18 0.580
72 251 11 15 0.579
223 360 14 18 0.559
901 440 15 17 0.556
619 413 14 19 0.555
541 473 14 20 0.549
866 646 15 22 0.515
572 431 13 16 0.508
884 300 13 14 0.505
318 470 12 17 0.495
88 402 14 18 0.476
224 365 15 20 0.474
870 635 18 25 0.453
489 422 15 18 0.450
64 236 13 15 0.428
916 652 15 17 0.414
936 672 15 19 0.413
282 356 12 14 0.392
280 656 17 22 0.387
278 695 18 20 0.375
448 433 20 20 0.356
865 462 17 22 0.336
184 399 14 16 0.331
886 440 26 18 0.319
246 602 39 20 0.299
573 489 12 18 0.295
492 492 14 18 0.292
99 355 15 16 0.291
166 344 28 16 0.263
993 598 31 18 0.261
67 239 13 17 0.258
567 648 16 20 0.254
259 494 15 18 0.240
620 407 14 19 0.231
384 477 16 22 0.218
111 434 24 18 0.214
962 649 26 22 0.214
216 516 17 33 0.208
192 664 15 20 0.205
276 682 19 26 0.203
384 492 15 38 0.201
202 574 14 17 0.197
1 289 7 16 0.196
497 434 27 21 0.196
224 282 13 13 0.194
175 522 17 24 0.191
230 473 18 30 0.187
995 644 11 16 0.185
547 580 15 39 0.181
1018 338 6 18 0.180
168 441 35 17 0.178
300 355 12 15 0.177
516 445 18 25 0.176
178 521 15 54 0.175
324 474 15 18 0.174
191 298 22 19 0.170
242 329 9 15 0.168
1001 352 12 14 0.166
860 291 13 15 0.158
1003 548 13 15 0.157
110 381 14 32 0.156
1018 317 6 17 0.153
156 383 15 29 0.148
631 402 14 17 0.145
581 432 14 17 0.144
867 457 20 33 0.140
185 327 33 19 0.132
900 294 12 14 0.122
290 355 20 14 0.122
254 472 15 21 0.120
369 533 14 18 0.119
432 369 12 15 0.119
434 367 14 18 0.118
41 258 14 17 0.112
270 657 31 24 0.111
289 531 13 18 0.110
178 328 20 32 0.110
252 521 28 31 0.106
832 324 21 20 0.105
849 511 36 31 0.103
223 707 18 9 0.101
155 395 13 55 0.097
829 489 17 97 0.092
45 306 13 18 0.089
175 500 13 15 0.088
45 266 16 20 0.084
107 282 14 96 0.082
816 339 54 17 0.080
32 276 17 17 0.079
339 353 13 17 0.078
694 704 18 12 0.078
37 259 21 24 0.076
762 359 10 13 0.076
730 705 15 11 0.075
954 381 13 16 0.071
743 531 15 16 0.068
103 472 27 41 0.068
641 252 10 11 0.067
292 536 25 17 0.066
161 282 25 36 0.066
165 287 13 17 0.066
439 367 13 16 0.063
780 547 12 16 0.061
188 445 17 67 0.061
71 261 12 16 0.057
282 559 15 17 0.056
434 373 13 15 0.055
107 375 15 81 0.054
880 302 15 17 0.051
903 293 9 12 0.049
323 703 13 13 0.048
880 315 11 15 0.047
856 296 13 14 0.047
981 506 17 28 0.044
440 358 13 16 0.043
539 467 15 18 0.041
837 530 81 31 0.041
610 622 13 16 0.040
150 323 18 90 0.040
968 660 22 24 0.040
449 412 14 17 0.040
48 270 15 23 0.039
853 339 19 26 0.039
785 656 13 17 0.038
700 572 13 16 0.036
273 649 18 19 0.035
539 487 16 19 0.035
49 347 14 44 0.034
313 595 17 21 0.034
485 408 14 22 0.033
30 270 26 36 0.033
155 256 13 18 0.032
585 434 13 18 0.032
546 611 15 18 0.032
544 491 14 18 0.032
523 506 14 19 0.032
157 266 12 14 0.031
538 705 17 11 0.031
860 698 14 17 0.029
164 280 12 17 0.029
457 399 12 14 0.028
868 658 14 28 0.028
267 641 13 17 0.028
21 325 13 18 0.027
1007 337 13 35 0.027
801 469 11 14 0.027
143 683 15 17 0.026
740 533 15 18 0.026
39 291 17 23 0.026
647 665 14 17 0.026
454 403 12 18 0.025
148 251 16 16 0.023
169 318 13 16 0.023
134 547 12 18 0.022
606 704 19 12 0.022
702 566 16 20 0.022
298 360 14 20 0.022
630 250 21 12 0.022
879 412 12 19 0.022
634 536 16 21 0.022
938 559 19 35 0.022
454 424 27 24 0.021
50 290 14 20 0.021
288 659 17 21 0.021
472 346 9 12 0.021
0 291 6 25 0.021
725 708 16 8 0.021
150 438 34 117 0.021
732 690 14 25 0.020
253 650 13 17 0.020
