13_Interview_Interview_On_Location_13_329
26
579 327 64 88 0.854
692 48 50 76 0.833
135 306 74 90 0.826
63 281 44 54 0.803
153 376 83 126 0.779
489 168 25 34 0.704
352 214 16 23 0.677
458 177 24 35 0.672
631 343 84 123 0.642
305 192 22 32 0.555
388 209 17 22 0.526
614 330 82 114 0.308
389 269 18 24 0.298
296 196 21 32 0.196
375 195 17 22 0.058
184 382 59 86 0.051
347 524 13 13 0.047
29 331 15 19 0.046
349 526 16 20 0.042
358 535 17 21 0.038
377 216 18 23 0.033
789 71 22 32 0.031
303 199 52 26 0.024
308 189 18 24 0.022
476 152 22 32 0.021
759 60 22 30 0.020
