13_Interview_Interview_2_People_Visible_13_82
23
577 171 53 71 0.838
916 242 37 49 0.832
226 208 77 96 0.828
712 193 77 129 0.819
865 280 20 24 0.765
964 274 23 30 0.762
92 222 71 74 0.748
1014 279 10 26 0.693
329 295 13 15 0.593
321 297 12 14 0.416
359 298 10 12 0.406
295 298 11 12 0.374
905 284 14 16 0.317
467 243 25 32 0.123
447 349 8 9 0.086
1016 276 8 20 0.077
903 286 18 21 0.074
403 268 25 30 0.057
274 272 25 31 0.048
711 270 28 38 0.041
290 298 14 18 0.035
954 277 15 24 0.026
285 279 12 17 0.025
