16_Award_Ceremony_Awards_Ceremony_16_96
80
888 116 12 15 0.771
342 423 12 15 0.745
754 119 13 15 0.741
802 116 12 14 0.732
550 425 12 14 0.732
889 413 13 15 0.715
845 131 11 14 0.710
146 437 12 14 0.708
203 147 12 17 0.708
302 437 11 15 0.707
375 428 10 13 0.696
171 433 13 15 0.696
796 411 11 15 0.689
210 437 11 15 0.684
135 152 12 16 0.679
170 166 11 13 0.679
529 431 12 15 0.668
196 441 11 14 0.656
820 141 12 15 0.650
38 184 10 13 0.644
362 417 12 14 0.644
796 143 11 14 0.633
404 417 11 14 0.590
876 408 9 12 0.561
129 441 12 14 0.534
664 420 12 16 0.497
756 412 10 12 0.438
871 440 14 16 0.406
875 95 10 14 0.347
825 404 12 13 0.310
883 410 14 16 0.252
148 138 11 13 0.209
333 403 9 11 0.207
359 452 11 13 0.206
512 420 9 12 0.193
190 438 32 13 0.193
782 400 10 12 0.185
823 112 11 13 0.182
418 407 9 11 0.175
127 464 10 12 0.173
690 432 9 12 0.163
708 408 9 13 0.147
807 395 10 14 0.126
210 133 9 12 0.105
137 437 50 14 0.092
793 446 14 16 0.090
840 410 11 12 0.084
364 391 9 10 0.083
780 402 11 13 0.083
801 399 12 15 0.081
823 402 12 13 0.080
879 94 15 24 0.073
789 138 51 17 0.071
790 444 13 16 0.069
550 408 11 13 0.065
833 411 14 15 0.064
410 411 17 15 0.062
731 120 10 17 0.059
733 415 11 15 0.056
163 453 11 14 0.055
731 110 8 16 0.049
335 421 59 19 0.049
782 411 21 15 0.048
828 403 10 11 0.045
708 414 10 13 0.045
781 405 20 18 0.044
798 446 16 17 0.044
792 144 12 15 0.040
837 412 14 17 0.037
733 420 11 13 0.035
558 413 12 14 0.034
649 493 15 18 0.029
705 407 13 22 0.026
551 416 12 17 0.024
776 108 10 15 0.023
662 423 13 19 0.023
821 108 12 13 0.023
698 426 11 12 0.022
888 109 15 18 0.022
337 405 9 11 0.021
