16_Award_Ceremony_Awards_Ceremony_16_11
419
165 433 54 69 0.878
699 381 39 48 0.836
655 413 47 62 0.829
0 338 24 38 0.828
361 460 57 80 0.822
92 351 26 34 0.822
152 359 37 41 0.819
498 309 27 33 0.816
342 330 24 32 0.816
791 424 66 76 0.813
438 369 33 39 0.811
240 485 64 74 0.810
51 309 28 31 0.807
345 378 37 42 0.804
38 272 26 31 0.801
420 317 29 35 0.800
564 410 45 53 0.800
812 356 30 38 0.797
997 304 26 32 0.790
195 203 16 20 0.789
920 393 51 78 0.786
743 360 29 38 0.785
10 481 79 101 0.784
731 324 25 31 0.780
767 311 22 29 0.779
517 340 27 32 0.778
206 398 35 43 0.773
752 279 21 26 0.770
610 363 38 48 0.770
942 347 37 41 0.770
87 238 22 26 0.768
600 295 24 28 0.768
259 326 25 32 0.766
254 265 22 26 0.766
395 274 22 26 0.766
303 292 22 28 0.764
744 229 17 20 0.760
451 272 22 28 0.758
183 295 24 28 0.756
324 424 54 68 0.754
133 239 21 24 0.753
46 381 33 39 0.753
417 257 19 22 0.752
620 274 19 22 0.752
27 414 43 54 0.749
542 304 22 26 0.748
198 243 16 21 0.748
17 234 21 25 0.743
819 268 18 22 0.742
631 244 16 21 0.741
938 266 21 25 0.737
889 293 23 27 0.737
982 242 15 19 0.734
990 181 14 18 0.733
497 234 16 20 0.731
897 346 26 30 0.731
719 265 21 26 0.730
419 153 10 13 0.722
594 335 28 32 0.721
966 386 43 59 0.720
282 170 16 20 0.719
897 234 14 17 0.719
528 423 45 70 0.717
657 262 18 21 0.716
1007 273 17 25 0.716
575 310 27 29 0.715
307 248 19 23 0.711
797 257 19 24 0.711
538 259 16 20 0.709
481 192 11 14 0.709
476 254 19 22 0.707
772 270 17 22 0.706
273 254 16 20 0.706
195 169 14 18 0.700
427 230 17 20 0.699
371 241 18 20 0.697
335 214 15 18 0.691
849 168 13 16 0.688
195 267 25 27 0.685
412 208 15 17 0.684
735 188 12 14 0.683
894 168 12 15 0.683
938 244 15 18 0.682
59 215 16 20 0.677
818 232 14 17 0.676
236 372 31 39 0.673
227 179 15 17 0.672
903 276 19 22 0.668
360 261 18 22 0.665
511 287 24 29 0.660
12 308 31 33 0.658
832 146 13 14 0.657
443 191 12 15 0.657
861 278 20 26 0.656
140 176 13 17 0.656
683 223 15 18 0.654
560 161 11 12 0.652
389 162 11 13 0.651
877 317 22 25 0.650
482 169 12 14 0.648
818 329 23 25 0.646
552 108 12 14 0.645
678 276 18 22 0.643
861 199 12 15 0.641
117 307 28 28 0.637
457 413 52 65 0.632
116 274 24 27 0.628
59 180 14 17 0.628
476 153 11 13 0.628
560 278 18 24 0.627
1012 159 11 16 0.626
699 236 14 16 0.624
582 271 22 25 0.624
94 159 14 16 0.623
516 164 11 13 0.619
446 154 9 11 0.618
463 242 18 21 0.615
916 191 12 15 0.608
210 151 15 17 0.607
325 358 26 33 0.601
746 175 10 11 0.600
935 188 12 15 0.597
398 247 18 20 0.593
837 249 14 18 0.588
14 142 13 17 0.577
427 170 11 13 0.576
571 248 16 20 0.567
357 150 10 13 0.566
634 225 15 19 0.560
319 157 12 15 0.556
909 152 13 17 0.556
636 206 14 16 0.550
542 236 16 18 0.547
0 427 45 61 0.546
790 366 35 42 0.530
943 156 11 14 0.529
251 241 18 20 0.521
449 223 14 16 0.516
960 303 21 29 0.510
343 180 11 14 0.499
657 342 24 29 0.498
673 320 23 29 0.491
724 138 9 12 0.488
2 310 26 34 0.476
665 293 22 25 0.475
3 163 14 17 0.470
533 378 36 45 0.468
841 302 21 26 0.462
459 185 9 12 0.459
403 235 19 22 0.453
587 239 15 18 0.451
357 167 13 15 0.449
21 260 19 24 0.447
452 169 10 12 0.447
563 370 30 39 0.439
524 198 13 16 0.439
571 209 13 15 0.432
586 228 14 16 0.429
107 214 16 18 0.425
499 274 20 22 0.424
670 389 35 47 0.420
719 248 18 22 0.416
722 246 16 18 0.414
292 141 11 13 0.411
885 194 10 13 0.404
863 151 13 18 0.403
162 340 33 36 0.395
781 200 14 17 0.393
0 275 9 26 0.393
953 308 26 29 0.391
743 264 17 20 0.391
48 163 13 15 0.388
680 313 24 29 0.385
867 269 17 20 0.380
680 261 17 19 0.377
772 135 11 13 0.377
948 316 24 27 0.375
806 286 17 20 0.375
411 173 11 12 0.372
580 281 22 23 0.366
728 292 19 23 0.360
266 181 12 15 0.353
311 214 14 18 0.350
868 240 12 13 0.320
513 244 15 19 0.318
384 200 15 17 0.310
764 255 15 17 0.301
96 282 23 28 0.293
858 370 28 37 0.283
501 274 26 30 0.279
5 304 29 57 0.272
774 178 10 13 0.271
716 309 21 24 0.268
425 419 30 48 0.267
300 177 12 14 0.264
898 254 15 19 0.260
173 346 24 30 0.257
696 287 18 23 0.255
237 292 19 24 0.252
516 187 11 13 0.251
962 291 19 27 0.247
725 298 21 25 0.247
601 247 14 17 0.238
839 347 26 33 0.237
378 376 23 31 0.228
74 190 12 17 0.228
525 217 13 16 0.227
284 349 24 28 0.225
636 207 13 39 0.217
55 265 19 27 0.214
550 181 11 14 0.209
177 408 37 46 0.207
895 280 23 36 0.203
561 373 38 80 0.197
503 201 11 12 0.196
756 187 11 12 0.191
845 236 12 14 0.190
791 235 12 14 0.187
365 190 12 15 0.187
21 172 13 17 0.185
668 299 25 28 0.181
670 279 23 35 0.176
365 213 14 17 0.175
920 188 30 15 0.172
521 190 14 18 0.169
799 173 9 12 0.168
871 267 15 18 0.168
581 310 34 44 0.168
363 230 17 18 0.166
522 192 14 28 0.163
402 181 11 14 0.162
975 171 12 14 0.160
905 155 14 19 0.156
719 298 23 31 0.155
613 133 9 10 0.154
474 365 24 29 0.153
637 285 16 20 0.152
479 400 35 49 0.146
515 213 14 17 0.145
36 180 15 19 0.143
3 288 17 27 0.141
521 180 13 35 0.140
749 180 12 15 0.136
482 163 12 39 0.135
416 224 26 29 0.132
504 284 24 28 0.128
1012 244 10 15 0.127
458 222 16 28 0.127
439 254 15 20 0.124
750 142 10 12 0.122
562 272 40 29 0.121
309 276 19 21 0.120
244 148 13 14 0.118
280 382 29 42 0.118
348 169 15 24 0.117
244 265 18 24 0.115
1009 420 15 61 0.113
248 152 12 22 0.110
844 190 12 14 0.110
885 300 24 28 0.108
626 318 22 29 0.105
14 222 17 18 0.104
963 287 16 19 0.103
366 242 58 21 0.103
468 239 15 17 0.103
384 218 15 19 0.102
847 130 11 14 0.102
485 222 12 16 0.100
80 160 32 26 0.098
357 143 11 48 0.098
541 297 57 44 0.098
857 382 30 43 0.098
251 248 20 26 0.096
151 264 22 31 0.096
372 274 18 23 0.095
365 377 30 33 0.095
781 208 14 17 0.095
528 220 14 17 0.094
124 303 28 29 0.094
449 173 17 29 0.092
370 197 28 23 0.092
514 280 23 30 0.091
860 196 13 32 0.090
556 213 13 16 0.090
284 318 18 24 0.089
443 150 12 22 0.086
557 159 11 31 0.085
155 209 16 21 0.078
249 153 17 16 0.076
56 255 18 26 0.076
784 196 12 15 0.075
899 272 17 23 0.074
815 240 22 61 0.073
942 159 12 18 0.073
204 266 21 24 0.073
659 266 38 34 0.072
120 261 22 25 0.071
539 263 26 18 0.070
660 288 20 23 0.069
774 140 12 16 0.068
426 221 16 19 0.067
962 168 14 15 0.066
280 155 14 15 0.066
375 177 13 18 0.066
427 201 12 15 0.063
323 153 12 14 0.061
851 235 15 15 0.061
513 254 23 17 0.060
241 271 20 27 0.060
315 295 21 26 0.060
363 166 13 18 0.060
604 244 14 18 0.059
964 277 20 30 0.058
507 205 29 16 0.058
429 197 12 16 0.058
773 178 15 28 0.058
526 390 34 40 0.057
130 390 32 36 0.057
159 258 18 21 0.057
698 271 16 21 0.057
252 150 13 15 0.056
164 257 16 18 0.056
695 363 35 38 0.055
590 209 13 13 0.055
844 344 24 25 0.055
32 159 33 35 0.054
939 187 13 16 0.053
414 207 21 29 0.053
2 168 12 20 0.053
722 240 14 16 0.052
472 221 18 16 0.052
249 314 27 34 0.052
835 190 17 13 0.052
480 38 14 16 0.051
778 195 13 16 0.050
746 161 13 28 0.050
801 283 17 19 0.049
152 276 23 26 0.049
214 154 15 18 0.048
976 264 19 23 0.047
248 161 17 16 0.047
5 143 19 16 0.046
1014 248 9 18 0.046
579 227 28 75 0.046
124 229 17 22 0.045
990 293 18 20 0.044
517 272 17 22 0.043
588 268 19 23 0.043
749 145 9 12 0.043
886 260 16 18 0.043
196 404 37 46 0.042
777 150 11 13 0.042
219 297 22 28 0.040
302 173 17 15 0.039
600 330 32 28 0.039
243 377 32 39 0.039
275 393 30 44 0.038
281 360 28 35 0.038
376 269 17 23 0.038
947 265 19 21 0.038
552 354 30 37 0.037
85 219 14 16 0.037
333 158 13 15 0.037
974 163 13 17 0.036
486 394 28 33 0.036
273 153 17 15 0.035
527 358 32 53 0.035
662 349 24 27 0.034
1009 164 13 17 0.034
964 247 13 15 0.034
942 318 20 24 0.033
169 288 31 36 0.032
662 247 23 16 0.032
566 193 14 19 0.032
441 154 10 12 0.032
768 378 29 35 0.031
35 186 14 18 0.031
654 245 15 16 0.031
664 337 22 32 0.031
359 269 22 28 0.030
774 250 12 17 0.030
189 155 60 47 0.030
224 151 18 20 0.029
354 232 14 17 0.029
314 290 33 27 0.029
347 286 20 25 0.029
268 324 23 30 0.029
831 191 10 13 0.028
149 340 32 31 0.028
818 259 18 25 0.028
960 254 14 18 0.027
129 174 14 16 0.027
303 217 15 19 0.027
554 186 14 15 0.027
839 138 11 13 0.026
749 139 9 11 0.026
11 293 22 25 0.025
338 425 68 93 0.025
172 255 19 20 0.024
913 288 18 25 0.024
755 140 14 11 0.023
353 127 26 106 0.023
937 295 19 21 0.022
585 232 19 29 0.022
252 307 26 29 0.022
585 248 21 20 0.022
234 149 15 15 0.022
431 318 32 52 0.022
543 364 32 37 0.021
749 345 26 35 0.021
993 297 20 26 0.021
569 183 24 103 0.021
504 216 16 15 0.021
120 223 15 21 0.021
414 120 19 99 0.021
644 284 19 22 0.021
588 319 23 27 0.020
442 127 13 110 0.020
919 265 16 19 0.020
