16_Award_Ceremony_Awards_Ceremony_16_18
43
69 813 30 37 0.796
372 602 16 20 0.779
154 775 24 31 0.778
163 682 16 21 0.755
265 699 14 19 0.742
847 807 19 27 0.702
743 190 18 23 0.673
239 720 13 18 0.631
295 685 15 19 0.628
420 644 16 19 0.625
18 657 12 15 0.596
264 727 13 17 0.591
331 626 15 18 0.575
454 643 17 21 0.549
223 749 12 15 0.547
169 737 14 18 0.461
437 700 17 19 0.432
482 117 50 63 0.388
460 645 15 21 0.387
662 173 13 17 0.269
671 192 15 19 0.265
637 170 15 20 0.252
183 734 15 19 0.196
450 641 15 20 0.194
668 182 16 27 0.184
656 383 17 23 0.161
431 653 14 19 0.160
482 640 15 20 0.111
230 721 37 21 0.104
632 169 36 18 0.090
243 720 18 20 0.088
638 383 15 18 0.059
638 178 13 15 0.056
188 742 13 17 0.055
706 198 12 15 0.054
934 878 16 20 0.051
6 668 11 11 0.046
636 165 14 18 0.042
720 371 20 24 0.037
635 345 20 23 0.030
659 268 11 13 0.026
767 179 14 25 0.023
163 736 16 20 0.022
