16_Award_Ceremony_Awards_Ceremony_16_10
579
826 126 34 43 0.856
510 51 35 47 0.845
428 80 35 42 0.841
686 152 33 47 0.829
151 129 39 50 0.815
308 109 38 49 0.812
927 347 11 14 0.728
269 198 12 15 0.718
237 314 15 18 0.714
234 213 12 14 0.711
961 352 11 14 0.708
17 328 13 17 0.699
638 331 12 16 0.688
397 341 12 17 0.685
76 190 13 15 0.675
595 325 13 16 0.666
995 360 11 14 0.666
38 155 12 14 0.621
599 223 11 13 0.618
785 328 13 16 0.616
89 349 13 15 0.604
127 163 10 13 0.601
16 168 12 14 0.596
582 192 10 12 0.593
1 176 10 14 0.592
64 152 10 13 0.588
255 152 11 13 0.581
971 248 10 12 0.576
31 183 13 17 0.575
11 117 9 12 0.574
8 143 12 15 0.572
992 238 11 13 0.568
959 216 9 11 0.567
979 216 9 12 0.558
996 198 9 12 0.557
59 168 11 14 0.556
288 112 9 12 0.555
945 238 10 13 0.545
273 98 10 11 0.543
627 231 11 13 0.543
54 139 10 12 0.541
50 338 12 16 0.540
247 199 11 14 0.524
774 229 12 13 0.520
204 111 10 11 0.519
653 215 12 14 0.513
24 84 9 11 0.512
917 230 12 16 0.510
291 193 11 14 0.509
220 158 12 13 0.506
377 177 10 12 0.502
137 138 10 13 0.498
273 148 10 11 0.498
106 184 13 16 0.488
231 181 11 13 0.486
263 175 10 13 0.483
918 209 9 10 0.477
80 171 12 13 0.474
60 51 8 11 0.473
915 193 9 10 0.471
966 196 10 11 0.468
375 96 9 11 0.466
782 198 9 12 0.465
265 122 10 12 0.456
96 152 10 12 0.454
197 79 9 11 0.450
278 69 9 11 0.444
127 179 10 12 0.442
1016 178 8 10 0.440
212 86 9 11 0.424
95 179 12 16 0.420
117 328 16 20 0.419
93 79 9 11 0.416
53 121 11 13 0.416
894 176 7 10 0.404
205 55 9 11 0.404
625 212 9 12 0.401
1012 196 9 12 0.392
114 89 8 11 0.383
119 114 10 11 0.381
935 208 9 11 0.379
643 208 9 12 0.378
227 51 8 10 0.377
93 104 10 12 0.372
370 337 12 15 0.372
149 115 9 11 0.370
679 191 9 10 0.369
145 100 9 11 0.361
34 111 11 13 0.352
243 95 10 12 0.350
899 350 8 10 0.347
110 198 12 15 0.339
94 64 9 12 0.338
319 43 7 9 0.337
295 326 17 20 0.336
171 90 9 12 0.336
227 138 10 12 0.334
235 124 9 12 0.333
395 135 11 12 0.322
168 70 9 12 0.318
344 85 9 12 0.318
324 68 9 12 0.312
113 156 11 16 0.309
411 136 10 12 0.309
223 195 11 13 0.307
865 339 17 18 0.306
299 181 10 12 0.305
76 122 8 10 0.303
97 125 11 12 0.302
306 108 9 13 0.301
710 355 16 21 0.301
0 95 7 12 0.298
105 139 9 11 0.297
658 205 10 13 0.297
978 229 10 13 0.286
68 30 9 11 0.284
241 134 10 13 0.284
36 105 10 14 0.284
782 309 12 15 0.283
277 49 9 11 0.283
35 63 9 11 0.279
225 107 9 11 0.277
756 206 9 11 0.275
296 37 8 11 0.275
170 104 10 11 0.275
118 143 10 11 0.274
283 163 9 12 0.273
647 187 9 13 0.273
81 147 10 14 0.269
242 134 9 25 0.269
115 6 7 8 0.268
108 191 13 17 0.265
628 174 10 11 0.263
169 108 10 12 0.261
945 162 8 11 0.260
57 118 10 12 0.259
948 202 10 12 0.256
277 177 11 12 0.245
377 161 9 12 0.237
243 175 11 13 0.236
299 66 9 11 0.229
215 35 9 11 0.225
598 163 8 9 0.220
338 42 9 9 0.218
992 177 10 12 0.218
964 151 8 11 0.207
368 40 8 10 0.203
408 79 10 12 0.202
134 113 9 12 0.202
1018 346 6 12 0.201
85 184 14 16 0.198
245 152 24 12 0.198
1011 230 11 12 0.193
361 81 10 12 0.191
24 125 11 14 0.190
254 59 8 12 0.190
147 187 12 14 0.185
1014 228 10 12 0.183
114 232 10 11 0.183
177 74 9 11 0.182
621 155 9 10 0.180
271 30 9 10 0.177
152 49 10 12 0.177
182 52 9 12 0.175
641 153 7 9 0.175
116 39 9 11 0.173
637 232 13 12 0.173
195 79 18 12 0.172
294 80 11 15 0.170
309 80 10 15 0.170
786 185 8 10 0.170
800 162 9 10 0.170
0 126 7 19 0.169
3 143 11 14 0.169
110 161 24 12 0.169
293 82 9 17 0.168
915 236 10 12 0.167
349 29 8 12 0.167
19 57 9 10 0.166
376 170 10 23 0.165
91 106 18 10 0.164
920 228 13 16 0.164
373 65 10 11 0.163
57 78 9 12 0.163
215 81 11 13 0.163
925 162 9 11 0.159
2 38 7 12 0.158
44 7 8 9 0.158
25 7 9 11 0.158
174 7 7 9 0.158
951 190 9 12 0.155
409 110 10 11 0.155
0 84 5 45 0.155
135 189 18 14 0.154
625 191 12 10 0.154
47 88 12 12 0.154
256 89 10 11 0.153
914 165 10 12 0.151
946 133 8 10 0.150
54 336 13 17 0.150
214 145 9 11 0.148
54 120 9 32 0.146
216 155 11 14 0.146
650 169 8 9 0.144
247 66 10 16 0.144
1004 226 10 12 0.142
628 172 10 22 0.142
145 26 9 17 0.142
427 38 9 9 0.139
286 325 15 15 0.138
312 14 9 10 0.135
921 208 9 32 0.135
622 192 10 12 0.134
79 37 9 12 0.130
135 188 11 20 0.130
407 30 8 10 0.129
757 185 9 9 0.128
47 125 14 12 0.126
1010 239 10 14 0.126
170 39 9 13 0.123
297 49 9 20 0.122
60 113 10 12 0.121
233 121 10 26 0.119
390 63 14 11 0.119
681 207 10 13 0.118
378 162 12 14 0.118
139 116 21 11 0.118
622 209 10 13 0.117
352 55 9 11 0.117
574 222 10 11 0.117
329 6 8 8 0.116
246 39 9 19 0.116
282 127 12 11 0.115
225 138 31 10 0.114
251 63 9 16 0.113
169 69 9 25 0.112
970 165 10 9 0.111
779 201 12 17 0.111
58 205 12 14 0.110
140 75 10 21 0.110
249 45 8 9 0.109
134 195 10 13 0.108
878 164 9 11 0.108
934 142 8 12 0.107
372 142 14 13 0.107
239 114 15 13 0.106
404 110 17 13 0.106
388 114 10 18 0.105
334 9 9 10 0.104
984 145 10 11 0.104
978 267 9 11 0.103
67 29 15 13 0.103
17 64 12 14 0.102
976 166 9 18 0.102
410 63 8 17 0.101
73 185 31 21 0.101
325 64 9 24 0.101
214 13 9 10 0.100
400 18 7 8 0.100
147 2 9 10 0.100
1003 138 8 11 0.099
52 79 12 17 0.099
111 26 10 12 0.098
226 26 14 10 0.098
1 7 9 12 0.097
784 194 9 12 0.097
942 118 8 9 0.096
980 176 9 23 0.096
149 68 18 11 0.096
95 102 8 33 0.095
800 156 8 18 0.092
583 168 8 10 0.092
244 15 8 12 0.091
180 18 7 27 0.091
78 0 9 8 0.091
226 81 21 9 0.091
391 125 12 21 0.090
298 54 9 12 0.088
615 172 13 11 0.088
201 103 10 12 0.087
132 84 15 12 0.087
420 8 8 8 0.087
144 1 8 8 0.084
216 31 13 15 0.083
0 324 6 14 0.083
100 124 14 26 0.082
104 9 9 16 0.082
249 103 9 12 0.081
105 173 16 38 0.081
934 163 21 9 0.081
43 89 13 19 0.080
323 26 18 11 0.080
935 230 21 15 0.080
248 44 9 22 0.080
79 65 11 12 0.080
477 31 8 9 0.079
287 171 11 16 0.079
395 133 28 16 0.078
1 26 7 25 0.077
135 132 14 24 0.076
178 14 11 19 0.076
118 317 16 20 0.076
218 147 13 26 0.075
416 114 13 17 0.074
134 3 8 21 0.072
214 127 10 18 0.071
1000 139 13 10 0.071
995 238 12 13 0.070
272 72 16 12 0.070
388 114 20 13 0.070
203 128 16 11 0.069
913 164 23 11 0.069
62 6 11 13 0.069
102 112 14 26 0.069
612 232 9 12 0.069
171 49 11 22 0.066
590 179 10 25 0.066
587 195 11 13 0.066
63 30 8 35 0.066
202 171 12 17 0.065
917 201 11 22 0.065
988 166 12 22 0.065
192 36 10 13 0.065
356 66 15 11 0.065
143 32 11 21 0.064
970 95 8 9 0.064
792 144 10 10 0.064
288 141 10 12 0.063
757 182 9 27 0.063
613 175 22 12 0.063
54 106 12 37 0.063
214 1 9 11 0.062
1013 139 10 22 0.062
330 24 12 16 0.062
385 44 8 28 0.062
141 48 21 18 0.062
277 63 13 29 0.062
129 63 14 20 0.061
368 341 13 15 0.061
114 48 10 23 0.061
43 36 8 25 0.061
749 140 8 10 0.060
139 2 19 10 0.059
877 157 8 20 0.059
326 77 22 16 0.059
191 14 10 13 0.059
223 59 8 33 0.059
396 146 8 22 0.058
906 113 7 21 0.057
133 34 11 18 0.057
58 89 9 11 0.057
895 135 10 23 0.057
784 201 11 13 0.057
41 76 13 23 0.056
667 171 11 21 0.056
140 64 19 17 0.056
1009 122 10 16 0.056
367 140 12 12 0.056
409 75 9 28 0.056
597 183 14 13 0.056
1014 141 7 34 0.055
123 76 22 17 0.055
374 114 12 17 0.055
117 18 8 31 0.055
73 0 19 9 0.055
115 2 8 34 0.055
1 5 8 23 0.055
980 128 9 16 0.054
413 126 13 17 0.054
408 20 6 31 0.054
56 108 11 18 0.054
930 191 14 14 0.054
1 66 6 32 0.053
154 13 12 17 0.053
80 54 8 21 0.052
677 179 17 26 0.052
43 2 8 30 0.052
312 9 12 20 0.052
1007 115 8 17 0.052
361 79 16 15 0.052
979 141 9 22 0.052
983 174 19 23 0.052
240 70 19 23 0.051
97 48 20 14 0.051
290 129 10 12 0.051
137 116 8 30 0.050
951 224 15 16 0.050
102 0 7 7 0.050
287 98 13 35 0.050
620 155 27 9 0.049
393 168 9 11 0.049
597 190 15 15 0.049
657 152 8 9 0.049
173 9 12 19 0.049
18 84 19 13 0.049
49 8 23 8 0.049
614 133 9 10 0.048
127 29 19 13 0.048
312 88 22 11 0.048
2 42 7 29 0.047
737 181 12 17 0.047
195 16 7 33 0.046
387 225 10 14 0.046
407 47 7 26 0.046
56 198 19 20 0.046
293 12 7 19 0.046
147 70 22 15 0.046
122 337 15 17 0.046
603 139 8 11 0.045
60 192 14 15 0.045
172 22 19 18 0.045
583 162 8 11 0.045
383 39 12 25 0.045
275 26 8 36 0.044
98 43 27 11 0.044
923 178 9 23 0.044
907 148 12 29 0.044
354 0 6 24 0.043
128 46 14 21 0.043
90 40 19 18 0.043
88 74 10 14 0.043
778 231 13 14 0.043
179 33 14 30 0.042
820 171 13 17 0.042
216 8 9 21 0.042
143 20 17 24 0.042
766 168 14 10 0.042
100 266 11 13 0.042
753 202 12 16 0.042
111 56 14 17 0.042
966 115 15 13 0.042
117 315 14 16 0.041
602 204 14 15 0.041
315 14 7 32 0.041
252 26 19 12 0.041
878 161 17 17 0.041
18 7 18 9 0.041
894 154 21 16 0.041
0 175 50 17 0.040
772 230 12 20 0.040
907 97 7 24 0.040
788 219 10 14 0.040
79 105 17 11 0.040
739 187 12 14 0.040
0 234 8 13 0.039
30 135 11 14 0.039
127 152 15 71 0.039
991 164 26 14 0.039
1 57 11 29 0.039
964 115 8 24 0.039
463 44 7 13 0.038
308 161 15 20 0.037
334 4 8 30 0.037
912 130 7 36 0.037
442 9 8 9 0.037
932 154 24 19 0.037
994 157 24 14 0.037
278 36 20 25 0.037
787 231 11 14 0.036
38 139 25 21 0.036
1008 80 8 11 0.036
1 0 7 7 0.036
88 0 8 8 0.036
1009 88 9 19 0.035
251 73 18 27 0.035
242 82 11 35 0.035
964 149 23 18 0.035
911 122 8 31 0.035
987 95 7 28 0.035
428 21 8 33 0.035
754 391 15 15 0.034
114 118 12 31 0.034
392 91 20 15 0.034
93 46 10 59 0.034
947 127 6 38 0.034
78 12 18 11 0.033
6 128 21 72 0.033
21 28 14 15 0.033
173 57 21 29 0.033
150 114 12 23 0.033
975 126 13 22 0.033
915 32 7 8 0.032
358 100 21 10 0.032
199 167 13 16 0.032
891 346 13 15 0.031
277 216 12 16 0.031
266 100 9 49 0.031
144 162 19 23 0.031
122 10 21 17 0.031
780 148 7 29 0.031
254 269 10 11 0.030
212 346 10 16 0.030
908 93 8 32 0.030
388 226 14 19 0.030
92 57 15 26 0.030
988 108 9 23 0.030
224 64 23 14 0.030
374 10 9 27 0.030
944 396 9 10 0.030
378 133 24 25 0.030
482 95 9 10 0.030
979 396 8 11 0.029
196 126 16 12 0.029
349 57 16 28 0.029
821 101 8 12 0.029
672 231 10 13 0.029
235 99 10 55 0.029
216 0 8 8 0.029
57 45 12 24 0.029
6 14 23 12 0.029
270 5 8 31 0.028
672 162 8 26 0.028
378 100 23 19 0.028
59 3 25 10 0.028
87 25 14 16 0.028
519 19 8 9 0.028
55 56 8 30 0.028
339 31 20 26 0.028
498 109 7 10 0.028
290 102 27 19 0.028
217 0 8 24 0.028
672 161 20 29 0.027
304 154 15 22 0.027
907 111 10 28 0.027
252 0 10 16 0.027
156 86 23 19 0.027
982 144 17 29 0.027
68 0 8 8 0.027
139 141 11 22 0.026
140 163 16 16 0.026
425 37 30 9 0.026
664 152 14 16 0.026
420 197 10 14 0.026
988 82 7 35 0.026
291 3 19 10 0.026
624 179 11 94 0.025
922 202 25 20 0.025
271 89 32 15 0.025
82 1 28 11 0.025
964 224 44 44 0.025
780 292 12 17 0.025
242 18 15 28 0.025
421 2 9 32 0.024
757 148 8 28 0.024
268 28 29 14 0.024
581 109 8 10 0.024
962 113 16 19 0.024
972 94 12 23 0.024
890 174 12 14 0.024
883 119 9 32 0.024
82 11 24 14 0.024
386 124 28 34 0.024
648 246 9 12 0.024
396 22 20 24 0.024
191 9 9 14 0.023
25 54 12 50 0.023
13 21 15 25 0.023
371 14 10 40 0.023
739 181 27 17 0.023
336 10 28 14 0.023
942 84 7 13 0.022
174 111 22 16 0.022
1014 252 9 16 0.022
59 111 13 105 0.022
338 76 19 29 0.022
977 183 15 78 0.021
157 0 9 9 0.021
866 162 11 23 0.021
459 25 15 21 0.021
203 24 21 23 0.021
437 17 10 32 0.021
397 28 10 34 0.021
412 179 12 12 0.021
284 329 15 17 0.021
463 24 6 38 0.021
376 152 26 23 0.021
40 14 10 36 0.020
371 3 11 18 0.020
757 179 19 17 0.020
