16_Award_Ceremony_Awards_Ceremony_16_219
32
903 189 26 32 0.846
963 186 28 33 0.839
111 183 24 29 0.825
509 202 20 27 0.811
757 192 20 25 0.807
584 190 22 29 0.803
661 185 20 27 0.794
362 190 21 27 0.793
816 188 25 30 0.793
305 185 20 25 0.792
780 189 22 27 0.792
484 182 21 26 0.791
236 191 21 26 0.791
400 203 21 27 0.789
43 181 23 29 0.787
626 187 19 24 0.783
81 188 20 25 0.777
708 207 21 27 0.777
736 205 18 24 0.776
444 201 21 25 0.776
527 184 20 25 0.734
189 177 20 25 0.710
168 195 23 27 0.708
217 185 18 23 0.692
289 190 19 23 0.682
443 176 20 24 0.628
558 201 20 25 0.390
781 189 62 27 0.205
400 194 20 26 0.080
406 188 19 22 0.073
441 186 22 30 0.031
411 184 16 20 0.025
