16_Award_Ceremony_Awards_Ceremony_16_42
33
434 199 36 44 0.835
564 212 42 49 0.829
708 160 81 111 0.829
884 203 50 57 0.823
991 210 33 54 0.796
675 220 35 47 0.782
382 222 27 36 0.755
627 223 28 35 0.746
305 228 28 33 0.745
531 238 21 31 0.722
339 234 22 27 0.721
550 240 25 31 0.583
175 148 92 132 0.582
603 233 27 37 0.529
713 216 50 61 0.428
511 227 19 25 0.239
245 229 18 22 0.136
853 212 27 49 0.119
855 214 21 29 0.117
473 227 22 28 0.113
260 248 17 20 0.099
516 249 18 25 0.084
855 206 43 37 0.076
602 220 27 36 0.070
858 229 31 37 0.052
240 241 17 24 0.049
547 221 19 29 0.045
547 221 14 19 0.035
223 202 44 62 0.033
849 232 23 29 0.025
244 223 26 35 0.025
717 247 27 39 0.024
479 226 21 25 0.022
