35_Basketball_Basketball_35_60
102
148 180 18 22 0.797
0 258 15 26 0.794
320 1 17 22 0.790
69 20 15 20 0.782
85 199 16 20 0.758
81 240 19 24 0.751
27 25 17 22 0.738
156 18 15 20 0.735
788 247 14 17 0.726
130 18 16 18 0.702
223 13 15 18 0.698
266 18 16 19 0.691
656 254 17 22 0.680
858 259 13 16 0.677
721 264 16 21 0.665
1001 10 16 22 0.640
449 243 12 15 0.592
383 0 15 17 0.591
954 250 13 17 0.576
529 164 13 16 0.476
970 249 12 16 0.467
229 256 13 17 0.444
907 261 14 16 0.436
360 255 15 20 0.426
369 229 11 14 0.373
962 250 17 17 0.353
810 353 18 22 0.328
256 206 15 17 0.322
988 0 12 14 0.300
833 18 12 14 0.246
539 280 15 25 0.225
123 430 13 22 0.219
1 31 12 19 0.206
312 296 18 26 0.194
427 1 13 15 0.194
98 24 16 18 0.191
426 252 13 15 0.182
275 213 13 17 0.173
933 543 14 25 0.160
259 212 30 17 0.146
502 170 12 16 0.140
540 274 18 24 0.138
805 4 10 12 0.136
936 0 14 16 0.123
850 8 11 14 0.123
575 0 13 11 0.118
270 215 15 17 0.112
231 6 15 20 0.112
235 3 14 16 0.100
638 44 12 13 0.089
898 260 14 17 0.082
209 522 12 22 0.074
720 253 15 19 0.071
838 255 9 12 0.070
1015 56 8 15 0.070
712 293 16 18 0.069
493 248 13 16 0.065
793 11 10 11 0.063
46 28 12 16 0.060
433 253 14 15 0.060
716 268 17 29 0.058
139 16 14 17 0.057
611 53 9 11 0.057
843 3 15 15 0.052
232 252 12 17 0.050
837 0 10 11 0.050
441 246 20 16 0.049
500 315 16 21 0.049
795 8 18 12 0.049
247 206 23 19 0.048
579 45 18 18 0.046
198 30 20 20 0.044
602 31 11 13 0.042
81 8 14 16 0.042
512 148 10 13 0.040
272 7 15 19 0.040
503 317 22 21 0.039
1004 287 10 12 0.038
414 164 12 14 0.037
545 284 17 23 0.037
801 4 15 14 0.035
125 16 16 19 0.033
388 160 12 15 0.030
492 245 13 36 0.030
184 21 15 18 0.029
966 296 11 12 0.029
367 236 13 18 0.028
425 248 12 15 0.028
418 78 17 19 0.027
490 255 13 18 0.027
421 252 12 14 0.025
488 381 17 21 0.025
808 24 11 13 0.024
34 640 14 22 0.024
259 214 16 19 0.022
777 254 15 18 0.022
205 29 15 18 0.022
528 0 11 11 0.022
651 27 10 12 0.021
162 19 34 19 0.021
643 257 15 19 0.021
587 21 12 13 0.020
