35_Basketball_basketballgame_ball_35_333
33
716 159 135 161 0.892
457 139 125 148 0.878
216 163 112 140 0.871
276 30 43 56 0.842
156 26 41 55 0.821
381 0 38 40 0.817
272 5 36 40 0.815
455 7 34 40 0.799
344 8 27 33 0.779
431 49 40 49 0.769
773 0 37 35 0.763
101 6 31 37 0.762
490 37 33 48 0.744
421 0 31 20 0.706
13 0 26 29 0.670
175 0 35 17 0.597
902 0 58 24 0.529
248 0 26 12 0.381
77 3 21 28 0.252
516 0 28 20 0.197
910 0 68 17 0.113
318 0 22 12 0.075
527 0 25 17 0.073
221 0 24 8 0.056
482 0 24 13 0.054
0 0 23 27 0.049
264 0 31 32 0.044
186 0 39 11 0.044
73 1 22 19 0.032
880 0 67 13 0.030
945 0 48 15 0.028
124 65 34 45 0.026
0 122 17 42 0.025
