35_Basketball_Basketball_35_252
390
212 254 57 73 0.858
333 317 89 98 0.847
502 156 83 97 0.837
799 87 68 114 0.811
55 503 25 31 0.806
694 475 16 20 0.785
34 459 18 24 0.777
603 344 23 32 0.775
69 475 20 25 0.774
0 466 15 23 0.771
94 469 17 21 0.768
739 471 16 20 0.767
306 508 21 25 0.740
648 473 18 21 0.734
685 445 14 19 0.720
394 290 40 66 0.712
779 443 15 18 0.711
109 444 18 20 0.709
0 442 16 20 0.700
0 419 12 18 0.694
806 430 14 17 0.694
85 422 16 19 0.685
749 439 16 18 0.682
77 443 16 19 0.675
29 360 14 16 0.673
62 342 13 16 0.673
101 295 10 12 0.670
41 430 17 21 0.660
190 243 9 11 0.658
295 278 10 13 0.648
832 441 14 18 0.646
333 298 10 13 0.646
735 426 14 16 0.646
171 308 10 14 0.645
308 305 10 12 0.644
25 426 14 17 0.627
770 419 11 14 0.623
0 300 10 14 0.620
360 298 11 14 0.618
129 291 9 11 0.617
67 290 12 14 0.614
50 238 9 10 0.609
161 269 10 11 0.608
52 417 15 17 0.603
317 466 17 18 0.599
32 331 12 14 0.597
62 210 10 11 0.596
811 469 17 20 0.591
782 407 12 13 0.589
53 331 12 14 0.587
699 338 12 16 0.585
300 336 12 15 0.584
39 280 11 12 0.584
32 313 12 13 0.581
8 278 10 12 0.579
69 251 9 10 0.577
196 308 10 11 0.576
288 214 9 10 0.572
312 271 10 11 0.570
642 329 11 13 0.562
40 407 14 18 0.559
830 426 14 17 0.554
276 316 13 15 0.553
32 264 11 13 0.551
147 205 8 9 0.550
304 252 9 11 0.548
129 309 10 13 0.545
621 331 11 13 0.541
72 183 8 9 0.540
109 215 8 10 0.540
167 177 7 8 0.537
87 234 9 11 0.535
154 299 10 12 0.535
161 249 8 12 0.528
61 382 13 18 0.521
14 170 8 9 0.521
216 200 8 10 0.501
154 166 8 9 0.497
0 521 11 23 0.495
34 382 14 17 0.491
82 217 8 9 0.489
352 233 9 10 0.485
12 223 8 11 0.482
330 231 9 10 0.480
104 313 11 12 0.476
277 252 10 12 0.470
379 249 9 10 0.467
1 397 15 20 0.466
37 226 8 10 0.465
146 261 9 11 0.460
116 269 9 11 0.457
335 185 7 10 0.456
710 437 13 15 0.450
315 183 7 9 0.450
310 235 8 9 0.448
93 193 8 10 0.447
118 192 8 11 0.442
89 119 7 9 0.442
362 276 11 12 0.440
111 157 8 9 0.437
94 276 9 12 0.434
125 244 10 10 0.434
206 184 8 9 0.431
77 154 8 9 0.427
131 148 8 9 0.426
8 146 8 10 0.425
412 230 9 9 0.425
725 348 10 13 0.421
59 266 10 12 0.420
8 186 9 10 0.420
390 228 8 9 0.419
298 169 6 8 0.418
296 199 8 9 0.411
329 312 12 14 0.406
624 351 12 15 0.405
115 425 12 14 0.404
373 212 9 9 0.380
37 167 9 12 0.379
801 385 11 12 0.373
355 217 7 9 0.371
35 136 8 10 0.371
661 359 12 14 0.365
10 257 10 13 0.364
285 469 18 20 0.353
280 297 8 11 0.349
720 328 10 11 0.340
97 339 11 13 0.338
184 192 8 10 0.334
355 261 8 10 0.328
43 412 17 20 0.327
242 182 8 11 0.319
346 154 7 8 0.317
94 525 19 23 0.317
798 422 13 16 0.299
224 173 8 10 0.299
180 166 8 9 0.295
22 194 9 10 0.294
196 227 8 9 0.293
340 257 9 11 0.293
138 188 8 10 0.292
63 163 9 10 0.287
313 213 9 9 0.282
101 299 11 15 0.281
279 311 14 17 0.281
147 288 8 10 0.279
123 167 8 9 0.278
734 340 9 11 0.276
382 279 9 11 0.268
279 248 9 11 0.265
44 149 9 10 0.263
656 455 15 16 0.262
85 262 9 12 0.261
81 290 11 13 0.257
7 239 8 10 0.254
54 133 8 10 0.245
194 198 8 10 0.241
90 159 9 10 0.238
76 132 8 10 0.236
45 331 18 13 0.236
315 383 15 20 0.234
741 458 17 34 0.232
63 260 10 14 0.231
161 244 7 28 0.229
201 282 9 14 0.229
27 245 10 13 0.224
263 166 7 9 0.223
182 265 9 11 0.221
279 179 8 10 0.221
96 254 9 11 0.220
669 344 11 13 0.219
772 411 16 18 0.215
12 174 8 12 0.212
324 152 7 8 0.207
400 213 9 10 0.202
0 344 9 13 0.202
331 272 8 12 0.198
652 393 13 17 0.198
203 277 9 14 0.196
381 274 8 17 0.193
8 189 14 10 0.191
95 458 21 34 0.191
0 359 8 15 0.189
33 310 10 34 0.189
120 195 8 9 0.189
194 303 11 17 0.188
224 160 8 9 0.183
680 330 10 11 0.179
252 199 9 13 0.173
827 432 18 25 0.172
671 393 12 13 0.166
185 294 11 14 0.165
136 184 8 12 0.164
70 179 8 11 0.162
118 232 9 11 0.161
222 158 8 11 0.160
149 139 8 10 0.158
127 101 8 9 0.155
167 103 8 9 0.153
31 356 13 38 0.150
274 160 7 8 0.149
417 253 8 10 0.146
340 112 8 9 0.145
280 185 9 12 0.144
414 255 10 12 0.140
369 214 14 10 0.138
82 388 16 18 0.138
362 237 10 10 0.137
278 291 11 19 0.135
379 121 7 8 0.134
651 353 11 14 0.134
654 356 12 16 0.133
241 185 10 11 0.128
68 386 18 18 0.128
119 167 15 10 0.125
751 423 13 13 0.124
267 284 10 13 0.124
198 88 8 8 0.123
373 244 13 12 0.123
38 272 11 24 0.123
386 200 8 10 0.121
619 348 16 24 0.121
316 273 23 11 0.120
11 219 8 25 0.119
0 349 10 18 0.119
333 309 15 16 0.119
288 205 11 21 0.118
354 257 19 11 0.116
253 196 11 17 0.116
149 105 9 9 0.115
56 213 29 10 0.113
263 225 10 9 0.113
1 367 12 15 0.112
158 173 17 12 0.111
327 232 20 10 0.107
39 156 8 29 0.107
398 168 7 9 0.105
130 296 23 13 0.102
191 284 20 14 0.099
660 355 13 30 0.097
224 152 7 37 0.097
261 217 9 18 0.096
356 257 9 27 0.095
269 194 9 11 0.094
201 90 7 9 0.091
37 138 9 15 0.090
267 217 12 11 0.090
299 330 11 16 0.089
614 331 15 22 0.088
676 335 11 21 0.088
255 143 8 8 0.088
115 185 9 11 0.087
334 296 11 31 0.086
89 79 8 9 0.085
148 315 11 12 0.084
181 278 12 13 0.084
242 176 9 27 0.083
418 212 8 9 0.083
142 189 8 12 0.083
389 200 7 11 0.082
318 204 9 10 0.082
120 412 16 20 0.082
131 288 27 10 0.082
766 408 36 23 0.078
194 223 8 24 0.076
397 212 10 22 0.073
699 329 10 13 0.073
38 284 11 14 0.073
35 266 19 32 0.072
264 274 14 30 0.071
128 100 14 10 0.069
2 381 13 24 0.068
137 240 9 11 0.067
289 270 15 29 0.066
116 191 24 11 0.066
320 383 19 28 0.065
262 287 14 32 0.063
723 336 19 24 0.063
402 210 11 11 0.062
254 432 20 24 0.062
199 283 10 28 0.061
89 190 11 23 0.060
23 196 16 12 0.060
407 259 12 13 0.060
145 259 16 15 0.059
381 245 11 15 0.058
713 493 14 17 0.057
394 207 15 18 0.057
301 284 20 50 0.057
677 329 25 9 0.057
272 316 31 27 0.056
445 225 10 11 0.056
397 173 8 9 0.056
620 328 10 12 0.055
342 112 11 9 0.055
64 276 9 21 0.055
9 263 11 23 0.055
267 224 11 17 0.054
651 454 13 13 0.053
252 143 8 9 0.053
168 91 8 8 0.052
40 203 9 12 0.051
96 286 15 29 0.051
39 221 8 14 0.051
145 206 9 14 0.051
200 148 8 9 0.051
319 295 29 33 0.051
17 406 50 52 0.051
624 326 17 15 0.050
67 105 9 9 0.050
33 135 31 10 0.048
366 130 8 10 0.047
2 242 27 14 0.047
185 188 22 20 0.047
350 150 8 24 0.047
126 411 14 17 0.045
743 357 11 15 0.045
261 162 26 11 0.045
52 111 17 11 0.045
2 391 11 17 0.045
142 105 18 10 0.045
392 255 20 10 0.043
668 451 22 16 0.043
143 136 13 18 0.043
168 93 9 17 0.042
29 312 10 14 0.041
139 312 11 14 0.041
162 243 10 54 0.041
159 237 10 13 0.040
333 260 23 25 0.039
273 247 16 23 0.038
616 312 31 64 0.038
353 208 9 18 0.037
193 242 10 11 0.035
110 400 18 22 0.035
742 426 55 40 0.035
737 350 15 21 0.035
253 511 20 26 0.035
116 265 11 19 0.034
9 195 8 13 0.034
245 432 20 24 0.034
75 422 52 49 0.034
68 70 8 10 0.033
374 203 22 16 0.032
629 455 25 15 0.031
231 153 19 10 0.031
96 342 15 15 0.031
205 260 11 16 0.031
379 241 10 25 0.030
306 235 11 58 0.029
628 454 14 17 0.029
399 311 31 57 0.029
214 199 10 15 0.028
168 207 8 15 0.028
251 222 10 12 0.028
33 315 14 20 0.027
403 276 21 29 0.027
814 466 17 18 0.027
763 332 10 12 0.027
250 206 11 26 0.027
68 99 6 30 0.026
150 224 14 18 0.026
92 343 12 13 0.026
102 340 12 15 0.026
128 165 28 13 0.026
399 160 6 34 0.026
401 121 7 9 0.026
325 393 17 21 0.025
167 106 21 9 0.024
118 427 17 23 0.024
5 368 16 17 0.024
342 108 7 8 0.024
93 153 23 15 0.023
0 236 8 13 0.023
8 237 11 55 0.023
37 289 10 12 0.022
159 134 17 14 0.022
350 274 49 16 0.022
826 427 14 15 0.022
68 67 12 12 0.021
375 289 11 15 0.021
45 144 22 22 0.021
731 430 14 16 0.021
127 268 9 49 0.021
19 348 16 16 0.021
323 144 8 14 0.021
215 147 11 9 0.021
4 227 10 127 0.020
716 325 12 14 0.020
301 321 10 13 0.020
124 64 7 8 0.020
