35_Basketball_basketballgame_ball_35_637
40
346 61 139 198 0.817
689 196 115 161 0.810
23 300 71 109 0.794
901 163 73 92 0.768
950 316 67 91 0.731
796 39 48 64 0.688
750 210 99 131 0.627
435 0 48 37 0.452
459 95 64 89 0.417
538 67 54 61 0.360
95 76 44 57 0.305
201 71 53 67 0.303
542 127 72 78 0.273
58 150 47 59 0.255
801 117 57 65 0.172
126 0 49 30 0.145
966 22 51 64 0.117
972 75 51 67 0.103
165 8 49 58 0.096
426 195 65 84 0.066
546 135 83 114 0.050
993 0 31 32 0.044
706 4 62 65 0.043
317 0 61 33 0.041
315 0 88 49 0.039
589 21 55 62 0.039
716 14 64 75 0.039
991 0 33 54 0.038
840 26 33 46 0.038
772 264 89 129 0.038
0 220 25 58 0.034
634 42 51 56 0.030
880 463 79 112 0.028
356 0 70 49 0.028
883 120 41 49 0.027
762 15 60 74 0.027
701 16 46 65 0.024
78 0 41 16 0.022
823 26 51 60 0.022
621 0 60 47 0.020
