35_Basketball_basketballgame_ball_35_188
178
789 758 75 79 0.834
540 487 66 81 0.816
432 695 32 38 0.805
715 685 33 40 0.800
452 620 29 34 0.792
682 616 29 34 0.790
827 662 31 38 0.789
17 586 30 39 0.788
1000 555 24 34 0.786
762 554 27 35 0.786
327 479 25 31 0.785
96 435 23 28 0.785
362 708 29 38 0.783
866 664 28 36 0.782
866 562 26 34 0.773
657 531 24 31 0.773
391 512 27 31 0.772
63 385 26 33 0.771
257 568 31 38 0.771
315 619 30 40 0.770
68 278 25 30 0.767
739 479 25 29 0.766
937 572 25 30 0.765
866 421 24 30 0.763
102 348 24 30 0.760
282 430 24 30 0.759
806 484 23 28 0.754
363 392 23 29 0.751
126 387 23 30 0.751
810 556 26 32 0.749
755 357 21 27 0.748
197 429 28 36 0.747
232 434 25 33 0.747
959 476 24 29 0.745
188 390 27 33 0.745
987 395 21 26 0.744
399 472 26 31 0.743
26 432 24 28 0.742
427 393 22 28 0.740
939 392 22 26 0.737
787 405 21 25 0.734
263 268 23 27 0.730
788 354 20 27 0.729
932 354 22 27 0.727
28 170 22 27 0.723
993 525 25 29 0.723
847 356 21 26 0.721
760 424 24 29 0.712
211 263 23 29 0.705
615 471 24 30 0.702
631 440 22 27 0.700
724 518 26 32 0.700
0 723 23 44 0.699
899 333 19 24 0.694
596 401 23 28 0.684
149 475 25 31 0.683
687 505 24 28 0.674
408 342 23 28 0.669
214 99 18 24 0.666
337 93 21 25 0.665
878 161 18 22 0.646
103 544 46 66 0.643
461 356 20 24 0.641
1004 210 18 23 0.635
975 159 20 25 0.632
68 538 25 30 0.630
0 345 15 30 0.617
157 134 20 24 0.615
51 138 22 25 0.615
944 208 19 24 0.552
159 92 19 23 0.548
958 30 17 20 0.543
768 122 17 21 0.519
220 155 18 21 0.511
474 282 20 24 0.508
500 280 21 24 0.499
568 115 19 23 0.495
346 457 22 28 0.383
916 53 16 20 0.382
598 278 21 24 0.367
859 212 16 21 0.291
783 19 18 22 0.290
905 24 17 19 0.285
865 136 16 21 0.270
932 26 18 20 0.268
720 13 17 22 0.265
233 132 17 20 0.265
568 36 14 19 0.263
995 525 27 60 0.248
448 326 17 21 0.239
902 676 29 32 0.227
974 227 18 23 0.207
466 389 20 24 0.178
748 518 27 31 0.178
419 635 25 28 0.171
751 51 15 18 0.170
954 395 57 25 0.154
913 42 19 37 0.152
840 21 15 19 0.152
597 449 20 26 0.141
874 160 17 35 0.140
223 2 15 15 0.140
470 281 50 25 0.139
912 248 17 20 0.135
1013 40 11 19 0.134
756 279 16 21 0.129
720 517 54 42 0.129
757 556 76 33 0.126
703 156 17 20 0.122
297 319 21 26 0.122
751 161 18 22 0.120
381 458 23 26 0.112
676 411 22 28 0.112
945 0 17 10 0.105
263 369 22 27 0.105
160 260 29 27 0.104
937 27 43 23 0.101
833 556 22 24 0.094
382 275 21 21 0.088
147 255 20 24 0.087
921 24 46 23 0.086
218 106 20 26 0.079
702 450 22 26 0.073
763 467 26 33 0.069
148 257 36 27 0.065
522 33 16 19 0.063
164 4 16 15 0.058
759 126 17 52 0.056
118 536 46 68 0.056
328 130 18 21 0.055
458 593 24 29 0.054
828 19 27 24 0.050
763 430 24 53 0.049
446 277 18 22 0.049
891 53 17 21 0.049
759 527 23 27 0.047
344 444 24 30 0.047
386 345 22 28 0.047
179 136 17 21 0.045
203 21 15 19 0.045
387 461 25 30 0.044
168 137 29 26 0.043
683 497 24 29 0.043
384 275 24 30 0.042
822 22 18 22 0.042
16 669 26 34 0.041
105 566 31 42 0.039
96 399 23 25 0.039
387 696 24 27 0.038
153 92 19 23 0.038
376 6 14 16 0.036
468 376 22 35 0.035
927 0 24 13 0.035
433 0 18 14 0.033
865 289 25 25 0.033
911 212 17 21 0.033
206 15 16 22 0.032
590 454 25 33 0.031
180 146 19 25 0.030
611 708 27 34 0.029
968 461 24 29 0.029
879 18 20 23 0.028
216 0 27 23 0.027
673 489 21 24 0.027
376 275 20 23 0.025
402 297 19 23 0.025
92 393 22 27 0.025
903 790 22 26 0.025
697 10 19 22 0.025
948 0 24 11 0.024
573 38 12 15 0.024
249 0 17 15 0.023
885 385 18 23 0.022
907 0 22 15 0.022
497 110 16 21 0.022
13 477 28 33 0.020
977 456 19 23 0.020
229 133 17 22 0.020
