35_Basketball_playingbasketball_35_677
51
898 478 56 72 0.828
275 420 114 136 0.759
571 220 85 114 0.744
854 526 29 35 0.486
831 485 16 19 0.175
119 612 12 14 0.142
846 381 15 21 0.132
411 345 11 12 0.127
813 478 17 20 0.121
877 408 12 15 0.120
790 406 13 14 0.116
754 427 22 35 0.093
805 403 12 14 0.093
106 334 10 12 0.092
2 460 12 14 0.085
805 381 11 16 0.080
742 414 39 60 0.066
376 342 11 13 0.065
112 761 16 17 0.063
509 440 41 55 0.063
804 455 14 18 0.063
846 388 17 20 0.058
50 453 10 12 0.056
787 406 29 13 0.046
760 433 15 23 0.044
790 502 30 41 0.041
415 345 13 14 0.040
82 690 13 16 0.040
808 405 12 14 0.038
32 480 11 14 0.036
86 609 12 14 0.033
436 338 13 15 0.031
806 462 20 34 0.030
379 339 12 13 0.029
183 490 12 13 0.028
81 453 11 12 0.028
824 325 16 17 0.028
834 490 31 71 0.027
944 417 13 14 0.027
31 612 12 14 0.025
797 476 35 60 0.025
114 690 13 16 0.025
67 594 11 13 0.024
117 686 14 16 0.024
102 469 11 14 0.024
135 323 10 12 0.023
63 469 12 15 0.023
738 404 38 52 0.022
842 527 30 37 0.022
407 346 12 12 0.022
787 310 13 18 0.021
