35_Basketball_basketballgame_ball_35_123
385
327 473 21 27 0.781
689 245 16 21 0.759
65 507 20 23 0.757
836 183 16 20 0.747
806 283 16 20 0.741
723 198 15 18 0.741
349 203 14 17 0.732
168 224 13 16 0.721
791 240 16 20 0.720
856 221 16 19 0.717
369 274 15 18 0.715
335 273 14 18 0.711
693 209 14 16 0.706
719 306 17 20 0.704
218 239 13 14 0.703
952 167 15 17 0.701
788 434 18 21 0.695
281 283 13 16 0.693
780 213 14 18 0.689
934 104 13 17 0.689
246 472 20 23 0.682
403 318 16 18 0.678
860 153 14 16 0.675
819 224 16 19 0.671
214 202 13 15 0.660
879 129 14 16 0.659
701 284 16 21 0.658
728 287 14 18 0.658
676 287 16 19 0.657
165 332 16 19 0.655
112 420 17 21 0.652
239 203 14 16 0.648
224 271 14 16 0.646
965 126 13 17 0.646
648 128 13 16 0.645
320 235 13 15 0.643
372 216 12 15 0.642
765 253 15 18 0.640
680 194 13 16 0.639
268 196 13 15 0.637
718 230 15 17 0.637
972 164 14 18 0.631
500 166 14 16 0.629
909 15 14 17 0.627
994 103 13 16 0.627
171 266 13 15 0.623
326 205 13 16 0.620
672 133 14 16 0.619
719 167 13 16 0.616
991 138 14 17 0.613
315 173 13 16 0.609
341 322 14 18 0.599
886 111 14 15 0.597
807 158 13 17 0.595
374 353 15 18 0.588
700 168 12 14 0.577
704 185 12 15 0.572
1000 167 14 16 0.566
957 98 13 16 0.566
321 305 15 18 0.564
274 218 13 16 0.560
344 229 13 15 0.555
751 140 12 15 0.554
741 168 12 14 0.552
291 205 14 16 0.552
728 252 15 19 0.546
714 139 12 14 0.546
200 218 14 16 0.537
862 36 14 15 0.528
669 55 12 15 0.515
334 90 11 14 0.513
656 185 12 16 0.513
41 125 10 11 0.511
279 238 13 15 0.511
444 142 37 48 0.490
92 314 15 19 0.487
103 260 14 16 0.487
826 24 13 16 0.478
797 38 13 16 0.469
675 313 13 18 0.468
559 139 11 13 0.465
749 229 13 16 0.461
960 20 13 15 0.458
0 184 28 69 0.456
189 260 13 19 0.444
61 129 9 10 0.444
396 244 14 20 0.441
840 40 13 16 0.437
768 283 15 18 0.427
766 45 12 15 0.426
762 215 15 20 0.425
127 95 9 12 0.416
734 51 12 14 0.415
163 285 13 16 0.409
1009 139 12 14 0.405
307 99 11 14 0.404
396 238 13 17 0.395
115 304 15 17 0.393
255 327 15 18 0.390
188 109 10 14 0.390
753 185 13 15 0.388
295 239 12 15 0.376
575 195 30 49 0.373
327 81 10 12 0.369
230 94 10 13 0.355
689 46 12 14 0.352
768 28 12 14 0.350
286 98 12 13 0.349
339 173 13 14 0.344
744 21 12 13 0.338
801 94 13 14 0.338
349 93 12 13 0.336
8 131 11 13 0.333
813 64 13 16 0.328
78 346 15 18 0.328
264 106 9 12 0.322
630 61 10 13 0.317
404 16 10 13 0.314
263 264 12 16 0.308
953 147 12 15 0.305
168 119 10 13 0.299
269 212 15 19 0.287
507 23 10 12 0.286
99 118 10 13 0.285
361 76 11 13 0.268
381 89 10 12 0.267
361 330 12 15 0.260
687 232 14 16 0.258
814 25 13 16 0.255
935 82 12 16 0.255
722 78 12 14 0.255
556 174 17 20 0.254
832 166 16 18 0.250
927 143 13 15 0.237
309 286 13 16 0.235
406 353 12 15 0.234
375 62 11 12 0.233
955 80 13 15 0.232
394 60 9 11 0.229
359 42 10 12 0.221
252 96 10 11 0.216
78 426 16 18 0.215
327 232 15 17 0.214
136 119 10 12 0.212
276 225 14 25 0.211
759 212 16 19 0.205
721 30 13 16 0.201
340 90 22 13 0.191
795 69 11 13 0.190
753 220 23 18 0.188
266 221 13 15 0.184
766 259 15 42 0.184
246 266 14 17 0.181
408 36 9 10 0.177
642 60 10 13 0.165
951 42 14 17 0.164
759 214 31 18 0.163
328 318 28 21 0.163
385 318 14 18 0.163
309 294 13 20 0.162
146 82 10 11 0.161
419 90 12 14 0.161
93 282 15 18 0.158
855 138 11 13 0.154
247 287 13 16 0.152
380 18 11 12 0.152
303 73 11 13 0.151
226 374 16 21 0.148
522 258 22 30 0.147
24 129 10 13 0.147
702 166 13 31 0.141
41 124 19 13 0.141
631 60 17 13 0.139
858 70 13 15 0.139
822 20 15 17 0.138
168 261 12 36 0.135
76 299 16 19 0.135
573 161 12 13 0.135
277 236 20 23 0.134
772 157 12 15 0.127
716 19 14 17 0.126
828 167 14 17 0.125
753 482 18 21 0.125
312 303 16 18 0.125
741 249 44 24 0.124
982 95 11 15 0.121
577 51 10 13 0.120
874 77 14 17 0.119
797 177 15 20 0.118
744 166 17 32 0.118
477 9 11 13 0.118
293 98 30 15 0.116
100 309 31 19 0.112
1014 480 10 22 0.111
80 301 20 18 0.110
330 74 11 16 0.108
334 67 11 12 0.106
954 80 15 39 0.106
950 78 13 15 0.104
834 207 16 19 0.103
77 291 20 23 0.102
371 83 15 14 0.100
746 133 12 45 0.099
80 129 10 11 0.096
659 24 11 14 0.096
323 301 14 19 0.096
152 62 10 12 0.095
982 188 15 16 0.094
724 300 17 21 0.093
945 81 25 14 0.093
994 123 12 16 0.092
496 9 10 12 0.089
167 123 10 13 0.088
747 205 14 18 0.087
993 127 15 58 0.087
767 162 14 18 0.083
178 259 29 26 0.081
293 78 13 15 0.078
360 73 13 24 0.078
191 64 12 12 0.077
284 260 13 16 0.077
417 275 13 16 0.077
766 33 16 35 0.076
262 198 51 22 0.076
601 44 12 13 0.075
726 54 13 36 0.074
613 47 11 11 0.074
383 119 11 13 0.070
868 187 20 32 0.070
538 15 12 14 0.069
865 72 18 22 0.068
600 41 10 13 0.068
731 150 12 15 0.068
599 46 11 13 0.068
832 39 50 17 0.067
781 460 19 22 0.066
427 0 11 12 0.065
332 11 10 13 0.065
716 249 23 19 0.063
146 86 9 9 0.061
243 91 11 11 0.061
396 185 11 13 0.060
347 168 13 16 0.058
742 274 14 17 0.058
245 192 41 38 0.058
132 277 15 16 0.057
217 210 12 87 0.056
714 21 34 31 0.056
855 134 15 24 0.056
618 48 11 14 0.056
557 42 10 12 0.055
382 72 14 40 0.054
258 100 35 15 0.054
424 342 13 16 0.053
394 265 14 15 0.053
422 297 13 14 0.053
539 74 10 11 0.052
362 41 11 13 0.051
999 92 15 19 0.051
261 16 11 13 0.051
72 421 17 19 0.050
837 60 12 15 0.050
388 58 16 15 0.050
96 116 10 12 0.050
859 94 12 16 0.049
692 189 12 105 0.049
401 16 14 18 0.049
188 66 12 13 0.049
979 103 13 17 0.049
420 291 13 18 0.047
1001 89 14 15 0.046
59 363 17 19 0.046
746 175 21 21 0.045
78 336 16 20 0.045
795 74 13 18 0.045
715 15 12 14 0.045
584 53 12 14 0.045
825 163 23 92 0.044
708 250 15 20 0.044
193 210 24 23 0.043
157 82 10 11 0.042
481 10 28 11 0.041
799 190 15 21 0.041
951 143 13 15 0.041
336 68 19 13 0.041
300 93 57 15 0.040
309 170 51 26 0.039
686 1 12 13 0.039
419 275 14 32 0.039
401 225 11 14 0.039
401 0 11 12 0.039
221 273 14 18 0.039
395 76 12 14 0.039
835 159 18 17 0.038
1014 200 9 19 0.038
417 88 19 23 0.037
47 397 18 21 0.037
251 90 14 15 0.037
449 53 10 12 0.036
290 313 17 17 0.036
301 193 14 17 0.035
297 244 13 16 0.035
785 441 17 41 0.035
54 275 16 22 0.035
385 115 11 13 0.035
727 262 15 19 0.035
753 117 13 16 0.035
723 155 19 19 0.035
693 167 15 16 0.034
732 20 18 16 0.034
855 98 15 18 0.034
327 194 33 77 0.033
913 77 14 21 0.033
889 69 16 18 0.032
396 105 15 14 0.032
455 156 23 29 0.032
751 121 13 32 0.032
819 46 13 14 0.032
249 97 11 12 0.032
847 110 12 15 0.031
1017 35 7 18 0.031
306 16 11 12 0.031
383 129 11 17 0.031
681 231 14 16 0.031
730 255 16 22 0.031
90 141 12 12 0.030
708 48 12 14 0.030
697 45 16 18 0.030
802 38 16 89 0.030
94 145 10 10 0.030
828 252 18 20 0.030
714 228 15 17 0.029
61 120 58 15 0.029
365 323 22 22 0.029
698 282 29 23 0.029
286 79 17 23 0.029
942 213 16 19 0.029
94 117 13 17 0.028
101 122 10 13 0.028
450 18 11 23 0.028
763 159 14 16 0.027
427 34 10 11 0.027
66 416 17 18 0.027
195 65 10 13 0.027
393 182 15 23 0.027
156 85 9 10 0.027
163 112 10 11 0.026
158 286 13 20 0.026
452 27 11 13 0.026
522 238 12 13 0.026
925 147 13 16 0.025
776 153 12 15 0.025
771 307 15 17 0.024
58 123 13 16 0.024
821 15 13 15 0.024
868 176 19 32 0.024
184 287 15 17 0.024
46 397 31 28 0.024
341 3 10 13 0.023
679 198 14 16 0.023
221 246 18 18 0.023
275 176 24 111 0.023
1013 201 11 25 0.023
842 67 27 17 0.023
384 142 10 11 0.022
305 300 14 17 0.022
532 43 9 11 0.022
218 47 10 11 0.022
285 40 11 12 0.022
348 67 11 12 0.022
358 96 11 13 0.022
1004 158 14 27 0.022
946 2 15 18 0.021
690 38 14 16 0.021
196 242 13 16 0.021
370 9 13 18 0.021
760 194 17 18 0.021
774 191 15 18 0.021
148 65 13 35 0.021
404 6 11 18 0.021
293 222 13 19 0.021
305 69 14 18 0.020
81 272 15 19 0.020
205 370 17 19 0.020
623 46 11 14 0.020
