35_Basketball_Basketball_35_473
28
865 82 32 52 0.819
274 285 32 51 0.798
414 273 26 36 0.648
108 282 34 51 0.493
569 298 25 23 0.349
558 371 35 36 0.145
576 295 27 26 0.137
298 164 6 7 0.130
582 289 25 26 0.127
774 271 8 9 0.091
59 164 8 8 0.083
495 332 26 23 0.082
58 161 7 8 0.054
565 304 28 27 0.047
665 286 16 17 0.047
591 287 22 21 0.043
13 159 6 9 0.043
409 271 23 32 0.041
502 330 26 25 0.036
259 165 6 7 0.035
261 296 39 44 0.034
62 166 8 9 0.027
487 329 24 28 0.025
591 293 24 26 0.024
554 356 42 40 0.024
668 288 17 18 0.024
736 276 10 12 0.023
58 166 9 8 0.021
