35_Basketball_Basketball_35_519
274
513 621 48 63 0.826
549 153 70 75 0.774
704 756 27 30 0.756
3 836 13 16 0.690
28 874 13 16 0.678
102 812 17 21 0.662
10 874 15 18 0.658
893 865 13 16 0.644
280 837 12 14 0.613
151 841 11 13 0.584
410 733 35 42 0.578
211 837 10 12 0.552
801 889 9 11 0.508
224 852 10 12 0.498
79 793 9 10 0.479
223 881 11 13 0.477
178 864 11 12 0.464
331 882 11 12 0.455
965 833 10 12 0.442
833 878 9 10 0.441
12 808 11 13 0.426
321 854 10 11 0.425
41 823 12 16 0.417
780 655 8 10 0.390
156 880 11 12 0.377
873 801 9 10 0.368
752 656 9 9 0.365
43 794 10 12 0.351
822 654 7 9 0.342
731 633 8 10 0.329
726 655 9 10 0.325
58 779 9 11 0.309
80 814 11 13 0.305
137 851 10 12 0.294
0 763 8 9 0.293
158 859 10 13 0.284
26 784 10 11 0.284
991 774 8 10 0.282
349 885 9 12 0.273
794 630 8 9 0.269
761 633 9 11 0.262
996 792 9 11 0.260
759 864 10 13 0.259
64 794 9 10 0.252
785 867 11 12 0.252
10 875 30 17 0.247
810 633 7 9 0.244
773 832 11 12 0.238
992 653 8 10 0.233
839 839 10 13 0.226
837 858 10 12 0.221
967 717 8 9 0.218
1006 632 8 9 0.209
60 779 10 15 0.207
841 630 7 9 0.204
568 849 12 13 0.201
967 802 10 14 0.200
81 813 19 16 0.199
983 873 10 11 0.199
879 844 11 15 0.194
854 857 10 12 0.188
247 903 11 13 0.187
951 745 9 11 0.183
992 850 11 13 0.183
781 888 10 12 0.180
769 600 8 9 0.175
984 804 12 12 0.171
287 883 11 12 0.168
952 741 9 12 0.165
1013 791 9 12 0.163
973 922 9 11 0.162
1011 729 10 12 0.152
52 779 16 11 0.149
34 792 19 12 0.148
31 769 9 9 0.146
851 821 11 13 0.142
1015 651 9 11 0.141
799 599 8 9 0.140
802 655 13 9 0.140
962 632 7 9 0.135
810 780 7 10 0.135
793 828 10 15 0.133
842 599 8 9 0.132
826 711 9 10 0.129
807 777 10 15 0.126
796 675 9 11 0.126
819 601 7 8 0.125
958 669 8 10 0.124
320 857 12 12 0.124
839 838 9 31 0.121
858 788 8 12 0.121
835 858 27 10 0.119
990 758 9 15 0.119
361 875 12 14 0.118
790 771 11 10 0.114
848 886 9 12 0.111
737 773 14 16 0.111
813 847 11 13 0.109
176 858 10 13 0.109
1012 791 8 26 0.108
744 599 8 9 0.107
878 577 8 11 0.106
823 709 10 12 0.106
1012 787 9 22 0.104
762 816 12 16 0.104
786 794 20 10 0.102
929 669 7 9 0.102
872 598 8 9 0.098
822 827 10 22 0.098
806 632 14 10 0.096
1012 815 10 12 0.093
28 854 12 14 0.091
969 754 10 26 0.090
929 687 8 9 0.087
156 862 31 12 0.085
726 598 8 9 0.084
842 648 7 17 0.082
781 805 11 18 0.082
957 688 7 10 0.082
238 887 10 12 0.080
715 632 8 10 0.080
748 770 13 13 0.079
791 899 9 22 0.077
568 166 69 70 0.077
786 786 11 20 0.077
793 676 19 10 0.076
53 853 14 17 0.076
950 750 10 18 0.075
965 785 8 13 0.074
823 807 22 12 0.073
6 765 13 17 0.073
348 883 22 13 0.072
986 597 8 10 0.071
912 599 8 9 0.071
341 860 8 9 0.070
1001 890 9 11 0.068
746 780 15 13 0.068
878 766 9 10 0.068
861 846 17 14 0.068
994 728 10 9 0.067
107 853 14 19 0.067
1004 597 8 9 0.066
765 897 10 13 0.065
877 888 9 11 0.065
993 743 7 48 0.065
803 774 10 10 0.064
747 886 10 12 0.064
962 777 9 12 0.063
774 766 18 10 0.063
951 736 9 28 0.062
788 847 17 13 0.062
893 601 8 9 0.061
815 857 12 15 0.060
253 863 10 13 0.059
1012 766 8 36 0.059
803 788 8 35 0.059
826 790 8 39 0.058
216 836 12 22 0.058
736 777 13 18 0.058
1014 774 9 13 0.057
745 770 18 26 0.057
786 773 21 14 0.057
963 732 20 12 0.056
786 630 18 10 0.056
777 575 8 18 0.056
733 768 16 19 0.055
795 809 8 37 0.055
967 779 9 37 0.054
818 694 9 12 0.054
759 805 10 12 0.053
851 578 8 11 0.053
71 821 12 14 0.052
24 768 10 10 0.052
761 890 17 19 0.049
877 876 9 25 0.049
73 874 13 15 0.049
807 777 8 38 0.048
790 911 10 12 0.047
925 763 8 10 0.047
1002 830 10 14 0.047
1011 574 8 11 0.046
713 581 8 9 0.046
841 654 9 9 0.046
906 798 11 9 0.045
806 633 8 33 0.045
959 656 9 12 0.045
994 834 12 25 0.044
832 810 13 21 0.044
325 862 13 31 0.044
855 767 8 9 0.044
709 655 8 10 0.043
332 880 17 16 0.043
29 769 12 31 0.043
519 552 14 16 0.042
811 910 9 10 0.041
985 792 20 20 0.039
969 758 9 42 0.039
12 774 23 20 0.039
770 656 45 7 0.039
79 807 13 26 0.038
824 806 9 42 0.038
863 830 13 28 0.038
840 824 20 30 0.037
987 787 13 36 0.037
796 814 28 14 0.037
761 854 10 19 0.037
1007 629 7 10 0.036
798 592 8 20 0.036
962 629 8 9 0.036
840 842 26 27 0.036
800 885 13 18 0.036
977 839 18 12 0.035
337 860 11 11 0.035
745 883 15 22 0.034
305 857 10 14 0.034
772 808 14 39 0.034
842 588 7 28 0.034
7 809 13 17 0.034
840 775 7 7 0.033
979 872 11 11 0.032
805 569 7 33 0.032
80 790 8 10 0.032
227 857 16 13 0.032
858 770 9 28 0.031
914 803 8 11 0.031
1014 575 7 9 0.031
824 654 32 8 0.031
761 796 9 35 0.031
769 827 14 18 0.031
77 791 12 15 0.030
955 687 10 16 0.030
1012 744 8 44 0.030
1013 798 10 15 0.029
895 797 15 11 0.029
803 679 16 14 0.029
930 660 6 32 0.029
785 893 17 29 0.029
995 894 10 11 0.028
924 761 20 10 0.028
425 729 39 47 0.027
858 788 24 27 0.027
752 772 29 23 0.027
663 777 8 12 0.027
44 653 9 10 0.026
793 823 17 31 0.026
988 889 10 15 0.026
355 871 14 13 0.026
815 781 20 35 0.026
837 829 14 30 0.026
759 778 16 26 0.026
250 866 14 14 0.026
772 835 23 21 0.025
767 581 9 41 0.024
989 728 26 15 0.024
939 868 11 13 0.024
968 734 34 12 0.024
499 569 11 14 0.024
880 562 6 41 0.024
1010 567 7 32 0.024
969 728 9 42 0.023
918 577 10 9 0.023
837 775 11 11 0.023
780 565 6 35 0.022
916 571 9 20 0.022
742 887 12 17 0.022
793 600 30 9 0.022
108 849 20 17 0.022
831 873 13 17 0.021
11 773 10 29 0.021
961 644 8 18 0.021
809 850 16 30 0.021
856 762 9 45 0.021
988 597 32 9 0.021
1004 843 17 20 0.020
