35_Basketball_basketballgame_ball_35_874
35
759 814 70 92 0.837
494 345 108 118 0.836
914 1106 28 35 0.735
851 1103 26 33 0.728
96 1090 28 36 0.642
187 1012 25 31 0.630
133 1031 26 30 0.619
29 1079 27 34 0.607
1002 1121 22 29 0.425
66 1118 27 35 0.326
895 989 14 17 0.324
934 1000 15 16 0.279
241 1031 22 26 0.274
123 981 22 26 0.244
237 996 24 31 0.186
1010 1021 13 17 0.147
25 1041 26 30 0.133
24 1005 25 29 0.115
221 1057 29 33 0.080
255 963 23 30 0.061
936 1000 24 16 0.055
20 947 22 29 0.050
251 967 25 46 0.042
96 1162 22 29 0.039
237 1026 30 39 0.038
270 700 13 15 0.037
227 1061 29 34 0.037
11 1020 36 43 0.033
22 1021 30 57 0.032
894 1017 16 18 0.032
233 994 31 47 0.031
994 1123 25 30 0.028
656 986 25 40 0.023
28 837 19 22 0.022
0 1070 12 32 0.021
