35_Basketball_basketballgame_ball_35_17
45
855 269 39 56 0.845
108 276 46 53 0.829
323 259 49 57 0.811
922 280 20 27 0.741
672 302 11 13 0.725
720 354 12 14 0.686
774 334 13 15 0.683
636 318 11 13 0.681
438 125 57 70 0.639
961 273 11 13 0.585
998 269 9 11 0.556
1001 315 11 13 0.523
987 318 10 13 0.511
778 306 7 9 0.448
248 132 39 52 0.386
942 266 11 12 0.360
739 309 9 11 0.245
998 301 11 12 0.216
956 252 9 10 0.194
984 317 21 14 0.159
992 315 22 14 0.144
621 349 10 14 0.143
600 325 9 11 0.130
585 324 12 13 0.129
832 322 11 12 0.113
736 312 9 11 0.085
606 354 17 12 0.068
779 309 8 9 0.065
953 251 10 10 0.062
946 259 15 14 0.061
844 300 16 21 0.059
955 271 14 15 0.049
311 114 29 43 0.048
842 310 15 19 0.043
1 367 6 12 0.041
956 332 9 12 0.041
832 315 18 20 0.037
742 306 9 9 0.034
1001 303 11 13 0.033
1017 343 7 12 0.032
777 304 11 14 0.031
956 304 11 13 0.031
430 338 9 10 0.029
634 320 10 12 0.023
775 309 9 9 0.023
