35_Basketball_basketballgame_ball_35_890
31
769 33 64 85 0.869
3 381 61 80 0.868
759 201 74 91 0.861
167 405 63 83 0.859
216 346 62 81 0.859
28 88 56 66 0.858
406 163 65 80 0.855
128 81 58 72 0.855
958 356 65 90 0.849
372 369 68 91 0.848
241 115 67 75 0.840
582 117 72 89 0.823
829 380 54 84 0.821
320 48 63 82 0.815
532 72 62 75 0.771
951 182 64 79 0.770
128 182 53 61 0.734
406 335 55 73 0.721
0 192 23 83 0.700
962 303 54 69 0.684
831 230 50 60 0.656
645 3 58 42 0.648
870 0 55 24 0.592
249 51 60 69 0.425
153 3 48 34 0.365
644 0 57 23 0.084
0 97 16 57 0.050
836 213 46 59 0.050
389 344 69 101 0.047
532 0 63 33 0.043
0 469 11 61 0.038
