35_Basketball_Basketball_35_370
350
516 383 65 86 0.837
30 212 11 13 0.682
804 207 12 15 0.673
79 202 10 11 0.647
521 271 16 19 0.643
378 774 55 41 0.635
78 236 10 12 0.632
135 118 7 9 0.632
876 246 11 12 0.621
172 187 9 11 0.608
4 151 9 12 0.608
250 180 10 12 0.606
79 131 8 10 0.604
1005 270 11 13 0.593
306 175 8 9 0.592
80 156 9 10 0.592
80 88 8 10 0.585
39 173 10 12 0.582
112 136 9 10 0.582
54 149 9 10 0.582
68 107 7 8 0.576
185 184 10 11 0.568
41 279 11 11 0.552
135 159 9 10 0.546
133 196 8 9 0.535
20 111 8 9 0.529
125 105 7 9 0.527
102 189 9 11 0.518
284 146 8 9 0.517
50 68 7 9 0.514
96 105 8 10 0.497
8 71 7 9 0.491
207 163 8 9 0.487
56 169 8 8 0.486
209 143 7 8 0.483
183 147 7 10 0.478
287 172 8 11 0.469
257 121 7 9 0.467
46 106 7 9 0.465
146 109 8 10 0.462
203 180 8 11 0.444
24 70 8 10 0.442
340 144 8 9 0.442
19 91 8 10 0.430
247 223 9 12 0.428
315 155 7 9 0.427
40 89 8 9 0.426
206 113 7 9 0.421
226 216 10 11 0.421
268 176 10 12 0.417
149 188 8 10 0.414
165 136 8 12 0.393
238 127 7 10 0.388
5 43 7 8 0.375
191 133 7 8 0.371
158 157 8 9 0.369
59 40 7 9 0.369
26 46 7 9 0.359
189 108 7 8 0.355
160 90 8 9 0.338
309 209 9 11 0.318
250 150 8 9 0.318
222 167 8 9 0.305
53 202 9 11 0.300
127 69 7 8 0.295
387 134 7 9 0.292
177 83 7 9 0.290
93 41 7 7 0.277
378 147 8 10 0.270
154 70 7 9 0.265
890 163 7 8 0.259
79 150 9 19 0.255
342 190 7 8 0.251
82 273 11 12 0.250
54 148 8 25 0.241
224 119 10 10 0.229
123 245 10 11 0.227
166 108 8 13 0.226
20 24 7 8 0.221
293 200 9 10 0.213
230 180 8 10 0.212
777 201 7 8 0.207
198 88 8 8 0.206
293 127 8 11 0.201
818 176 8 9 0.197
172 188 19 10 0.191
248 224 10 13 0.190
152 215 9 11 0.188
269 131 8 13 0.187
356 140 9 10 0.168
216 87 8 12 0.167
224 164 8 16 0.167
105 60 8 11 0.159
112 228 9 18 0.157
275 176 11 13 0.157
917 165 7 8 0.156
544 118 6 7 0.152
51 257 10 11 0.152
386 213 8 9 0.152
873 206 7 9 0.151
112 112 8 9 0.148
326 125 9 15 0.146
51 11 7 8 0.145
214 118 22 9 0.140
234 124 8 11 0.140
448 110 6 8 0.129
479 145 7 7 0.128
166 105 7 24 0.127
157 249 8 9 0.126
988 188 5 7 0.126
123 68 13 8 0.126
935 181 6 8 0.126
1 136 8 10 0.126
58 33 8 16 0.124
53 25 7 9 0.122
189 241 11 12 0.121
209 240 10 12 0.118
4 40 7 9 0.117
643 164 7 8 0.115
132 53 6 16 0.115
424 134 10 8 0.113
348 117 7 18 0.113
79 124 9 20 0.112
13 72 23 8 0.112
194 83 7 17 0.112
582 129 6 7 0.110
248 220 10 12 0.105
220 219 16 12 0.105
114 227 10 11 0.104
484 123 8 9 0.104
322 200 9 10 0.103
159 236 9 13 0.102
465 112 6 7 0.102
113 239 10 12 0.102
163 108 16 12 0.098
134 198 9 12 0.096
360 119 9 13 0.096
381 205 7 10 0.095
2 143 9 14 0.095
444 125 7 7 0.093
206 224 10 13 0.093
94 32 7 20 0.092
866 156 6 7 0.092
297 128 27 8 0.089
224 155 7 9 0.088
31 5 8 9 0.088
849 174 8 10 0.088
223 212 10 13 0.087
93 106 20 10 0.087
460 137 6 9 0.087
399 104 9 9 0.086
2 89 19 10 0.085
142 220 9 12 0.085
62 42 21 8 0.083
3 251 8 10 0.082
114 34 6 27 0.082
75 63 9 14 0.081
299 203 11 13 0.081
17 47 19 9 0.081
11 273 13 15 0.080
87 14 6 26 0.079
707 200 8 9 0.078
842 181 8 8 0.078
402 105 9 10 0.077
101 55 11 15 0.075
277 111 8 27 0.075
265 77 9 21 0.075
760 208 7 8 0.075
165 131 8 33 0.075
3 81 8 10 0.074
45 9 13 8 0.073
133 180 8 9 0.073
261 103 12 17 0.070
30 263 11 12 0.069
305 130 31 7 0.069
100 59 12 16 0.068
111 14 5 36 0.068
944 167 6 7 0.068
340 146 10 10 0.068
372 169 9 8 0.068
278 200 14 10 0.068
202 186 9 12 0.068
148 41 6 36 0.067
255 120 20 9 0.066
397 104 13 12 0.065
337 187 13 12 0.065
266 215 10 11 0.065
381 135 7 31 0.064
596 149 7 8 0.063
370 84 7 14 0.062
300 160 8 10 0.062
581 122 6 23 0.062
916 161 8 15 0.062
435 152 7 8 0.061
403 136 6 12 0.061
381 209 8 10 0.061
1014 295 8 12 0.060
332 170 7 16 0.060
762 207 7 8 0.059
280 95 9 29 0.059
331 102 5 44 0.057
726 154 7 17 0.056
159 7 8 15 0.056
578 145 7 9 0.056
44 278 14 14 0.055
99 172 8 10 0.054
74 26 6 29 0.054
232 216 12 13 0.053
727 206 6 7 0.053
229 93 7 32 0.053
178 185 20 12 0.053
359 74 6 9 0.052
26 283 15 12 0.051
647 126 7 13 0.051
109 40 7 32 0.051
150 68 22 14 0.051
171 84 34 8 0.050
100 235 13 13 0.049
360 116 7 35 0.049
154 214 12 23 0.049
511 116 7 7 0.048
148 62 13 20 0.048
360 191 8 14 0.048
295 109 6 32 0.048
13 271 16 19 0.048
25 4 11 9 0.047
199 244 19 11 0.047
75 66 24 11 0.047
235 220 23 13 0.046
117 240 14 14 0.046
292 83 7 37 0.046
27 5 16 8 0.046
466 190 6 8 0.045
73 34 6 36 0.045
1014 149 6 8 0.045
379 52 7 7 0.045
160 67 7 38 0.045
527 117 6 7 0.044
162 234 15 11 0.043
539 135 6 8 0.042
99 240 11 13 0.042
874 249 13 15 0.042
706 153 6 14 0.041
933 199 7 8 0.041
10 104 16 15 0.041
305 82 11 36 0.041
56 168 15 10 0.041
276 216 11 11 0.041
326 182 8 10 0.040
483 195 8 8 0.040
80 79 7 17 0.040
928 165 12 7 0.040
606 144 12 10 0.039
372 187 8 10 0.039
557 134 6 15 0.039
112 41 25 9 0.039
180 43 5 31 0.039
992 168 7 8 0.038
49 146 12 26 0.038
83 277 11 12 0.038
2 222 8 12 0.038
868 266 12 14 0.038
166 111 14 14 0.038
464 103 6 30 0.038
557 105 6 7 0.038
14 266 16 13 0.037
398 771 41 40 0.037
318 90 7 39 0.037
225 217 17 16 0.035
750 131 5 7 0.035
49 54 6 28 0.035
958 169 6 7 0.035
969 131 7 7 0.034
96 101 7 26 0.034
9 278 10 14 0.034
820 161 5 38 0.034
981 144 6 7 0.034
706 148 9 22 0.033
502 182 7 8 0.032
17 193 11 11 0.032
422 108 11 12 0.032
215 70 10 35 0.032
360 115 21 17 0.032
845 172 24 12 0.031
345 87 8 32 0.031
904 149 7 11 0.031
51 37 16 16 0.031
762 134 7 18 0.030
249 249 10 11 0.029
341 96 13 27 0.029
186 231 11 13 0.029
25 297 10 13 0.029
131 193 11 20 0.029
420 171 7 8 0.029
866 139 5 44 0.028
317 112 11 33 0.028
999 145 7 11 0.028
133 46 14 26 0.028
303 174 12 13 0.028
120 100 30 31 0.028
279 201 10 25 0.028
405 105 8 7 0.027
623 145 7 24 0.027
248 81 17 31 0.027
229 77 9 43 0.027
745 204 8 8 0.027
279 65 11 42 0.027
504 117 8 8 0.026
447 104 6 41 0.026
374 146 9 31 0.026
880 246 10 12 0.026
252 99 19 22 0.026
863 162 9 30 0.026
1007 150 15 7 0.026
19 103 11 17 0.026
391 114 22 22 0.025
751 208 18 8 0.025
897 187 8 12 0.025
6 148 9 12 0.025
649 181 7 9 0.025
132 18 13 31 0.025
103 231 10 10 0.025
137 69 11 12 0.025
960 161 6 32 0.024
231 99 23 21 0.024
358 147 13 14 0.024
393 88 6 8 0.024
811 143 9 44 0.024
57 36 10 24 0.024
933 181 28 8 0.024
815 168 22 24 0.023
159 196 20 12 0.023
152 153 9 15 0.023
223 45 16 27 0.023
558 101 6 17 0.023
52 0 14 37 0.023
1 101 8 13 0.023
459 125 8 31 0.022
688 201 7 8 0.022
48 257 15 15 0.022
1 87 11 18 0.022
151 159 8 10 0.022
609 141 7 21 0.021
88 0 11 39 0.021
465 189 13 9 0.021
127 47 15 42 0.021
404 113 20 24 0.021
137 0 9 26 0.020
270 199 16 12 0.020
272 118 23 36 0.020
