35_Basketball_basketballgame_ball_35_934
480
53 561 32 40 0.853
659 317 47 49 0.828
986 683 31 35 0.812
903 669 32 41 0.802
362 313 48 57 0.802
858 698 25 30 0.800
815 620 18 21 0.798
703 685 28 35 0.795
430 698 19 23 0.771
858 632 15 19 0.756
934 597 15 17 0.752
762 637 15 19 0.744
849 610 16 20 0.736
790 632 16 19 0.732
861 587 14 16 0.729
336 702 18 19 0.727
858 671 21 23 0.726
877 598 15 19 0.724
962 593 15 18 0.714
993 587 16 19 0.707
507 683 17 20 0.701
983 624 19 24 0.695
744 626 14 17 0.690
449 673 13 16 0.688
557 690 21 24 0.687
415 687 16 20 0.669
1009 543 12 15 0.666
492 667 14 17 0.665
844 587 13 15 0.662
796 715 23 31 0.646
961 554 11 14 0.628
762 609 14 18 0.627
906 572 14 18 0.619
986 570 14 17 0.614
929 548 11 12 0.610
828 601 15 17 0.604
1000 665 24 28 0.594
382 705 17 19 0.591
714 637 17 19 0.591
901 594 17 19 0.585
950 542 10 13 0.582
985 608 16 20 0.581
417 663 12 14 0.574
882 621 17 20 0.573
461 685 16 20 0.572
704 650 16 18 0.566
553 667 15 17 0.558
427 671 13 16 0.556
1005 577 14 18 0.543
452 650 12 15 0.543
192 677 15 18 0.539
940 571 13 16 0.526
397 632 10 12 0.525
358 701 16 20 0.524
848 523 9 11 0.521
1000 511 10 11 0.517
239 682 12 15 0.515
424 640 11 13 0.515
836 576 11 13 0.513
987 533 10 13 0.505
727 588 11 14 0.504
223 682 13 15 0.500
807 529 9 10 0.500
98 710 14 16 0.491
830 525 9 11 0.489
743 584 12 14 0.485
947 585 14 16 0.484
521 630 13 15 0.478
392 666 15 16 0.472
476 631 11 13 0.471
766 683 19 24 0.470
818 586 12 14 0.465
741 650 17 19 0.463
746 547 10 11 0.458
544 620 12 14 0.457
529 660 15 16 0.454
886 567 11 13 0.447
489 645 13 17 0.445
510 617 12 14 0.444
487 616 11 12 0.442
697 624 13 17 0.442
978 556 10 13 0.433
377 639 11 12 0.427
737 606 12 14 0.422
897 539 9 11 0.420
975 511 8 11 0.418
871 514 9 11 0.418
795 612 14 16 0.412
793 532 8 11 0.411
141 702 16 19 0.408
834 560 10 13 0.407
179 710 16 21 0.406
771 592 12 14 0.402
899 506 8 10 0.382
1017 523 7 11 0.381
879 498 8 9 0.378
472 645 13 15 0.375
769 560 10 13 0.374
993 666 28 48 0.373
557 592 11 13 0.370
185 710 16 20 0.362
755 529 8 10 0.355
544 595 9 10 0.353
706 599 12 14 0.351
818 560 11 12 0.344
807 592 14 16 0.343
547 638 12 14 0.343
424 621 10 12 0.340
727 520 8 10 0.335
711 613 12 15 0.334
415 628 10 12 0.322
783 684 22 32 0.316
871 544 9 12 0.316
571 578 10 13 0.313
768 700 20 30 0.311
474 544 8 9 0.306
452 624 11 13 0.304
706 644 19 23 0.303
465 643 16 15 0.291
157 706 17 17 0.290
709 578 10 13 0.288
708 568 10 15 0.287
732 657 20 22 0.286
735 567 10 13 0.286
562 614 12 15 0.286
708 603 13 16 0.276
565 643 13 18 0.274
421 666 18 19 0.270
863 568 11 14 0.263
511 635 13 16 0.263
793 559 9 11 0.262
549 655 14 23 0.259
916 522 8 11 0.259
811 543 9 11 0.250
106 586 9 10 0.247
416 576 10 12 0.245
742 469 7 9 0.241
983 531 13 13 0.233
786 509 9 11 0.229
781 571 11 13 0.228
785 614 13 16 0.226
750 512 8 9 0.224
118 598 9 12 0.217
520 563 9 11 0.214
1002 561 13 25 0.211
823 507 9 9 0.206
847 506 8 9 0.205
919 508 9 12 0.205
476 564 9 12 0.204
760 514 8 9 0.204
619 138 47 41 0.203
792 589 12 12 0.202
555 588 11 14 0.202
490 556 10 10 0.201
816 580 12 15 0.201
979 488 8 9 0.199
939 499 9 10 0.197
143 706 32 17 0.197
418 693 31 23 0.196
403 582 9 12 0.195
184 586 8 11 0.194
186 678 15 17 0.189
556 554 11 11 0.186
406 629 20 14 0.185
144 592 9 10 0.184
575 524 10 13 0.182
406 644 12 19 0.182
783 570 11 28 0.176
252 586 10 11 0.175
525 509 10 11 0.174
373 640 13 14 0.174
479 607 12 12 0.174
546 592 22 14 0.174
568 613 11 14 0.173
830 465 8 8 0.173
560 626 13 21 0.173
1013 525 9 11 0.172
1014 566 10 15 0.170
544 613 15 25 0.169
773 700 26 29 0.167
956 501 10 10 0.162
413 658 15 17 0.162
536 581 10 13 0.159
189 608 8 10 0.158
221 682 31 16 0.158
431 502 7 8 0.157
885 561 10 15 0.157
708 565 14 13 0.156
873 625 19 22 0.154
457 692 17 20 0.154
810 546 15 9 0.151
774 528 8 13 0.151
768 683 24 46 0.150
441 566 9 12 0.149
758 584 16 15 0.146
999 559 14 15 0.143
538 538 10 13 0.141
815 554 10 18 0.139
770 590 32 14 0.138
243 674 12 17 0.138
786 702 24 32 0.137
928 542 12 24 0.136
423 627 11 28 0.134
183 563 8 10 0.131
548 617 11 35 0.130
193 713 16 18 0.130
728 578 11 26 0.130
521 658 13 17 0.130
757 577 11 22 0.130
366 645 11 14 0.129
538 580 10 19 0.129
707 576 12 27 0.128
616 700 23 23 0.126
414 565 10 18 0.126
986 572 30 25 0.122
466 606 10 11 0.121
965 534 16 11 0.119
415 664 17 44 0.117
886 514 10 11 0.116
789 591 33 15 0.116
719 538 10 14 0.115
926 578 12 16 0.114
751 512 17 9 0.113
557 526 9 13 0.111
747 527 19 11 0.109
490 640 15 49 0.109
359 696 16 19 0.108
731 570 35 10 0.108
941 591 39 19 0.106
514 528 9 12 0.105
133 579 8 18 0.104
906 561 14 50 0.103
908 558 11 13 0.102
529 702 18 18 0.102
243 509 8 10 0.102
572 584 10 14 0.101
928 546 32 12 0.100
880 591 19 23 0.099
706 584 12 39 0.099
916 507 9 30 0.098
495 538 8 11 0.098
751 565 22 14 0.097
570 606 10 13 0.096
456 516 7 11 0.096
105 583 9 21 0.096
484 610 11 23 0.096
436 666 27 26 0.095
456 668 28 36 0.094
528 690 15 21 0.094
706 543 10 14 0.093
874 567 24 13 0.091
792 531 25 10 0.090
419 634 13 50 0.090
825 504 8 25 0.089
447 533 8 10 0.089
862 614 36 34 0.089
899 502 7 8 0.088
183 590 19 10 0.088
848 652 17 18 0.087
229 565 8 10 0.087
493 539 8 9 0.087
452 630 21 23 0.087
783 537 18 12 0.087
412 545 9 11 0.086
564 510 9 12 0.086
414 555 9 23 0.084
784 605 15 16 0.084
460 573 12 12 0.084
385 664 13 16 0.083
574 550 9 12 0.083
450 616 10 12 0.083
522 559 10 14 0.080
842 505 14 11 0.079
385 669 13 17 0.079
841 541 13 12 0.079
505 557 10 11 0.078
726 522 16 13 0.078
976 487 9 22 0.078
884 570 34 15 0.078
744 610 24 42 0.077
1010 493 10 10 0.076
786 508 8 23 0.075
959 571 15 16 0.075
918 507 21 12 0.075
954 500 27 10 0.075
414 560 14 24 0.074
566 651 12 16 0.074
174 602 10 10 0.074
450 620 12 14 0.073
721 553 9 24 0.073
531 647 40 35 0.073
524 683 17 20 0.072
512 538 9 20 0.071
397 697 17 17 0.071
133 576 8 9 0.070
450 571 15 12 0.069
249 495 8 9 0.069
794 467 9 10 0.068
863 563 9 11 0.067
203 587 11 16 0.067
696 613 24 32 0.067
536 571 12 15 0.067
553 557 10 16 0.067
877 498 9 25 0.066
428 501 8 10 0.066
931 659 20 26 0.066
849 574 17 67 0.066
748 509 9 21 0.066
242 681 14 18 0.065
1013 493 9 12 0.064
866 592 43 24 0.064
709 624 56 27 0.064
917 452 7 9 0.063
220 682 13 23 0.062
931 536 14 40 0.061
973 532 26 18 0.061
127 713 12 14 0.060
327 702 78 19 0.060
488 556 30 10 0.060
184 663 16 86 0.059
422 552 10 22 0.059
589 493 8 12 0.059
122 708 16 18 0.059
563 507 11 22 0.057
753 550 19 19 0.057
248 600 11 11 0.057
735 624 43 42 0.057
705 569 10 12 0.057
852 506 10 12 0.056
553 636 30 35 0.056
184 560 6 23 0.055
905 552 12 14 0.055
829 539 17 18 0.055
695 529 9 11 0.055
967 496 17 11 0.054
440 569 28 12 0.054
762 574 23 71 0.054
643 684 20 23 0.053
162 563 8 10 0.053
453 570 24 14 0.053
244 669 14 17 0.052
502 515 9 14 0.052
705 579 11 14 0.051
525 608 11 17 0.051
506 549 20 24 0.051
356 684 25 37 0.050
744 535 25 23 0.050
951 537 25 23 0.050
413 615 23 49 0.049
266 570 10 11 0.049
159 563 8 10 0.049
977 487 17 13 0.048
159 560 8 27 0.048
794 463 7 8 0.048
805 506 21 13 0.048
559 525 31 11 0.048
150 703 16 17 0.048
534 609 27 44 0.047
550 492 8 21 0.047
476 539 8 41 0.047
701 538 10 14 0.047
726 517 6 30 0.047
486 603 12 12 0.047
975 570 33 61 0.047
161 562 8 20 0.046
136 575 10 12 0.045
935 511 20 14 0.045
718 737 26 30 0.045
446 531 8 31 0.044
565 488 11 12 0.044
128 605 18 12 0.044
993 497 11 17 0.043
97 596 10 12 0.043
878 503 36 9 0.043
726 555 21 29 0.042
434 513 8 11 0.042
763 571 23 34 0.042
431 546 24 9 0.041
795 470 9 9 0.041
475 557 19 23 0.041
473 536 8 15 0.040
783 512 23 12 0.040
950 530 10 26 0.039
749 540 12 17 0.039
420 506 8 10 0.038
627 690 29 28 0.038
759 607 49 55 0.038
784 676 18 21 0.038
613 128 36 40 0.038
727 549 11 78 0.037
971 684 17 22 0.037
843 563 17 14 0.036
229 572 9 32 0.036
706 561 12 26 0.036
550 692 21 21 0.036
368 646 15 15 0.036
455 525 9 14 0.035
441 611 25 40 0.035
728 538 30 14 0.035
268 584 10 11 0.035
136 609 10 11 0.035
412 571 12 19 0.035
575 531 8 35 0.035
405 581 14 13 0.035
756 514 29 11 0.034
482 579 10 11 0.034
131 611 10 11 0.034
872 526 10 20 0.034
767 534 23 25 0.034
426 575 25 12 0.033
244 500 8 21 0.033
382 668 12 15 0.033
621 696 21 24 0.033
245 560 9 16 0.033
916 454 8 8 0.032
947 507 14 25 0.032
568 631 11 14 0.032
442 653 12 16 0.031
781 507 26 10 0.031
907 547 52 63 0.031
505 636 14 14 0.031
852 663 19 22 0.030
450 634 54 36 0.030
445 490 12 8 0.030
869 576 14 17 0.030
172 606 31 10 0.030
1001 495 21 9 0.029
819 520 35 18 0.029
765 676 18 20 0.029
244 559 8 29 0.029
827 468 7 8 0.028
230 559 8 29 0.028
445 546 9 30 0.028
351 685 15 17 0.028
850 434 8 9 0.027
132 576 22 28 0.027
432 629 17 17 0.027
348 682 14 16 0.027
494 538 22 17 0.026
217 704 14 18 0.026
460 559 13 15 0.026
391 603 15 109 0.026
793 574 37 59 0.026
411 540 8 10 0.025
351 673 12 15 0.025
361 647 13 18 0.025
522 600 12 12 0.025
737 471 11 10 0.025
515 528 32 12 0.024
559 562 20 88 0.024
180 685 13 24 0.024
697 525 9 11 0.024
811 720 21 29 0.024
133 712 14 16 0.024
95 598 11 16 0.024
490 605 15 12 0.024
944 446 6 11 0.023
959 683 27 25 0.023
834 513 33 32 0.023
238 601 23 9 0.023
729 435 8 10 0.023
532 543 14 25 0.023
337 688 13 15 0.023
937 669 20 27 0.022
520 498 13 22 0.022
726 692 19 27 0.022
951 536 28 93 0.022
550 663 20 25 0.022
455 504 15 18 0.022
518 599 11 13 0.021
94 600 21 12 0.021
133 596 12 26 0.021
547 534 19 32 0.021
461 497 8 24 0.021
185 574 22 28 0.020
984 491 10 137 0.020
229 579 12 32 0.020
567 480 8 23 0.020
471 604 23 22 0.020
120 585 20 31 0.020
