35_Basketball_Basketball_35_415
432
419 381 10 13 0.694
435 626 18 24 0.577
431 371 9 10 0.568
110 402 11 12 0.568
540 376 8 9 0.551
964 631 14 19 0.541
162 382 9 12 0.504
182 376 8 9 0.500
561 375 8 9 0.497
655 376 8 9 0.495
71 420 10 12 0.486
129 397 8 10 0.484
20 408 10 12 0.480
515 366 8 9 0.478
694 367 7 9 0.475
333 426 12 17 0.473
594 366 8 9 0.472
476 375 8 9 0.456
371 322 8 9 0.455
174 427 9 12 0.454
411 312 7 9 0.437
332 373 7 9 0.436
54 387 11 14 0.432
352 449 12 13 0.431
9 518 12 15 0.427
494 337 7 9 0.413
109 446 13 13 0.403
577 367 7 9 0.401
422 339 8 9 0.396
626 375 8 9 0.387
455 373 8 9 0.374
380 285 7 8 0.373
209 355 7 9 0.369
402 343 8 9 0.364
749 370 7 9 0.361
679 336 7 8 0.356
236 341 6 7 0.355
549 352 8 9 0.352
903 628 14 20 0.348
393 312 7 8 0.345
464 297 8 8 0.342
953 373 8 9 0.340
627 358 7 9 0.339
516 345 7 8 0.337
872 276 6 8 0.335
670 375 8 8 0.332
644 367 7 9 0.330
364 298 6 9 0.326
906 370 7 9 0.319
403 363 8 9 0.317
929 372 7 8 0.314
363 255 8 9 0.307
498 292 7 9 0.306
928 337 6 9 0.294
710 329 6 7 0.282
628 276 6 8 0.280
433 295 6 9 0.279
996 357 7 8 0.275
213 409 7 9 0.272
766 358 7 9 0.271
979 372 7 8 0.264
10 662 16 26 0.262
529 325 8 9 0.258
569 328 7 9 0.257
635 429 10 14 0.254
478 340 9 9 0.252
922 282 7 8 0.246
857 281 7 7 0.245
82 627 13 20 0.245
430 313 7 9 0.242
382 355 7 9 0.235
382 369 8 9 0.235
69 388 9 11 0.233
498 375 9 11 0.231
493 355 8 9 0.231
513 388 8 9 0.230
548 288 8 8 0.228
908 342 7 8 0.228
346 352 8 9 0.227
939 354 7 8 0.226
57 492 10 14 0.225
531 353 8 10 0.224
599 310 8 9 0.223
1006 371 8 10 0.221
714 375 7 9 0.214
1017 651 6 18 0.213
622 358 12 9 0.212
463 365 8 10 0.211
876 370 8 9 0.207
683 357 9 11 0.207
447 312 9 9 0.204
549 310 8 9 0.202
977 355 7 9 0.202
852 637 13 17 0.198
215 410 8 9 0.196
460 336 10 11 0.196
56 387 19 12 0.196
109 432 11 18 0.194
407 375 9 12 0.188
837 285 7 8 0.188
673 313 6 9 0.184
608 349 7 15 0.182
282 195 8 8 0.181
530 324 12 8 0.178
820 279 7 8 0.177
562 273 6 8 0.177
467 427 9 12 0.176
481 276 7 8 0.175
370 339 9 11 0.174
352 376 8 9 0.173
480 282 8 9 0.172
518 304 7 9 0.171
483 312 8 9 0.171
405 372 8 14 0.167
373 455 11 11 0.166
254 340 8 9 0.166
760 275 7 7 0.166
643 368 11 10 0.165
612 287 8 7 0.164
872 340 7 9 0.164
547 309 9 9 0.161
792 370 7 9 0.160
777 624 15 23 0.158
323 345 7 8 0.157
523 241 7 9 0.157
465 277 6 6 0.156
225 408 9 13 0.155
741 275 6 7 0.155
680 640 12 20 0.155
268 342 7 9 0.155
951 291 7 8 0.150
369 343 8 12 0.150
563 288 7 9 0.149
1016 355 7 12 0.147
447 309 8 17 0.145
43 501 13 15 0.145
948 312 6 11 0.145
883 283 7 12 0.144
499 316 8 12 0.144
351 367 8 18 0.144
938 280 7 9 0.144
530 275 6 7 0.143
755 325 7 9 0.139
693 276 7 8 0.137
556 228 7 9 0.136
615 286 7 9 0.135
569 322 6 21 0.126
368 370 18 9 0.125
921 285 8 8 0.123
416 286 7 9 0.123
313 319 7 9 0.121
658 400 8 9 0.120
383 231 7 8 0.119
672 459 10 14 0.118
6 496 11 13 0.114
759 671 14 20 0.114
441 342 9 20 0.114
949 341 7 10 0.113
830 242 7 7 0.112
897 350 6 19 0.111
786 354 7 14 0.110
546 336 8 11 0.109
50 495 16 15 0.109
836 327 7 14 0.108
187 422 9 11 0.108
362 370 19 9 0.108
540 352 20 9 0.105
990 277 6 9 0.105
767 356 7 16 0.104
463 300 7 26 0.104
206 355 7 9 0.102
391 311 7 16 0.102
478 334 7 27 0.101
213 445 9 10 0.100
550 311 6 31 0.098
945 312 8 8 0.098
251 342 16 8 0.097
7 509 13 21 0.096
579 279 7 8 0.096
672 311 8 13 0.095
105 448 12 13 0.095
480 277 7 18 0.095
587 245 8 7 0.094
423 373 18 18 0.094
546 288 15 8 0.094
953 366 8 17 0.093
759 339 6 20 0.092
184 462 9 12 0.091
45 497 16 17 0.089
601 296 6 37 0.089
472 373 27 9 0.088
808 355 8 12 0.088
595 279 7 8 0.086
514 289 7 9 0.086
365 234 7 9 0.085
900 295 7 18 0.085
711 364 7 9 0.084
429 311 6 22 0.084
516 387 9 10 0.083
397 290 6 19 0.082
16 627 15 21 0.082
618 330 13 14 0.082
977 353 7 19 0.078
323 208 7 9 0.077
587 330 11 23 0.076
383 349 6 33 0.075
520 320 7 22 0.075
357 621 12 17 0.075
662 286 8 9 0.075
80 422 9 11 0.075
266 343 12 9 0.072
587 334 8 27 0.072
526 355 28 9 0.071
985 299 9 10 0.070
0 458 7 13 0.070
735 302 7 10 0.069
605 324 6 30 0.069
966 298 6 24 0.066
388 323 7 13 0.065
541 231 7 9 0.065
492 335 7 34 0.065
296 338 7 7 0.065
649 333 19 14 0.065
400 280 7 18 0.065
648 306 14 9 0.064
448 395 9 11 0.064
711 375 7 8 0.064
679 207 7 11 0.063
447 235 7 9 0.062
641 279 8 9 0.062
706 366 14 8 0.061
111 432 9 13 0.061
228 400 7 12 0.061
633 338 26 7 0.061
223 407 9 11 0.061
569 339 7 36 0.060
403 223 8 9 0.060
823 364 8 9 0.060
366 452 20 14 0.059
468 449 10 12 0.059
462 298 6 42 0.059
402 283 6 6 0.059
997 342 8 32 0.058
745 307 11 15 0.057
575 219 7 15 0.057
667 337 25 9 0.057
306 352 8 9 0.056
866 300 8 29 0.056
658 282 7 8 0.056
541 227 6 19 0.056
571 303 14 14 0.055
782 304 6 30 0.055
498 304 10 24 0.054
454 370 27 12 0.054
684 351 6 8 0.053
659 440 9 12 0.053
307 229 8 9 0.052
1017 280 6 9 0.052
760 268 6 27 0.051
262 229 7 9 0.051
429 312 29 9 0.051
602 283 6 39 0.051
783 238 7 6 0.051
347 349 9 30 0.050
887 301 7 33 0.050
401 287 26 7 0.049
852 279 19 8 0.049
754 312 7 32 0.049
948 304 6 33 0.048
700 208 7 9 0.048
575 259 7 9 0.048
629 261 4 50 0.047
440 327 10 27 0.047
947 272 10 10 0.047
238 343 28 6 0.046
423 278 6 7 0.046
52 385 9 13 0.046
352 315 9 11 0.046
925 649 13 20 0.046
553 229 17 9 0.045
883 278 7 31 0.045
682 331 6 42 0.045
298 351 7 14 0.045
470 350 11 25 0.044
370 362 16 19 0.044
222 411 11 13 0.044
914 352 12 24 0.044
640 323 7 40 0.044
395 281 6 31 0.043
886 235 6 9 0.043
1012 325 7 30 0.043
447 287 15 10 0.043
1013 648 11 22 0.043
433 282 8 26 0.042
293 336 8 8 0.042
580 304 10 24 0.042
389 313 37 6 0.042
298 342 8 21 0.042
693 238 7 12 0.041
1000 307 7 27 0.041
921 310 13 15 0.041
68 656 13 19 0.041
124 398 12 13 0.040
672 302 8 37 0.040
914 639 17 24 0.039
655 337 10 30 0.039
748 345 15 11 0.039
465 271 7 36 0.039
1017 338 6 31 0.039
323 375 8 8 0.039
620 335 29 10 0.039
924 349 6 33 0.038
588 240 9 14 0.038
580 284 6 31 0.038
618 376 11 9 0.038
492 355 31 15 0.038
900 310 8 36 0.038
351 398 7 8 0.038
990 244 8 9 0.038
67 386 13 16 0.038
821 267 6 41 0.038
757 319 6 39 0.037
372 231 21 8 0.037
344 320 20 10 0.037
673 277 6 6 0.037
604 237 8 17 0.037
337 434 13 18 0.036
864 301 7 27 0.035
783 232 7 15 0.035
897 341 11 28 0.035
1010 278 7 37 0.035
19 525 12 16 0.034
872 331 7 39 0.034
690 368 33 10 0.034
821 302 7 34 0.034
359 347 14 28 0.034
998 328 14 27 0.034
301 352 24 6 0.034
1 584 9 22 0.034
616 277 5 45 0.034
924 330 7 41 0.034
1006 375 8 8 0.034
594 350 25 25 0.033
668 349 9 36 0.033
877 352 25 15 0.033
994 279 7 8 0.033
60 491 11 15 0.032
583 272 6 37 0.032
722 280 7 6 0.032
772 273 6 29 0.032
330 362 16 22 0.032
929 375 8 8 0.032
531 264 5 45 0.032
385 283 6 6 0.032
885 228 7 21 0.031
677 390 7 10 0.031
564 268 4 33 0.031
438 280 7 9 0.031
555 375 13 9 0.031
578 386 7 9 0.031
768 364 11 21 0.031
302 249 8 8 0.031
699 203 8 19 0.030
764 241 7 9 0.029
899 290 17 25 0.029
950 210 6 27 0.029
944 339 11 23 0.029
800 303 6 44 0.029
906 227 7 16 0.029
661 340 13 27 0.029
653 346 15 30 0.029
837 283 31 9 0.029
773 285 6 35 0.028
415 277 15 24 0.028
528 286 11 27 0.027
321 373 7 9 0.027
815 205 7 9 0.027
833 332 9 34 0.027
1 551 10 13 0.027
573 317 22 19 0.026
545 243 7 12 0.026
393 255 7 8 0.026
621 309 5 32 0.026
480 636 12 22 0.026
666 283 4 30 0.025
649 284 27 10 0.025
404 221 10 10 0.025
453 357 17 29 0.025
618 295 12 36 0.025
629 276 5 50 0.025
450 287 15 25 0.025
951 141 6 7 0.025
237 656 16 20 0.025
185 431 11 13 0.024
371 374 10 13 0.024
836 324 5 32 0.024
498 395 9 11 0.024
792 292 9 27 0.024
499 222 8 20 0.024
898 279 19 18 0.024
981 333 23 14 0.024
807 262 6 33 0.024
837 276 7 38 0.023
305 401 6 8 0.023
768 302 7 46 0.023
99 446 14 13 0.023
780 298 15 36 0.023
1012 306 7 44 0.022
646 268 6 42 0.022
984 289 12 27 0.022
899 294 10 35 0.022
998 310 11 30 0.022
282 350 10 7 0.022
167 387 10 9 0.022
355 261 8 11 0.022
160 387 8 9 0.022
802 225 8 20 0.022
1000 187 10 9 0.022
827 240 18 15 0.021
227 413 11 15 0.021
962 328 14 30 0.021
796 335 8 34 0.021
492 347 29 19 0.021
668 451 13 20 0.021
965 337 10 30 0.021
133 354 7 8 0.021
351 263 8 10 0.021
873 349 12 39 0.021
940 312 16 24 0.020
872 309 15 30 0.020
278 348 17 9 0.020
675 462 10 12 0.020
