35_Basketball_basketballgame_ball_35_367
27
770 355 23 26 0.778
906 361 19 22 0.771
314 301 23 33 0.770
797 324 20 22 0.768
195 291 23 30 0.726
78 317 18 22 0.591
715 388 11 13 0.409
989 445 14 16 0.297
876 416 11 13 0.263
968 444 14 15 0.191
817 429 11 13 0.172
83 319 20 22 0.171
580 384 11 12 0.146
723 418 10 14 0.096
52 332 19 22 0.095
17 420 8 9 0.083
48 321 20 23 0.083
134 327 13 15 0.054
1 422 8 11 0.046
720 388 9 13 0.044
639 440 6 6 0.040
90 323 16 20 0.036
584 383 11 13 0.026
361 253 20 28 0.026
1 398 7 10 0.025
58 339 14 18 0.024
117 431 8 9 0.022
