35_Basketball_basketballgame_ball_35_103
119
745 330 16 20 0.709
26 487 18 23 0.623
491 328 25 27 0.426
74 268 7 9 0.426
106 271 8 9 0.414
4 268 7 9 0.402
116 250 7 9 0.399
26 249 7 9 0.358
734 281 12 13 0.346
166 270 7 9 0.328
58 250 7 9 0.288
750 272 8 10 0.278
133 266 7 10 0.275
259 271 7 9 0.271
935 268 7 9 0.270
1003 268 7 9 0.263
354 264 9 11 0.241
891 250 8 9 0.239
80 217 6 9 0.238
738 487 21 29 0.233
766 250 7 9 0.222
973 268 6 9 0.221
84 250 8 9 0.208
205 250 7 9 0.203
902 273 7 9 0.184
147 262 7 9 0.180
954 250 8 9 0.180
842 271 8 9 0.175
501 330 20 26 0.161
580 272 8 10 0.158
813 268 8 9 0.158
37 273 6 9 0.158
713 298 8 9 0.157
957 252 7 8 0.153
835 250 8 9 0.147
317 357 12 15 0.145
874 271 7 9 0.126
178 246 7 8 0.124
364 247 8 9 0.122
75 263 8 16 0.117
653 266 7 10 0.106
137 216 8 8 0.101
193 270 7 8 0.093
838 244 8 9 0.092
936 218 6 7 0.091
103 270 8 9 0.089
677 261 8 9 0.089
707 249 7 8 0.088
261 270 7 8 0.085
652 269 8 10 0.082
690 351 11 14 0.081
861 294 8 9 0.081
241 277 7 9 0.080
739 249 7 8 0.079
919 249 7 8 0.076
840 274 7 9 0.074
843 268 8 9 0.073
57 243 7 8 0.072
832 249 8 8 0.072
194 269 7 13 0.070
360 248 9 19 0.068
323 333 10 14 0.065
196 274 8 9 0.064
808 275 9 10 0.063
81 251 23 7 0.061
86 250 11 9 0.061
633 248 9 10 0.061
887 292 8 9 0.059
70 264 10 15 0.056
970 275 7 10 0.056
136 215 9 13 0.055
615 214 9 9 0.055
653 263 7 19 0.054
148 291 7 11 0.051
951 250 14 9 0.050
150 244 9 9 0.050
320 336 11 17 0.049
106 258 7 26 0.048
82 216 7 11 0.048
651 259 7 9 0.046
677 261 10 11 0.044
743 306 11 15 0.038
138 236 8 22 0.037
1000 268 7 9 0.037
790 247 8 9 0.036
325 271 7 9 0.035
408 247 8 9 0.034
788 250 7 9 0.034
719 273 9 11 0.034
303 248 6 7 0.033
74 271 9 9 0.033
863 240 8 17 0.033
819 266 9 10 0.032
178 243 8 17 0.032
328 247 7 9 0.032
731 496 19 24 0.032
266 357 10 14 0.030
342 297 7 8 0.030
31 248 8 10 0.029
90 274 8 9 0.029
577 272 8 10 0.028
325 274 7 9 0.027
746 272 12 13 0.027
509 422 14 17 0.026
949 292 8 9 0.025
535 285 10 11 0.025
607 249 8 9 0.025
914 245 8 19 0.024
278 351 14 14 0.024
965 279 12 8 0.024
668 200 7 13 0.024
933 215 7 13 0.023
574 239 9 10 0.023
826 225 11 14 0.023
716 274 17 9 0.023
138 228 11 26 0.021
939 237 6 17 0.021
567 211 10 9 0.020
684 283 9 9 0.020
