35_Basketball_basketballgame_ball_35_660
260
208 225 32 41 0.850
360 119 44 55 0.793
67 371 22 28 0.700
524 389 14 18 0.698
94 366 18 22 0.684
129 332 12 15 0.663
120 380 15 18 0.658
151 373 15 18 0.640
433 381 13 16 0.590
1008 366 8 11 0.568
972 365 9 11 0.559
469 386 13 15 0.544
1018 402 6 11 0.537
409 357 12 15 0.532
861 372 9 10 0.528
531 62 31 47 0.522
551 373 12 15 0.518
92 307 12 13 0.517
99 338 12 15 0.514
937 373 8 10 0.511
48 303 13 15 0.507
139 312 10 12 0.503
994 400 9 11 0.466
88 328 13 16 0.458
484 385 12 13 0.444
903 367 8 10 0.440
834 375 8 10 0.438
27 296 13 17 0.411
975 408 9 9 0.398
385 351 10 12 0.382
389 376 14 17 0.376
7 363 15 16 0.367
92 235 8 9 0.367
361 346 11 13 0.354
31 291 13 15 0.348
658 411 12 14 0.347
363 384 17 21 0.344
516 347 9 11 0.340
25 268 10 11 0.335
875 367 9 9 0.321
346 362 12 14 0.316
446 382 14 18 0.312
73 301 11 13 0.307
799 367 8 9 0.296
117 346 13 15 0.292
83 288 10 13 0.279
509 387 11 15 0.279
754 392 11 12 0.277
135 272 9 10 0.275
134 288 10 13 0.266
114 287 9 11 0.263
133 302 10 14 0.261
450 350 12 11 0.246
23 378 16 18 0.242
0 267 8 14 0.242
741 390 11 13 0.238
425 336 10 11 0.237
366 366 13 15 0.233
488 358 11 11 0.226
20 297 14 15 0.217
412 356 12 15 0.216
775 403 8 8 0.216
325 361 13 19 0.215
837 377 9 9 0.212
0 299 5 12 0.201
500 359 11 12 0.192
62 308 10 14 0.183
101 251 9 11 0.183
367 345 18 14 0.178
50 273 10 11 0.175
76 297 14 14 0.172
321 337 12 14 0.169
797 393 8 9 0.169
148 331 15 19 0.168
882 373 8 9 0.168
13 372 22 23 0.167
475 410 15 18 0.166
748 377 9 11 0.165
13 318 12 15 0.160
397 338 10 10 0.153
94 329 14 29 0.142
334 321 9 11 0.139
335 338 11 11 0.139
392 369 12 17 0.138
847 367 7 8 0.136
152 296 10 13 0.135
81 256 10 10 0.132
447 351 10 11 0.128
494 333 8 8 0.126
145 365 17 19 0.123
107 303 9 11 0.123
96 273 9 12 0.122
556 358 8 10 0.122
530 367 12 13 0.121
96 279 11 14 0.121
65 234 9 12 0.121
798 394 17 10 0.117
484 357 20 11 0.113
1 262 6 35 0.113
496 382 16 18 0.113
743 382 11 25 0.110
865 368 19 12 0.110
471 381 34 19 0.109
467 367 10 16 0.109
807 391 8 12 0.108
94 276 10 20 0.106
821 375 14 10 0.104
822 375 24 10 0.104
369 345 26 15 0.101
322 349 13 31 0.100
529 368 19 12 0.095
47 229 9 9 0.094
807 394 7 16 0.093
551 389 12 14 0.092
930 373 18 9 0.090
344 344 23 13 0.089
492 357 21 13 0.088
44 263 10 17 0.086
114 263 9 11 0.086
125 318 12 13 0.085
319 387 19 23 0.084
452 350 23 12 0.083
471 342 11 20 0.082
351 384 17 20 0.081
692 397 8 10 0.079
320 326 11 23 0.079
72 273 9 19 0.078
464 416 15 18 0.077
497 338 9 20 0.077
534 66 42 49 0.076
770 395 12 19 0.075
807 367 9 9 0.074
818 400 8 10 0.072
0 281 6 34 0.070
412 393 14 17 0.069
133 273 21 9 0.069
145 357 15 17 0.067
17 338 13 15 0.066
1 212 6 10 0.065
18 299 46 17 0.065
48 267 15 20 0.065
468 353 20 15 0.065
358 367 29 42 0.065
397 331 12 19 0.064
345 375 17 22 0.064
771 380 7 8 0.064
509 364 14 12 0.063
451 323 8 9 0.063
143 248 10 14 0.063
97 288 25 12 0.063
751 376 8 9 0.062
476 340 9 9 0.062
817 396 8 13 0.061
78 259 9 26 0.061
91 285 12 81 0.060
135 280 10 59 0.060
105 233 14 12 0.060
18 311 14 16 0.059
118 171 8 9 0.059
134 265 7 38 0.057
425 338 24 11 0.056
46 229 17 12 0.056
75 270 15 32 0.055
804 415 9 10 0.055
78 221 9 9 0.055
116 362 13 19 0.055
909 366 9 10 0.055
161 281 8 11 0.053
65 266 19 16 0.053
326 385 16 20 0.053
325 376 16 23 0.052
327 364 30 16 0.052
158 329 17 21 0.051
148 354 16 17 0.051
151 263 9 25 0.051
350 317 7 30 0.050
836 368 24 17 0.050
454 343 26 19 0.050
135 268 19 21 0.050
902 370 9 12 0.050
21 253 11 9 0.049
154 367 17 21 0.047
324 356 17 17 0.046
359 390 17 19 0.045
330 374 15 21 0.044
343 319 21 12 0.044
770 375 8 25 0.042
335 316 8 39 0.041
14 307 14 36 0.041
832 373 16 13 0.040
405 335 18 18 0.040
71 322 11 14 0.040
121 167 8 9 0.039
977 367 10 10 0.039
358 339 30 36 0.038
24 249 12 22 0.038
2 225 7 16 0.038
350 319 29 11 0.038
145 300 14 18 0.038
16 378 16 19 0.037
317 321 23 16 0.036
547 350 12 12 0.036
515 350 24 17 0.035
125 365 25 16 0.035
404 335 27 11 0.035
774 396 21 17 0.035
68 280 13 29 0.034
121 172 8 9 0.033
649 406 12 14 0.033
415 360 15 14 0.033
789 417 9 13 0.033
795 393 12 17 0.033
72 317 13 20 0.032
535 375 32 15 0.032
818 367 8 8 0.032
521 289 11 8 0.031
694 396 10 12 0.031
901 366 12 13 0.030
492 329 7 10 0.030
650 417 11 13 0.030
40 251 13 24 0.029
423 331 24 19 0.029
467 411 14 17 0.029
488 329 16 34 0.029
14 338 15 29 0.028
446 374 15 15 0.028
370 324 16 25 0.028
533 122 83 97 0.027
743 394 11 15 0.027
339 319 25 83 0.027
453 322 7 8 0.027
1 203 5 34 0.027
130 233 12 28 0.026
99 348 14 35 0.026
916 362 9 9 0.026
748 421 9 12 0.026
148 274 20 17 0.026
58 218 14 11 0.026
875 367 11 14 0.025
535 352 22 15 0.025
1 246 5 30 0.025
157 304 10 14 0.024
518 304 8 8 0.023
150 316 20 82 0.023
370 311 10 29 0.023
953 363 8 9 0.022
155 305 9 29 0.022
34 383 16 23 0.022
456 337 16 13 0.021
690 396 12 14 0.021
109 227 22 17 0.021
27 216 9 18 0.021
81 285 57 52 0.021
653 403 12 11 0.021
60 253 24 15 0.021
42 239 15 21 0.021
426 315 9 23 0.020
938 377 12 12 0.020
74 361 17 20 0.020
480 341 31 40 0.020
