35_Basketball_playingbasketball_35_623
181
615 279 39 47 0.836
930 202 15 18 0.711
749 182 10 13 0.673
847 210 13 15 0.658
555 208 12 15 0.629
501 180 10 12 0.621
794 206 10 11 0.606
595 214 10 13 0.588
888 192 12 15 0.588
694 270 28 34 0.557
263 175 9 11 0.515
22 155 11 13 0.482
327 132 7 8 0.474
377 133 8 9 0.460
345 150 8 9 0.459
638 213 10 13 0.458
920 156 10 12 0.420
692 83 8 8 0.418
238 149 9 11 0.414
974 198 10 13 0.413
947 146 9 9 0.410
660 175 11 12 0.410
630 95 7 9 0.405
428 133 8 9 0.374
555 165 9 12 0.374
304 147 9 10 0.369
718 198 10 11 0.362
438 98 8 9 0.361
788 177 9 11 0.334
816 179 8 10 0.331
435 254 27 31 0.323
270 134 8 9 0.319
886 142 8 9 0.314
690 120 8 10 0.310
529 267 20 29 0.306
601 93 7 8 0.305
440 154 8 10 0.304
1005 184 11 13 0.296
756 115 8 10 0.294
650 128 7 8 0.286
398 97 7 7 0.273
568 303 27 33 0.269
546 73 7 8 0.268
993 140 9 10 0.262
897 266 13 16 0.254
572 297 22 28 0.254
158 139 7 9 0.250
800 96 8 10 0.245
397 140 8 9 0.238
956 162 9 10 0.224
213 141 8 10 0.218
395 97 8 8 0.214
514 103 7 8 0.208
467 174 9 11 0.200
632 129 8 9 0.196
776 120 8 12 0.185
184 130 8 9 0.184
925 182 11 12 0.174
555 93 8 10 0.169
746 89 8 11 0.169
204 131 8 10 0.166
253 137 8 10 0.159
371 90 6 8 0.155
656 177 11 12 0.151
877 104 8 9 0.150
910 122 7 10 0.149
289 179 10 11 0.144
738 108 9 11 0.142
725 294 45 45 0.141
775 113 8 11 0.129
729 94 8 10 0.127
533 88 6 7 0.126
575 140 8 9 0.119
940 167 11 11 0.118
126 129 7 10 0.115
830 155 8 10 0.113
955 122 7 9 0.112
750 114 14 10 0.109
578 113 8 9 0.106
776 98 8 9 0.103
690 117 8 10 0.103
597 91 10 9 0.101
817 82 7 8 0.098
831 129 8 9 0.097
955 104 7 8 0.090
662 177 12 12 0.089
775 103 6 33 0.088
775 103 7 17 0.088
714 84 8 8 0.088
556 96 9 9 0.086
671 319 23 39 0.084
389 101 7 8 0.083
210 139 13 13 0.080
777 132 9 10 0.079
646 127 9 9 0.072
276 148 9 12 0.071
914 103 7 8 0.071
461 174 9 10 0.070
494 80 7 10 0.069
407 262 50 42 0.069
463 113 7 9 0.069
568 159 9 12 0.068
397 270 37 43 0.068
970 123 7 9 0.068
250 136 25 10 0.068
938 202 15 17 0.068
954 97 6 30 0.067
1018 136 6 10 0.067
715 282 46 48 0.065
274 135 7 9 0.064
728 93 11 16 0.063
911 127 8 10 0.061
769 153 9 10 0.061
687 223 11 14 0.060
519 95 7 9 0.058
862 89 7 8 0.056
874 186 11 13 0.056
734 229 10 13 0.055
495 78 6 8 0.055
464 176 10 11 0.055
787 169 8 16 0.054
815 180 12 14 0.054
736 301 49 41 0.054
623 96 17 9 0.052
431 132 8 10 0.051
720 190 39 14 0.050
913 125 7 9 0.049
576 111 8 10 0.048
607 104 8 10 0.046
819 124 8 8 0.046
1014 151 8 12 0.045
819 127 18 9 0.044
552 165 8 11 0.043
182 131 28 9 0.043
972 110 7 9 0.041
558 307 34 42 0.040
1000 189 15 17 0.037
769 210 11 17 0.036
758 150 17 10 0.036
126 133 8 8 0.036
986 192 11 15 0.035
950 123 26 8 0.034
532 85 7 7 0.034
251 136 8 9 0.034
781 91 9 14 0.034
580 110 10 10 0.033
814 82 7 7 0.033
739 133 7 9 0.032
724 106 8 10 0.032
493 82 7 8 0.032
973 104 6 25 0.032
766 201 10 12 0.032
953 186 10 15 0.031
810 122 19 11 0.031
200 145 8 10 0.029
613 105 9 8 0.029
740 131 8 10 0.029
590 88 7 10 0.028
575 108 11 12 0.028
265 175 12 16 0.027
988 205 10 14 0.027
747 86 8 7 0.027
653 178 9 11 0.026
401 96 6 7 0.026
797 83 28 10 0.026
465 115 7 9 0.026
377 180 9 10 0.025
517 267 23 30 0.025
275 198 9 10 0.024
671 179 10 11 0.024
800 99 9 12 0.024
558 165 11 12 0.024
837 127 8 9 0.024
326 152 9 10 0.023
759 131 9 27 0.023
765 132 23 14 0.022
461 111 7 8 0.022
140 155 7 9 0.022
689 81 11 12 0.021
800 85 8 9 0.021
851 152 10 11 0.021
