35_Basketball_Basketball_35_462
71
309 741 50 63 0.857
60 625 30 36 0.811
1 574 28 34 0.811
65 800 33 40 0.806
111 340 23 30 0.805
860 822 25 32 0.803
183 786 32 38 0.800
926 816 27 35 0.796
11 681 30 37 0.795
4 746 45 58 0.795
74 476 25 32 0.793
104 741 32 39 0.793
814 392 20 27 0.791
962 517 20 27 0.790
800 436 24 30 0.790
197 544 26 30 0.783
186 578 27 32 0.782
223 620 28 35 0.782
273 744 31 39 0.782
355 558 27 33 0.781
186 753 31 38 0.780
779 555 23 28 0.780
486 471 24 30 0.777
928 557 26 33 0.771
92 565 29 34 0.771
604 435 21 28 0.770
116 676 34 41 0.767
860 381 19 24 0.763
707 447 22 27 0.761
449 362 22 28 0.759
851 558 21 27 0.755
703 372 23 28 0.752
212 457 25 31 0.745
0 485 24 33 0.744
305 359 24 28 0.740
856 459 23 27 0.728
977 798 26 32 0.724
795 375 19 25 0.717
384 351 24 29 0.708
165 487 24 30 0.698
189 469 23 29 0.691
919 390 20 25 0.662
558 368 22 28 0.642
663 489 20 24 0.632
903 464 20 24 0.554
975 477 20 24 0.453
551 511 38 44 0.442
1013 514 11 25 0.423
1005 780 19 35 0.392
990 405 17 20 0.203
600 350 21 28 0.153
137 688 28 38 0.143
655 595 33 71 0.132
557 363 54 27 0.102
1012 387 12 21 0.098
807 387 59 27 0.083
880 688 22 26 0.067
996 396 19 25 0.059
198 507 24 27 0.056
1005 390 19 22 0.055
639 428 20 22 0.050
187 460 24 30 0.046
545 518 38 50 0.044
738 625 25 36 0.038
942 738 24 28 0.036
196 492 24 68 0.035
996 736 20 28 0.034
564 521 39 39 0.030
805 386 23 26 0.029
898 456 21 25 0.029
952 475 31 25 0.021
