35_Basketball_basketballgame_ball_35_43
36
158 183 26 32 0.841
221 184 26 33 0.838
525 175 28 36 0.838
612 180 25 33 0.835
683 159 26 33 0.835
454 83 24 32 0.828
616 77 24 31 0.826
238 458 30 32 0.821
471 405 26 33 0.819
883 382 28 34 0.811
455 183 24 33 0.811
430 472 26 33 0.805
549 422 24 35 0.801
736 418 27 39 0.799
534 77 25 31 0.794
738 0 24 22 0.785
888 62 26 34 0.781
821 121 23 32 0.776
821 0 27 21 0.749
986 94 27 30 0.748
645 515 22 33 0.744
980 63 24 29 0.731
369 491 26 33 0.687
91 37 20 27 0.669
911 127 30 36 0.528
527 532 16 27 0.393
775 618 18 30 0.379
381 495 28 33 0.347
175 1 28 27 0.232
226 90 27 30 0.144
0 142 8 29 0.066
221 513 20 24 0.055
518 528 22 30 0.048
366 505 26 36 0.033
171 0 22 22 0.027
433 178 17 22 0.026
