35_Basketball_playingbasketball_35_507
42
555 252 12 14 0.788
109 291 16 20 0.754
990 236 12 16 0.727
375 257 10 12 0.715
837 317 15 21 0.667
801 280 15 22 0.493
765 227 9 10 0.434
679 216 8 9 0.359
749 253 9 12 0.308
315 198 7 7 0.240
422 162 6 6 0.219
467 184 6 8 0.193
493 60 5 7 0.192
360 163 5 6 0.170
237 186 6 7 0.161
591 199 6 7 0.152
527 63 6 7 0.149
323 166 6 8 0.143
802 291 13 16 0.133
325 167 5 7 0.127
346 218 7 9 0.099
290 192 6 8 0.087
570 53 5 6 0.074
468 182 6 7 0.073
511 60 6 6 0.059
669 249 7 9 0.052
540 55 7 8 0.051
527 60 8 8 0.050
663 230 7 8 0.050
171 199 6 6 0.047
523 62 12 7 0.045
43 264 7 7 0.044
364 168 6 5 0.043
683 217 10 9 0.043
395 168 6 5 0.039
113 219 6 7 0.034
322 164 6 6 0.033
760 235 9 22 0.033
317 193 9 16 0.029
288 189 13 15 0.029
404 250 9 11 0.024
748 249 14 12 0.021
