35_Basketball_basketballgame_ball_35_636
40
50 791 66 77 0.800
844 902 42 50 0.687
674 705 67 73 0.680
398 537 75 62 0.655
461 1005 27 33 0.618
36 980 39 47 0.476
948 964 28 36 0.374
833 144 33 36 0.328
693 166 27 33 0.155
396 1060 28 37 0.134
158 908 37 46 0.122
844 151 33 33 0.105
426 582 59 72 0.104
543 1024 21 25 0.099
0 1078 21 53 0.089
971 394 11 13 0.073
423 534 71 66 0.057
882 993 27 32 0.057
951 423 11 12 0.052
135 770 38 45 0.047
990 418 10 12 0.045
671 243 24 29 0.040
321 1001 27 36 0.040
856 159 24 27 0.038
692 177 27 32 0.037
182 812 26 31 0.037
581 1102 13 14 0.036
618 1123 11 12 0.036
151 917 36 52 0.032
947 958 23 30 0.031
973 398 14 13 0.030
795 394 14 16 0.030
1 848 27 57 0.028
430 554 66 73 0.025
589 882 50 59 0.024
489 771 40 47 0.024
955 954 29 33 0.022
772 265 38 40 0.022
454 1011 26 35 0.022
387 542 58 61 0.022
