35_Basketball_Basketball_35_250
200
252 403 28 36 0.840
605 448 26 33 0.834
682 426 26 30 0.834
828 450 27 33 0.832
571 397 22 25 0.824
387 289 21 27 0.814
827 389 23 30 0.814
767 391 23 29 0.812
493 406 23 30 0.810
728 301 22 27 0.805
396 446 25 32 0.803
482 464 26 30 0.800
949 295 24 30 0.799
615 289 21 24 0.797
310 276 22 27 0.793
424 411 23 28 0.792
883 310 23 27 0.791
589 302 22 28 0.790
230 281 25 31 0.790
529 304 20 24 0.786
842 281 22 28 0.785
571 267 21 23 0.780
649 288 21 26 0.780
98 279 28 32 0.778
697 286 21 27 0.778
167 279 27 32 0.774
768 286 20 27 0.772
486 279 20 26 0.771
515 277 19 21 0.768
350 290 24 28 0.763
195 267 22 26 0.761
261 275 24 31 0.758
868 210 9 11 0.721
938 224 11 13 0.708
89 251 11 13 0.707
439 283 22 27 0.707
161 247 10 12 0.703
124 245 10 13 0.702
104 221 10 13 0.701
69 258 12 14 0.691
230 222 9 11 0.686
290 222 9 12 0.668
83 193 9 12 0.668
1008 219 10 14 0.665
138 229 9 12 0.665
357 256 10 12 0.665
47 211 10 12 0.657
26 223 10 12 0.654
876 235 10 12 0.654
194 197 9 10 0.652
267 217 9 12 0.650
150 180 8 10 0.641
324 218 10 13 0.638
477 206 9 10 0.638
793 270 11 14 0.633
191 223 10 12 0.631
349 226 9 12 0.623
36 262 10 12 0.620
306 202 10 12 0.620
719 204 8 9 0.620
824 255 11 14 0.617
844 229 9 9 0.614
82 169 9 11 0.608
50 234 12 14 0.605
589 196 9 12 0.605
884 180 9 10 0.596
221 262 11 15 0.586
119 176 10 12 0.584
362 214 9 9 0.583
869 282 11 14 0.575
615 220 9 9 0.570
538 199 9 9 0.568
651 193 9 12 0.560
349 186 9 11 0.550
824 219 9 11 0.547
686 202 8 9 0.532
509 202 8 9 0.525
918 172 9 9 0.522
557 205 8 9 0.521
363 241 8 12 0.518
335 269 11 13 0.517
87 214 9 9 0.500
16 192 9 11 0.495
373 178 9 11 0.492
59 189 9 11 0.486
430 233 9 10 0.484
160 229 9 12 0.483
866 276 16 23 0.483
856 264 10 12 0.481
297 269 12 13 0.470
911 238 10 12 0.460
142 259 10 12 0.423
20 303 11 14 0.416
792 219 8 9 0.399
392 197 8 10 0.394
9 271 12 15 0.389
513 183 8 10 0.387
325 203 8 10 0.364
506 197 9 10 0.361
37 183 7 9 0.361
927 288 16 20 0.347
828 287 14 19 0.346
402 259 11 12 0.337
1014 289 9 21 0.303
398 234 10 11 0.291
284 311 22 25 0.291
556 178 8 10 0.278
297 240 10 11 0.277
174 232 9 12 0.260
352 232 11 12 0.254
0 225 7 11 0.239
215 290 15 19 0.232
404 234 10 11 0.232
463 202 8 9 0.213
278 198 8 8 0.200
335 214 11 12 0.185
508 237 8 8 0.177
101 210 9 11 0.174
325 200 8 22 0.170
85 213 17 11 0.163
574 171 7 9 0.163
1014 292 9 30 0.159
395 195 9 11 0.157
509 195 8 21 0.153
408 236 9 10 0.148
907 255 9 11 0.145
663 202 7 9 0.133
1001 284 11 13 0.118
702 209 8 10 0.115
712 204 17 9 0.115
188 304 17 21 0.113
1003 285 13 17 0.111
290 220 11 24 0.109
343 225 9 12 0.108
972 293 13 16 0.107
554 179 15 9 0.105
498 267 12 12 0.103
592 196 10 12 0.103
1009 286 14 27 0.102
1017 308 7 22 0.101
401 225 8 11 0.101
826 284 12 16 0.100
460 203 16 10 0.090
112 222 17 35 0.090
414 270 11 14 0.088
869 208 11 21 0.085
693 211 8 9 0.085
861 114 8 10 0.082
785 244 9 9 0.082
928 296 15 19 0.082
844 256 12 15 0.081
88 243 15 38 0.081
325 245 8 10 0.079
62 198 9 12 0.077
346 184 8 10 0.072
921 292 50 27 0.067
116 176 9 11 0.066
401 196 8 9 0.064
346 187 9 12 0.062
125 300 18 18 0.061
902 238 20 12 0.061
803 291 15 20 0.058
287 319 20 24 0.058
536 212 9 10 0.058
117 294 19 23 0.058
843 249 11 17 0.053
461 201 8 11 0.053
402 223 8 9 0.052
316 271 20 24 0.052
863 209 17 16 0.048
122 289 16 27 0.047
240 257 11 13 0.046
614 218 11 16 0.045
22 224 15 13 0.045
139 300 14 17 0.045
195 293 33 19 0.042
264 268 19 24 0.041
344 276 16 17 0.040
23 267 12 65 0.036
828 298 14 18 0.035
50 304 13 15 0.035
905 237 13 11 0.033
286 257 11 13 0.033
886 250 11 12 0.031
49 300 11 14 0.031
287 262 15 18 0.030
548 271 10 12 0.030
701 202 9 9 0.028
263 280 27 39 0.028
975 294 13 14 0.026
397 192 8 9 0.026
166 229 11 12 0.026
265 262 13 15 0.026
358 289 21 27 0.024
176 234 14 11 0.023
17 191 10 19 0.022
230 225 10 11 0.022
513 178 9 9 0.021
690 211 7 9 0.021
44 291 10 14 0.021
