35_Basketball_Basketball_35_122
75
851 1018 32 39 0.801
760 883 25 30 0.797
787 985 28 33 0.795
797 921 24 32 0.788
114 1047 27 33 0.782
973 1020 28 33 0.780
127 988 27 33 0.779
899 992 28 34 0.779
937 918 27 32 0.773
744 838 25 30 0.773
16 882 24 30 0.772
24 1050 26 32 0.769
177 762 22 26 0.768
19 786 21 27 0.767
877 924 24 32 0.767
94 758 20 25 0.765
664 843 26 32 0.763
77 843 23 27 0.761
845 834 28 32 0.761
914 769 21 27 0.757
960 798 26 32 0.755
718 710 23 27 0.753
67 732 19 24 0.745
141 840 21 26 0.741
795 815 22 28 0.739
694 810 23 29 0.734
773 718 21 24 0.733
660 727 19 24 0.729
904 715 20 24 0.728
750 1036 26 33 0.724
18 829 22 27 0.707
154 723 21 27 0.699
612 534 60 56 0.677
982 715 20 27 0.656
151 762 20 23 0.643
315 558 66 64 0.638
999 775 21 27 0.584
1009 736 15 24 0.479
844 808 24 30 0.420
728 750 19 24 0.407
332 887 23 28 0.336
118 838 18 21 0.302
995 843 21 29 0.268
427 511 61 68 0.265
152 736 21 46 0.259
36 764 18 22 0.223
770 897 36 45 0.218
262 738 35 57 0.211
648 561 41 57 0.210
653 916 29 42 0.205
10 844 22 27 0.200
2 854 19 25 0.189
304 838 24 27 0.173
1014 958 10 33 0.168
750 827 30 82 0.133
300 547 71 47 0.128
942 867 21 27 0.105
832 768 22 29 0.079
847 685 18 27 0.067
189 970 20 27 0.060
840 771 21 68 0.055
805 749 25 27 0.045
185 1017 26 32 0.044
978 762 19 29 0.035
305 541 47 39 0.034
189 969 20 62 0.033
85 824 21 25 0.033
999 850 20 27 0.032
430 528 40 48 0.030
622 815 22 28 0.028
526 1048 29 39 0.023
796 754 21 30 0.022
656 910 24 33 0.022
982 844 28 30 0.021
277 708 31 68 0.021
