35_Basketball_basketballgame_ball_35_263
71
839 1323 88 108 0.873
627 1293 90 108 0.855
102 1379 95 121 0.846
713 1403 89 112 0.839
817 1050 81 108 0.832
721 1155 80 89 0.802
855 1215 81 98 0.790
786 937 71 84 0.781
652 1451 84 85 0.776
0 869 62 94 0.774
531 274 77 90 0.767
963 962 61 91 0.755
0 980 58 97 0.754
362 394 117 141 0.747
980 1168 44 84 0.746
0 1410 94 117 0.738
534 80 68 82 0.731
542 1467 87 68 0.725
737 1291 89 111 0.718
608 185 71 88 0.695
114 711 74 95 0.690
775 60 63 85 0.674
229 955 82 105 0.670
979 1288 45 105 0.654
633 568 77 98 0.635
61 1033 69 90 0.608
900 846 66 77 0.603
133 89 55 70 0.563
455 190 68 84 0.551
96 948 74 95 0.550
888 952 62 66 0.550
650 15 53 61 0.548
286 1319 95 106 0.521
819 0 75 51 0.410
35 407 68 83 0.403
867 401 48 60 0.376
0 1263 34 95 0.373
140 310 65 90 0.367
356 65 68 89 0.341
750 1080 68 83 0.298
943 387 62 79 0.223
240 60 60 71 0.184
696 537 138 169 0.184
10 1452 95 83 0.164
732 418 85 100 0.145
206 900 72 84 0.142
888 634 63 77 0.104
70 615 68 78 0.091
440 408 101 124 0.089
140 348 64 81 0.086
441 9 61 71 0.078
940 498 70 90 0.074
629 410 68 76 0.071
200 915 84 104 0.050
248 687 66 69 0.044
72 880 70 90 0.043
846 0 59 45 0.041
573 546 58 79 0.036
0 1258 6 111 0.035
987 1323 37 92 0.032
651 554 116 146 0.032
355 99 62 80 0.030
506 1019 67 73 0.028
265 1318 78 105 0.028
976 805 48 69 0.027
958 9 66 101 0.026
549 1320 74 92 0.024
448 89 51 63 0.024
769 595 83 92 0.023
12 882 83 89 0.023
737 1096 78 96 0.020
