35_Basketball_playingbasketball_35_478
76
161 433 75 95 0.853
396 425 63 88 0.850
675 188 79 117 0.848
21 332 63 74 0.846
482 463 69 86 0.843
227 331 64 90 0.839
58 240 63 78 0.838
860 499 71 73 0.821
912 409 51 69 0.815
245 262 56 67 0.812
336 290 52 61 0.809
180 242 43 57 0.774
17 177 45 56 0.766
305 232 43 58 0.755
974 496 50 86 0.744
498 275 49 54 0.728
591 489 46 71 0.725
101 400 49 65 0.713
702 101 42 54 0.701
351 183 37 43 0.655
805 233 40 57 0.612
890 106 35 43 0.587
204 147 29 36 0.528
243 129 25 29 0.521
921 504 46 58 0.358
1009 112 15 57 0.327
444 152 33 35 0.252
324 449 64 78 0.237
131 112 25 29 0.221
151 217 32 44 0.207
946 365 40 50 0.193
1001 125 22 51 0.186
232 163 27 33 0.173
298 138 27 34 0.159
157 120 29 35 0.147
0 149 9 33 0.124
537 457 37 57 0.117
1002 319 22 55 0.114
0 226 17 66 0.110
140 116 21 26 0.097
392 235 43 54 0.096
841 342 47 59 0.082
242 284 54 64 0.081
78 39 30 39 0.079
330 123 23 31 0.075
825 0 50 38 0.070
836 370 58 81 0.067
366 222 33 42 0.064
430 213 32 41 0.063
1009 360 15 56 0.063
482 0 47 29 0.061
906 510 51 66 0.059
1015 266 9 50 0.058
362 202 34 42 0.056
0 149 15 41 0.056
332 233 32 46 0.055
3 181 43 48 0.054
350 131 23 27 0.051
937 340 51 61 0.050
371 229 57 51 0.049
129 110 20 24 0.045
543 450 34 42 0.043
79 52 32 39 0.037
1002 341 22 68 0.037
0 69 9 33 0.034
149 232 31 40 0.030
668 0 36 31 0.029
532 194 26 29 0.028
1 165 28 43 0.028
299 157 24 28 0.025
82 39 21 25 0.024
156 227 23 29 0.024
155 133 27 34 0.024
2 160 19 37 0.022
517 461 46 71 0.021
324 39 31 37 0.020
