35_Basketball_playingbasketball_35_685
60
799 355 47 63 0.850
29 279 80 112 0.848
15 210 16 21 0.784
96 369 24 26 0.772
189 390 21 27 0.770
184 348 19 24 0.759
46 134 17 19 0.754
252 161 15 19 0.740
69 214 16 20 0.740
144 385 20 26 0.736
117 287 19 24 0.733
108 219 15 19 0.733
129 315 18 21 0.727
233 381 21 25 0.720
449 116 54 99 0.713
109 255 17 20 0.713
183 142 15 20 0.704
78 153 15 19 0.702
152 159 16 19 0.689
653 175 19 23 0.687
344 192 17 20 0.676
5 260 18 22 0.658
235 292 17 21 0.641
0 153 12 20 0.635
816 284 15 18 0.633
243 349 19 21 0.628
140 221 16 19 0.618
404 194 16 19 0.618
772 268 14 18 0.616
260 326 20 23 0.597
35 221 15 18 0.594
701 265 17 22 0.589
117 354 19 25 0.545
889 340 15 18 0.524
932 365 15 17 0.506
967 358 14 18 0.447
947 338 13 15 0.353
301 197 17 20 0.352
67 247 17 18 0.332
172 226 12 14 0.305
58 199 14 16 0.242
868 370 12 15 0.196
88 209 13 17 0.191
148 299 16 21 0.162
455 219 15 18 0.155
110 256 18 35 0.122
945 340 23 23 0.115
297 193 16 20 0.068
855 356 14 14 0.044
200 198 17 21 0.039
69 252 17 20 0.037
22 252 17 17 0.037
295 188 14 18 0.032
857 353 20 17 0.027
263 333 19 24 0.027
291 241 14 18 0.023
255 384 20 26 0.023
454 217 21 27 0.022
812 323 13 15 0.021
21 188 14 18 0.021
