35_Basketball_playingbasketball_35_25
34
82 394 23 28 0.798
943 352 22 33 0.786
229 417 18 22 0.776
877 354 23 30 0.773
151 423 18 23 0.772
1 241 23 31 0.759
189 384 22 27 0.745
538 344 20 23 0.545
717 374 18 25 0.505
686 350 17 29 0.230
112 414 13 15 0.225
359 341 29 29 0.223
752 312 13 18 0.158
369 340 29 30 0.157
383 342 21 26 0.148
634 354 16 24 0.092
425 368 13 15 0.090
720 367 13 23 0.069
361 332 25 29 0.061
685 335 15 19 0.059
353 346 24 29 0.054
711 378 20 23 0.048
662 357 23 24 0.045
392 347 17 25 0.044
676 361 20 24 0.041
200 404 13 28 0.031
365 329 20 19 0.028
685 360 19 26 0.028
649 357 25 23 0.026
596 350 16 23 0.025
701 316 12 14 0.024
750 307 18 25 0.023
123 416 17 19 0.022
390 312 17 20 0.020
