35_Basketball_basketballgame_ball_35_724
52
156 184 35 45 0.830
43 137 32 40 0.824
65 204 31 37 0.822
758 248 34 40 0.819
836 169 27 34 0.815
860 246 33 44 0.813
1 246 32 47 0.812
463 210 31 40 0.810
369 201 31 39 0.808
527 222 54 52 0.807
218 254 35 40 0.803
598 234 35 45 0.801
719 217 25 34 0.794
284 88 29 39 0.762
870 211 30 36 0.752
670 127 31 39 0.709
963 114 26 32 0.699
452 144 31 39 0.685
172 159 28 32 0.664
387 99 31 37 0.649
290 204 32 37 0.620
137 261 34 39 0.538
728 154 29 35 0.523
772 6 22 28 0.504
999 257 23 35 0.467
767 197 25 29 0.460
553 129 29 35 0.451
440 35 36 41 0.377
990 259 26 40 0.306
657 256 33 38 0.305
763 209 30 35 0.188
560 119 27 32 0.172
982 266 26 36 0.138
659 214 24 29 0.108
655 265 38 44 0.100
739 162 24 30 0.087
111 60 21 26 0.079
675 104 29 35 0.073
281 210 35 41 0.069
948 192 30 34 0.049
871 86 22 27 0.048
666 212 29 32 0.046
722 155 24 31 0.042
715 109 30 35 0.034
546 136 27 32 0.033
828 82 27 30 0.032
1015 34 9 30 0.031
277 222 31 34 0.028
566 181 20 24 0.028
964 20 30 32 0.028
147 257 30 34 0.024
826 5 18 21 0.023
