35_Basketball_playingbasketball_35_404
58
707 200 24 39 0.714
501 441 9 11 0.680
468 395 12 13 0.662
347 381 13 15 0.658
198 433 11 12 0.653
566 400 12 14 0.652
605 397 13 15 0.633
242 410 10 13 0.601
261 413 11 14 0.600
219 412 10 12 0.595
393 420 10 12 0.595
437 420 9 11 0.584
406 427 10 13 0.578
267 432 10 12 0.560
419 421 11 12 0.554
288 419 10 12 0.546
828 380 14 17 0.530
329 440 10 12 0.506
809 388 13 17 0.500
169 425 9 11 0.491
367 434 8 10 0.465
157 408 10 13 0.284
327 442 10 12 0.276
634 426 10 11 0.253
287 432 11 14 0.251
533 445 8 9 0.208
394 422 19 12 0.180
265 426 11 18 0.172
668 303 19 25 0.160
160 414 11 14 0.148
311 437 8 11 0.142
51 251 38 54 0.140
587 416 9 11 0.121
234 434 11 13 0.112
262 410 12 24 0.104
419 420 22 14 0.104
407 420 29 16 0.082
691 198 27 39 0.066
363 436 10 10 0.053
473 435 10 12 0.050
345 431 17 14 0.050
202 433 10 12 0.045
578 411 14 14 0.040
107 250 36 55 0.039
343 426 14 17 0.037
227 410 48 21 0.037
414 421 10 12 0.037
1 416 6 24 0.036
171 442 9 12 0.033
469 421 11 14 0.031
154 407 9 13 0.029
341 422 10 12 0.029
805 390 12 16 0.029
234 438 12 15 0.026
820 378 13 15 0.026
278 413 25 41 0.025
171 431 11 14 0.021
209 266 23 23 0.020
