35_Basketball_basketballgame_ball_35_906
65
629 390 14 17 0.694
546 330 15 20 0.693
463 332 18 23 0.673
369 413 12 14 0.659
388 413 12 13 0.629
579 371 12 15 0.503
407 415 10 12 0.450
421 382 9 11 0.446
632 338 12 17 0.401
439 360 13 16 0.335
562 396 13 15 0.326
498 240 19 23 0.318
402 402 10 12 0.297
561 362 12 16 0.278
533 365 10 15 0.275
383 390 9 9 0.262
599 366 12 15 0.259
505 260 17 20 0.246
600 346 10 13 0.223
403 384 9 12 0.188
581 369 20 15 0.171
565 366 23 16 0.168
367 388 9 10 0.161
419 404 11 12 0.160
374 412 19 15 0.155
376 390 17 9 0.133
602 388 12 16 0.123
403 402 22 12 0.109
582 351 12 14 0.102
530 338 11 13 0.094
405 384 10 23 0.094
576 330 11 23 0.090
403 382 7 36 0.086
360 414 10 12 0.079
534 358 10 15 0.073
549 363 26 17 0.071
442 356 13 18 0.062
598 329 15 15 0.059
530 368 12 17 0.058
572 336 10 14 0.053
533 340 11 50 0.051
629 327 13 32 0.050
565 368 14 17 0.050
420 365 35 28 0.046
451 381 11 13 0.045
430 407 9 11 0.040
599 406 11 15 0.038
363 378 11 22 0.037
621 391 16 18 0.033
383 369 19 14 0.032
567 325 21 25 0.031
532 319 13 13 0.029
457 341 15 17 0.028
366 372 16 32 0.028
426 406 11 23 0.027
586 327 24 19 0.026
543 418 12 15 0.026
590 341 22 15 0.024
498 231 20 23 0.023
408 419 10 11 0.022
530 329 15 23 0.022
434 372 19 17 0.021
635 326 9 31 0.021
579 316 15 21 0.021
359 381 7 11 0.020
