35_Basketball_Basketball_35_82
54
227 753 39 48 0.793
158 907 25 30 0.649
589 426 82 59 0.396
5 940 12 15 0.304
74 983 15 18 0.252
621 421 75 56 0.183
263 476 96 113 0.165
61 962 14 15 0.152
45 962 13 14 0.148
6 939 19 17 0.117
17 988 11 13 0.109
494 164 82 70 0.108
127 932 16 16 0.096
343 551 59 56 0.093
995 928 11 14 0.083
987 966 10 12 0.079
107 934 31 15 0.074
194 56 122 154 0.071
298 508 96 101 0.068
16 944 23 14 0.064
838 1003 11 14 0.061
675 1006 13 14 0.058
199 531 107 102 0.058
131 938 15 20 0.055
238 500 108 108 0.054
154 892 23 45 0.052
778 929 10 11 0.050
103 977 12 14 0.047
115 933 19 28 0.044
30 933 22 23 0.042
82 971 38 16 0.039
855 961 11 23 0.039
88 908 11 54 0.036
129 972 13 18 0.033
1011 966 10 13 0.032
662 889 9 13 0.032
154 875 14 17 0.031
129 886 20 37 0.031
1015 907 9 14 0.029
678 984 10 51 0.028
11 990 31 13 0.027
779 926 10 19 0.026
83 903 18 46 0.026
89 927 33 34 0.025
778 991 10 24 0.024
1015 892 9 37 0.024
251 1312 85 59 0.023
739 988 8 24 0.023
680 953 10 57 0.023
849 969 21 13 0.023
480 147 83 71 0.022
574 435 90 85 0.022
131 906 32 35 0.021
649 996 11 15 0.020
