35_Basketball_basketballgame_ball_35_997
319
306 1412 45 52 0.811
527 1405 38 45 0.805
587 1390 37 48 0.805
478 1301 29 34 0.803
388 1315 31 39 0.793
299 1304 30 40 0.780
404 1416 34 44 0.780
10 1333 31 39 0.779
86 1312 30 39 0.775
373 1368 33 41 0.774
262 1284 25 30 0.769
401 1276 27 33 0.763
177 1258 27 33 0.761
84 1433 42 52 0.757
187 1422 35 47 0.757
160 1393 32 42 0.753
196 1316 30 34 0.749
169 1218 24 29 0.746
89 1212 26 33 0.734
648 1285 27 33 0.732
559 1315 26 33 0.726
123 1186 26 33 0.716
529 1363 34 42 0.704
552 1272 26 32 0.699
104 1252 27 33 0.689
639 1351 30 39 0.680
444 1249 28 33 0.676
190 1116 24 30 0.675
701 1417 29 33 0.675
466 132 95 125 0.667
364 1091 22 28 0.667
52 1217 22 28 0.667
334 1209 27 33 0.666
565 1242 24 29 0.665
50 1183 24 30 0.654
783 1084 19 24 0.650
0 1219 18 33 0.641
283 1147 23 27 0.641
85 1282 27 33 0.640
55 1129 22 27 0.639
740 1101 23 29 0.629
198 1177 24 27 0.629
945 1229 25 28 0.627
414 1218 25 32 0.615
257 1237 26 33 0.604
857 1096 20 27 0.601
350 1029 22 26 0.587
812 1054 20 24 0.581
923 1077 18 23 0.568
357 1255 28 33 0.560
807 1107 21 26 0.551
62 1096 24 27 0.551
723 1014 19 23 0.548
997 1231 23 27 0.542
703 1054 19 24 0.534
421 1057 19 24 0.529
684 1029 21 26 0.526
500 1236 26 32 0.524
854 1034 18 22 0.523
116 1117 23 27 0.516
740 1042 19 21 0.503
807 1137 21 26 0.488
930 1106 19 22 0.483
499 1209 23 32 0.473
965 1107 19 23 0.467
986 1076 21 25 0.467
205 1147 20 24 0.467
881 1140 20 27 0.454
431 1108 20 27 0.453
183 1078 21 27 0.446
961 1165 20 24 0.429
1004 1134 20 26 0.420
3 1135 23 30 0.415
764 1058 18 22 0.415
775 939 18 21 0.406
406 1194 26 33 0.399
941 1191 23 27 0.379
226 1042 24 30 0.375
840 979 17 21 0.372
576 1170 25 29 0.370
727 1079 19 22 0.368
262 1215 26 30 0.367
345 816 18 24 0.358
470 1253 25 31 0.357
744 1346 25 28 0.353
905 1107 18 21 0.344
613 1259 26 31 0.343
673 991 20 24 0.342
66 1159 21 27 0.327
946 1123 20 27 0.327
304 804 19 23 0.321
925 1175 21 25 0.318
731 967 17 21 0.315
920 1187 23 28 0.306
692 963 18 23 0.302
459 1490 31 34 0.294
288 1039 22 27 0.291
6 943 20 24 0.290
809 1002 17 21 0.286
494 1157 23 28 0.283
838 1014 20 24 0.272
410 1036 19 24 0.271
555 1144 23 27 0.266
775 994 19 24 0.264
883 1119 19 26 0.252
386 1270 42 33 0.252
840 1079 19 22 0.250
798 969 18 23 0.243
904 1147 22 27 0.234
925 1188 34 29 0.227
840 943 18 21 0.226
892 1195 21 27 0.223
397 982 18 21 0.218
644 959 19 22 0.217
193 881 21 25 0.214
775 1004 19 25 0.211
923 945 18 21 0.210
792 1098 24 29 0.210
123 991 22 27 0.208
342 1192 24 30 0.207
744 950 17 19 0.206
202 1142 22 43 0.204
232 943 20 24 0.202
109 915 19 21 0.202
129 1090 21 27 0.202
382 953 19 22 0.200
658 799 14 18 0.199
813 984 17 20 0.198
682 931 17 21 0.197
811 996 18 24 0.197
740 1043 27 25 0.194
886 1143 36 27 0.193
693 1039 21 27 0.193
873 1004 18 22 0.192
861 921 18 21 0.189
207 977 20 25 0.188
125 1098 23 30 0.181
277 941 20 25 0.174
120 1141 23 30 0.171
756 1140 19 23 0.170
198 1135 25 33 0.168
362 1060 22 27 0.166
874 1064 20 25 0.165
807 976 21 24 0.162
525 1315 20 24 0.161
402 1096 21 27 0.161
0 1107 20 24 0.155
735 961 20 30 0.154
900 984 18 23 0.153
880 1130 23 28 0.152
692 828 18 20 0.147
678 926 16 19 0.142
276 1067 20 28 0.141
878 1066 19 42 0.140
958 943 16 21 0.139
773 1129 19 24 0.134
489 1198 27 27 0.133
762 1131 30 26 0.132
295 745 21 25 0.132
51 1188 24 65 0.131
998 973 20 30 0.129
579 1512 33 23 0.127
707 926 17 19 0.124
904 975 19 23 0.122
759 918 16 20 0.120
840 978 17 42 0.120
479 1194 22 26 0.116
326 914 20 25 0.115
574 1296 21 26 0.115
477 1223 49 52 0.114
707 965 51 25 0.113
849 1074 27 59 0.112
174 1004 20 22 0.111
899 1036 19 24 0.110
776 1125 20 23 0.109
286 1036 20 42 0.105
47 950 22 28 0.104
899 919 17 21 0.103
650 828 17 20 0.100
777 801 16 20 0.100
392 967 21 39 0.100
921 1051 20 24 0.098
880 1075 19 24 0.096
149 814 21 24 0.095
869 999 20 23 0.093
950 1068 21 24 0.093
932 1108 57 30 0.092
768 838 15 18 0.091
806 1083 21 104 0.090
662 684 15 16 0.088
687 933 22 56 0.086
562 1209 23 27 0.085
871 945 17 21 0.085
808 835 15 18 0.085
800 926 18 22 0.083
970 1070 24 64 0.080
90 798 19 24 0.079
1 880 19 24 0.077
734 833 18 19 0.075
255 783 18 21 0.075
348 1148 25 31 0.073
716 795 17 20 0.071
270 1174 21 27 0.070
258 1220 25 31 0.069
727 977 20 109 0.069
773 992 35 46 0.067
364 735 18 21 0.067
286 695 17 21 0.066
0 1469 19 52 0.065
10 1514 30 22 0.061
109 963 19 23 0.061
750 989 18 19 0.061
101 1049 21 25 0.060
750 1132 21 27 0.059
369 766 21 21 0.058
325 891 19 23 0.058
945 1246 24 30 0.055
727 890 18 22 0.055
998 962 18 28 0.053
942 1233 25 35 0.052
348 1156 24 45 0.052
541 1178 22 28 0.051
947 1155 21 126 0.051
325 898 19 39 0.051
1000 1211 23 40 0.050
464 1106 26 28 0.050
726 834 22 18 0.049
675 1264 24 27 0.048
703 834 18 18 0.048
291 1210 26 30 0.047
933 996 21 29 0.047
319 951 24 27 0.046
690 819 26 35 0.045
620 809 14 19 0.044
730 884 17 22 0.044
930 1007 23 25 0.044
317 948 20 23 0.043
841 945 19 95 0.042
799 1041 19 26 0.041
194 717 16 19 0.041
673 1013 21 37 0.041
950 1101 74 60 0.041
841 937 44 24 0.041
764 1088 22 28 0.041
9 1257 29 35 0.041
967 973 17 21 0.040
337 953 22 22 0.040
998 1110 18 23 0.039
740 753 16 20 0.039
0 1495 35 36 0.039
838 916 29 60 0.039
403 815 17 22 0.038
782 820 18 27 0.038
528 1210 21 27 0.037
915 1011 26 23 0.037
937 961 20 24 0.037
4 1098 22 29 0.036
352 995 20 25 0.036
157 815 19 22 0.036
1004 1193 19 31 0.036
964 1168 23 27 0.036
10 1168 19 24 0.036
71 1401 30 35 0.036
966 1014 22 26 0.035
643 1333 28 30 0.035
937 970 19 36 0.035
702 993 19 24 0.034
927 1057 45 45 0.034
327 964 20 27 0.034
696 971 26 34 0.034
748 949 20 30 0.033
648 1520 45 16 0.032
668 834 16 18 0.032
426 1305 23 30 0.032
778 793 15 42 0.031
365 1069 23 33 0.031
706 912 26 38 0.031
40 1438 28 33 0.031
838 1167 17 20 0.031
655 951 21 27 0.030
488 1154 23 28 0.030
930 1121 51 118 0.030
0 1445 16 43 0.030
415 1204 26 33 0.029
52 957 21 26 0.028
45 945 19 23 0.028
758 979 31 27 0.028
32 745 17 20 0.027
366 729 20 64 0.027
857 903 29 78 0.027
502 1194 30 29 0.027
654 790 18 60 0.027
371 754 20 27 0.027
133 982 22 24 0.026
752 1347 25 29 0.026
893 1118 48 121 0.026
920 994 31 30 0.026
126 1524 35 11 0.025
129 986 22 28 0.025
938 808 21 27 0.024
5 1070 21 28 0.024
469 1113 46 59 0.024
581 1159 26 30 0.024
1 892 19 27 0.023
625 1333 40 36 0.023
160 966 18 23 0.023
6 1267 28 33 0.023
101 1156 24 30 0.022
627 901 18 21 0.022
908 925 22 99 0.022
20 1252 25 33 0.022
888 1199 45 40 0.022
804 725 18 21 0.021
727 946 31 21 0.021
458 1106 22 25 0.020
744 833 44 22 0.020
365 772 18 21 0.020
0 709 15 27 0.020
967 1005 21 26 0.020
