35_Basketball_playingbasketball_35_889
101
520 216 42 60 0.796
877 696 49 53 0.787
512 733 25 31 0.729
76 166 26 33 0.722
21 200 34 45 0.684
178 96 29 41 0.667
408 755 24 29 0.656
466 864 32 43 0.644
447 930 33 47 0.555
45 854 36 51 0.494
407 730 21 25 0.424
440 803 27 33 0.414
475 740 21 23 0.383
269 576 36 37 0.381
40 280 29 45 0.367
663 679 34 32 0.299
984 776 38 49 0.294
450 764 24 34 0.282
290 687 23 30 0.275
245 542 32 40 0.261
205 244 30 45 0.251
272 586 30 39 0.241
609 731 20 24 0.218
534 802 25 28 0.193
407 739 24 32 0.169
477 743 25 29 0.158
660 761 29 38 0.151
167 480 31 34 0.146
117 183 23 30 0.128
582 899 30 45 0.127
448 772 24 47 0.119
605 735 23 38 0.116
474 739 56 28 0.115
451 755 22 27 0.107
925 738 32 35 0.097
345 725 25 30 0.093
600 756 25 31 0.090
142 731 25 35 0.088
269 601 29 38 0.085
492 753 20 28 0.084
546 949 38 55 0.081
635 940 34 44 0.080
527 821 28 36 0.079
38 276 24 35 0.078
1006 720 18 40 0.077
177 88 24 33 0.076
538 807 28 32 0.075
789 603 37 42 0.063
448 739 20 24 0.062
559 790 27 29 0.058
891 814 32 47 0.058
454 775 21 29 0.057
525 831 31 39 0.053
319 702 22 25 0.049
475 779 22 26 0.047
215 250 27 42 0.046
134 588 25 31 0.046
241 891 29 40 0.043
552 723 14 18 0.042
252 587 32 38 0.041
520 809 32 36 0.040
202 234 26 44 0.037
540 772 24 26 0.037
503 772 34 29 0.036
815 918 30 44 0.035
554 777 35 35 0.035
569 907 34 41 0.035
699 904 36 45 0.034
544 752 23 28 0.034
429 796 26 31 0.034
542 760 24 30 0.033
366 698 20 26 0.032
584 766 27 31 0.031
23 656 42 34 0.031
744 863 34 49 0.031
518 844 28 33 0.031
337 784 26 32 0.030
504 779 24 29 0.029
538 818 31 37 0.028
1000 783 24 49 0.027
537 832 27 33 0.026
442 788 26 30 0.026
534 789 25 30 0.025
75 971 35 51 0.025
328 774 32 35 0.025
295 781 32 37 0.024
546 803 31 38 0.023
45 293 29 38 0.023
518 770 24 27 0.023
82 800 28 27 0.023
559 945 32 44 0.023
440 726 26 34 0.022
552 725 29 19 0.022
387 803 24 28 0.022
997 833 26 39 0.021
0 499 21 43 0.021
275 576 24 27 0.021
570 727 20 22 0.021
557 781 23 26 0.021
356 695 26 27 0.020
562 736 21 25 0.020
