35_Basketball_basketballgame_ball_35_60
66
733 248 74 94 0.855
414 232 133 183 0.848
811 201 57 74 0.845
70 292 87 107 0.837
943 209 57 71 0.826
864 130 49 62 0.825
705 127 52 64 0.820
567 115 47 59 0.816
625 256 62 76 0.815
648 31 39 49 0.799
812 96 43 51 0.796
69 177 54 63 0.789
250 248 128 160 0.788
862 295 55 72 0.787
254 130 48 57 0.781
944 318 69 87 0.780
408 89 47 56 0.764
755 9 38 49 0.760
406 209 57 70 0.759
901 54 37 43 0.715
528 99 42 49 0.712
153 74 36 51 0.699
93 96 45 54 0.688
508 4 38 40 0.625
90 130 48 60 0.575
900 4 39 41 0.559
374 49 39 50 0.463
632 0 34 30 0.459
757 94 34 37 0.434
125 2 31 29 0.422
224 6 31 38 0.421
996 3 27 34 0.406
244 80 40 49 0.274
469 157 34 42 0.263
80 247 61 74 0.254
205 95 41 49 0.248
751 106 34 48 0.231
667 324 54 65 0.195
337 109 39 49 0.163
243 46 41 46 0.161
515 54 38 45 0.150
712 2 28 19 0.142
136 266 54 76 0.125
382 38 46 53 0.112
687 24 32 34 0.090
294 28 39 44 0.088
876 8 32 39 0.087
237 56 43 52 0.078
381 1 37 40 0.078
212 148 35 45 0.076
975 6 32 36 0.059
437 191 48 56 0.057
755 79 36 41 0.054
6 174 33 48 0.044
294 43 43 50 0.040
457 164 48 56 0.040
387 15 40 44 0.038
621 31 25 32 0.032
450 107 36 43 0.028
620 18 37 48 0.023
394 2 28 20 0.023
301 18 47 44 0.022
601 190 50 55 0.022
887 5 42 47 0.021
631 209 49 61 0.021
710 0 34 30 0.021
