35_Basketball_basketballgame_ball_35_833
25
636 365 105 129 0.867
350 83 108 155 0.854
957 494 24 29 0.750
838 391 20 26 0.731
854 491 23 28 0.713
894 396 21 27 0.697
138 486 21 27 0.690
834 447 20 26 0.606
960 389 20 23 0.605
55 499 21 29 0.464
142 512 20 24 0.218
57 509 23 30 0.173
805 357 19 25 0.146
822 444 23 27 0.071
804 447 17 26 0.053
114 527 17 23 0.041
778 384 17 20 0.039
839 345 21 26 0.035
63 520 19 25 0.033
60 495 20 25 0.030
132 482 20 29 0.029
961 463 17 23 0.028
859 523 18 24 0.027
810 352 26 23 0.026
782 378 17 20 0.026
