35_Basketball_basketballgame_ball_35_301
134
327 334 73 75 0.824
705 640 94 113 0.782
5 1269 28 37 0.749
167 1292 26 35 0.730
100 1259 23 30 0.710
68 1225 26 30 0.701
147 1254 27 34 0.686
30 1233 24 31 0.682
3 1211 23 31 0.641
119 1151 19 23 0.639
105 1184 21 26 0.633
90 1296 29 35 0.625
124 1204 20 24 0.595
44 1190 21 26 0.522
23 1165 19 23 0.502
184 1205 22 27 0.458
60 1125 15 19 0.441
0 1240 18 28 0.419
66 1174 21 25 0.408
85 1134 16 19 0.395
93 1203 20 25 0.394
69 1279 27 33 0.384
168 1199 20 25 0.383
25 1130 19 23 0.359
309 113 81 70 0.358
114 1129 17 21 0.335
72 1187 21 35 0.318
153 1179 19 23 0.306
6 1159 19 25 0.303
27 1075 16 19 0.280
49 1197 24 30 0.261
176 1243 22 29 0.261
0 1132 15 21 0.248
60 1038 14 18 0.247
189 1197 20 25 0.242
11 1161 29 24 0.232
936 1301 22 26 0.210
132 1174 19 23 0.208
89 1162 19 25 0.190
72 1197 43 28 0.182
969 1314 19 22 0.175
228 1257 22 30 0.168
112 1099 16 19 0.161
133 1029 15 18 0.148
990 1232 14 16 0.145
63 1082 14 18 0.140
1 1108 17 22 0.138
163 1236 27 29 0.134
95 1173 24 25 0.126
1011 1295 13 23 0.125
141 1252 40 52 0.123
308 63 95 100 0.117
112 1030 14 17 0.116
45 1106 16 19 0.112
948 1215 17 21 0.111
173 1097 15 18 0.102
928 1275 16 18 0.102
2 1126 17 24 0.100
10 1069 14 17 0.097
161 1190 38 36 0.097
143 1104 18 21 0.095
53 1068 15 18 0.094
196 1172 19 24 0.094
201 1261 21 25 0.090
2 1110 30 24 0.089
157 1030 15 17 0.085
127 1231 21 25 0.083
59 1073 17 30 0.083
990 1295 17 21 0.083
999 1274 16 22 0.083
76 957 16 17 0.078
3 1197 22 28 0.077
270 1309 24 28 0.076
27 1031 14 17 0.076
151 1233 27 27 0.075
1008 1198 15 20 0.072
63 1173 31 90 0.071
195 1040 17 21 0.067
121 1101 29 19 0.066
956 1284 19 23 0.066
124 1207 34 24 0.057
273 1227 28 27 0.056
103 1001 14 16 0.055
207 1217 16 21 0.054
999 1288 21 26 0.051
131 1030 42 16 0.051
290 811 65 117 0.051
169 1252 92 34 0.047
229 1292 24 29 0.046
932 1278 19 24 0.045
186 1038 17 20 0.043
138 1138 30 22 0.042
168 955 15 18 0.042
117 1291 23 30 0.042
83 1176 62 71 0.041
186 1259 24 26 0.039
195 1004 13 15 0.038
147 1145 23 26 0.037
90 1077 22 18 0.037
82 986 14 17 0.036
190 1103 17 19 0.036
109 1073 16 36 0.036
226 1243 35 47 0.035
5 980 15 20 0.034
168 1107 16 29 0.034
1011 1066 12 17 0.034
5 913 12 16 0.034
118 1101 30 146 0.034
130 970 14 16 0.033
222 1238 19 22 0.031
186 1330 23 31 0.031
158 1034 23 21 0.031
111 1089 18 47 0.030
17 1090 28 125 0.030
8 1125 101 34 0.029
986 1054 15 19 0.029
107 1075 15 18 0.028
278 1277 22 31 0.027
71 1005 16 20 0.027
952 1211 20 22 0.026
958 1274 26 22 0.026
9 1163 54 123 0.025
156 1100 47 22 0.025
177 1152 30 36 0.024
103 1029 15 17 0.024
23 1145 82 81 0.023
927 1280 19 25 0.023
182 1099 21 24 0.022
86 1000 32 19 0.022
43 963 17 20 0.022
155 1151 31 36 0.021
176 1199 32 38 0.020
157 997 16 21 0.020
931 1010 18 19 0.020
