35_Basketball_playingbasketball_35_616
34
808 295 7 9 0.606
4 305 8 10 0.544
721 258 9 11 0.535
885 294 7 8 0.488
263 272 10 13 0.365
943 291 7 8 0.348
160 292 7 9 0.299
574 307 7 9 0.191
270 274 12 12 0.184
651 254 8 10 0.182
650 271 9 12 0.149
888 295 5 6 0.122
811 295 5 9 0.100
318 276 11 14 0.090
954 301 7 9 0.085
987 285 6 9 0.083
274 278 9 10 0.076
153 306 8 9 0.074
227 287 8 10 0.064
267 273 12 15 0.062
771 293 6 7 0.058
998 292 6 9 0.054
987 283 6 6 0.050
983 294 6 8 0.048
986 279 6 17 0.047
812 266 7 7 0.042
858 292 6 9 0.042
857 288 6 15 0.032
646 282 9 12 0.032
768 297 6 8 0.031
930 306 8 9 0.027
769 291 6 11 0.026
812 267 8 8 0.023
309 273 15 14 0.022
