35_Basketball_basketballgame_ball_35_593
90
533 87 160 202 0.888
321 229 150 194 0.865
24 173 40 52 0.830
192 196 43 55 0.822
46 337 45 53 0.820
774 86 34 43 0.783
710 132 34 48 0.769
278 96 29 37 0.760
124 563 78 106 0.755
729 238 61 79 0.754
763 192 40 51 0.750
269 200 36 48 0.733
212 96 31 41 0.710
20 99 28 33 0.658
341 16 29 34 0.648
705 60 25 30 0.623
886 47 22 26 0.594
871 79 25 30 0.557
199 55 28 36 0.551
437 105 32 35 0.544
301 0 30 23 0.544
782 17 22 29 0.524
183 18 22 29 0.513
440 12 27 33 0.476
40 34 24 32 0.449
957 28 29 31 0.434
810 43 23 29 0.414
449 196 66 81 0.411
173 102 30 41 0.394
0 160 20 41 0.385
730 57 26 33 0.351
733 21 20 24 0.332
84 0 29 25 0.284
936 78 49 58 0.246
496 55 30 37 0.178
889 87 30 33 0.171
959 1 22 26 0.151
405 99 30 36 0.149
54 0 25 25 0.148
645 21 20 23 0.146
521 5 31 36 0.137
424 9 39 37 0.134
955 9 24 49 0.130
132 44 32 36 0.127
122 39 28 37 0.127
11 169 43 49 0.123
397 30 30 52 0.119
146 50 25 33 0.119
936 1 24 22 0.117
737 0 20 16 0.114
888 37 25 32 0.114
403 12 26 33 0.106
904 0 29 16 0.101
976 33 23 26 0.092
823 122 24 28 0.085
0 177 24 43 0.084
408 2 28 32 0.079
802 184 38 50 0.079
868 119 31 36 0.079
414 102 54 41 0.072
877 84 34 52 0.069
750 43 25 27 0.063
223 0 23 16 0.056
432 2 29 32 0.055
106 27 23 32 0.054
823 54 27 28 0.050
901 17 24 28 0.049
925 1 57 40 0.048
998 323 26 60 0.048
960 7 31 33 0.046
956 63 38 44 0.044
962 39 32 38 0.044
123 43 90 44 0.039
856 0 24 22 0.037
830 62 22 29 0.037
875 114 33 37 0.037
70 0 31 31 0.034
808 10 21 30 0.033
142 155 32 42 0.030
739 62 29 36 0.030
813 123 63 31 0.029
352 19 24 33 0.028
715 254 69 85 0.027
283 142 27 33 0.026
439 112 32 42 0.026
898 21 35 31 0.025
762 48 30 30 0.021
440 50 29 33 0.021
768 5 31 22 0.020
672 6 19 23 0.020
