35_Basketball_basketballgame_ball_35_54
263
605 394 77 90 0.860
802 385 80 105 0.822
768 468 29 40 0.793
776 379 24 32 0.788
8 439 30 43 0.765
1001 420 21 28 0.756
978 409 18 24 0.748
740 374 26 31 0.738
951 433 23 26 0.734
937 392 19 22 0.730
584 443 17 22 0.693
994 345 13 18 0.689
961 370 15 18 0.668
918 305 13 16 0.665
956 341 16 19 0.663
540 450 18 21 0.663
1010 367 14 19 0.657
1008 320 14 18 0.646
895 302 11 14 0.638
866 297 13 15 0.636
920 417 18 22 0.576
969 292 12 14 0.571
980 316 12 14 0.568
830 325 12 14 0.554
603 374 12 15 0.553
1011 463 13 33 0.537
915 437 22 25 0.535
690 375 12 14 0.534
767 352 14 19 0.531
902 381 16 21 0.530
837 296 11 13 0.523
938 287 9 12 0.519
967 327 12 15 0.519
794 476 38 47 0.515
954 266 10 12 0.510
990 268 9 12 0.505
618 342 12 13 0.503
829 343 13 16 0.502
631 371 14 16 0.502
556 359 13 16 0.501
768 333 13 14 0.498
1000 302 11 14 0.497
998 453 19 27 0.495
751 320 11 14 0.488
726 328 11 13 0.487
704 339 10 14 0.484
940 323 12 16 0.475
108 537 25 35 0.469
658 344 11 13 0.464
803 301 10 12 0.457
583 413 17 18 0.455
785 287 9 12 0.425
122 459 12 16 0.419
613 317 11 13 0.417
795 330 13 15 0.415
897 333 12 14 0.410
1002 287 11 13 0.404
437 406 16 22 0.386
720 359 14 18 0.365
593 350 12 14 0.359
688 333 11 13 0.343
534 391 15 18 0.320
914 284 11 14 0.317
858 355 14 15 0.316
849 333 12 14 0.313
958 474 22 27 0.311
755 297 9 11 0.310
802 285 9 12 0.310
792 325 11 14 0.305
918 418 19 39 0.304
103 490 14 19 0.299
567 377 12 14 0.289
687 301 10 12 0.286
575 393 12 15 0.282
976 460 21 27 0.279
635 356 11 13 0.269
674 371 12 15 0.263
729 344 11 14 0.260
870 65 8 10 0.259
893 353 15 18 0.257
76 491 14 17 0.252
896 256 9 10 0.249
721 366 14 18 0.249
941 258 9 11 0.245
810 318 11 12 0.244
544 418 17 20 0.242
880 267 10 13 0.242
928 266 9 11 0.241
745 345 10 12 0.231
71 464 12 15 0.222
802 267 8 9 0.218
864 320 11 13 0.214
552 297 9 11 0.209
946 308 12 14 0.206
700 336 12 15 0.203
764 396 15 21 0.201
791 349 12 15 0.198
806 361 16 19 0.189
121 443 11 13 0.189
638 323 9 12 0.188
832 271 11 12 0.187
137 452 12 17 0.186
992 367 15 17 0.182
126 480 13 17 0.181
540 488 18 23 0.172
588 310 10 12 0.171
830 331 12 29 0.169
704 326 10 12 0.169
454 375 10 13 0.166
735 311 11 15 0.166
958 336 18 20 0.166
775 276 10 12 0.163
850 260 9 11 0.160
678 290 9 11 0.157
989 308 13 15 0.157
732 293 10 12 0.156
1001 292 11 24 0.155
1000 362 23 23 0.152
528 374 12 15 0.147
96 515 15 16 0.142
123 455 13 30 0.141
872 269 10 12 0.138
580 297 9 9 0.136
770 350 19 18 0.132
852 263 10 12 0.130
2 398 9 11 0.129
950 422 50 32 0.129
715 312 11 13 0.129
963 323 13 18 0.128
96 447 12 15 0.128
835 294 18 16 0.124
860 294 18 15 0.122
917 278 12 15 0.116
97 412 10 11 0.116
922 396 25 39 0.116
758 320 15 29 0.114
1007 397 15 20 0.113
746 286 9 9 0.112
831 312 11 34 0.108
88 491 30 17 0.108
895 325 13 45 0.106
545 280 10 11 0.106
479 376 49 62 0.106
571 379 14 33 0.106
537 385 16 50 0.102
854 282 10 17 0.100
781 329 22 15 0.099
692 329 14 16 0.096
905 368 16 20 0.094
830 279 11 13 0.092
1012 4 10 11 0.086
611 371 33 16 0.086
130 453 17 19 0.084
948 264 14 15 0.083
427 67 67 82 0.080
854 279 10 13 0.074
955 308 13 14 0.072
0 475 13 27 0.072
591 344 44 15 0.069
594 343 12 16 0.069
891 343 14 17 0.067
858 288 23 39 0.067
0 428 15 36 0.067
830 56 8 10 0.064
733 291 10 10 0.064
591 376 14 16 0.063
857 300 56 15 0.062
439 473 27 43 0.059
628 234 8 9 0.059
853 346 15 17 0.058
530 386 21 28 0.057
564 285 9 11 0.055
653 81 7 8 0.053
545 411 16 19 0.053
821 327 39 32 0.053
589 412 16 22 0.053
631 245 8 8 0.052
936 316 48 25 0.052
771 339 15 13 0.051
757 392 22 29 0.051
899 355 20 18 0.049
921 64 9 12 0.049
538 389 14 17 0.048
990 1 9 11 0.047
108 392 11 12 0.047
959 270 21 53 0.047
999 21 12 14 0.045
655 382 12 15 0.043
768 299 12 94 0.042
557 240 7 8 0.042
706 344 11 15 0.041
806 367 18 23 0.041
765 350 20 28 0.040
585 418 17 24 0.040
860 67 10 10 0.039
800 269 11 16 0.039
451 374 14 19 0.039
94 443 21 23 0.039
723 295 18 14 0.038
548 292 13 14 0.037
545 289 11 15 0.037
905 393 15 20 0.036
894 294 10 14 0.036
117 524 25 49 0.036
578 330 12 14 0.035
868 38 9 10 0.034
587 304 11 22 0.034
680 362 12 15 0.032
942 13 9 11 0.032
556 286 15 14 0.032
897 53 10 13 0.032
684 113 8 10 0.031
932 52 9 11 0.031
550 329 10 11 0.031
785 472 31 42 0.031
733 288 28 17 0.030
729 371 27 26 0.030
887 23 9 10 0.030
438 398 15 23 0.030
114 357 9 10 0.030
60 394 10 13 0.030
907 267 10 14 0.030
1004 284 19 13 0.030
74 437 11 15 0.029
612 389 23 33 0.029
629 232 8 20 0.029
549 300 11 13 0.029
69 432 12 13 0.029
637 353 11 13 0.028
76 442 14 15 0.028
744 298 25 77 0.028
713 307 10 12 0.028
2 470 21 30 0.028
799 264 12 65 0.028
594 302 13 16 0.027
614 394 14 17 0.027
676 75 8 10 0.027
578 334 11 18 0.027
825 54 11 10 0.026
628 241 8 10 0.025
57 422 11 14 0.025
838 73 9 9 0.025
972 260 22 99 0.024
713 283 10 11 0.024
902 260 12 11 0.023
941 37 9 11 0.023
64 351 9 10 0.023
1003 20 13 13 0.023
569 372 16 17 0.023
691 102 8 10 0.023
536 437 18 25 0.022
798 335 11 16 0.022
603 370 22 17 0.022
998 443 20 29 0.022
966 9 9 11 0.022
686 111 8 11 0.021
132 382 9 11 0.021
749 68 8 9 0.021
647 248 6 8 0.021
440 402 23 26 0.020
102 403 13 17 0.020
897 339 18 18 0.020
833 31 9 9 0.020
