35_Basketball_basketballgame_ball_35_554
82
477 129 147 183 0.890
263 100 176 201 0.877
73 17 126 139 0.863
699 358 116 122 0.851
752 192 75 95 0.840
214 53 62 66 0.828
427 97 35 49 0.709
892 158 33 42 0.684
873 77 19 25 0.669
646 137 27 35 0.655
973 54 22 27 0.635
769 137 46 52 0.585
404 10 28 32 0.571
992 11 15 20 0.518
782 78 18 21 0.508
995 171 29 64 0.499
957 33 15 19 0.469
898 28 15 17 0.466
950 60 19 22 0.425
811 130 28 33 0.406
690 58 18 21 0.386
671 51 18 21 0.365
802 56 16 19 0.329
922 12 15 19 0.304
743 109 30 34 0.294
0 118 54 104 0.264
903 2 16 18 0.263
764 7 16 20 0.258
841 58 19 24 0.250
0 49 24 125 0.235
482 9 21 27 0.235
774 53 15 18 0.202
923 109 17 22 0.190
822 29 15 17 0.188
715 51 17 20 0.169
595 161 48 94 0.166
695 0 16 17 0.162
913 54 15 18 0.161
622 274 32 42 0.158
669 51 34 23 0.153
951 56 42 27 0.143
827 59 36 21 0.142
476 40 21 23 0.123
816 2 16 20 0.117
935 38 16 19 0.107
716 3 15 16 0.092
617 118 27 39 0.090
785 24 18 20 0.084
776 58 16 21 0.082
630 0 15 18 0.076
440 1 20 22 0.069
907 170 31 38 0.062
271 66 33 45 0.061
701 52 20 23 0.060
1004 192 20 74 0.057
0 72 37 134 0.055
942 3 15 20 0.053
943 8 16 27 0.051
786 131 28 31 0.049
800 104 21 26 0.049
921 49 55 28 0.047
692 121 31 34 0.045
800 123 41 48 0.044
692 51 22 24 0.043
927 287 74 85 0.039
709 30 16 18 0.039
771 11 22 73 0.038
409 52 27 33 0.035
1012 99 12 24 0.034
1002 0 13 13 0.031
846 0 15 12 0.031
432 120 27 43 0.030
845 56 17 19 0.030
928 76 17 21 0.029
375 10 21 21 0.028
435 10 26 25 0.027
819 21 20 27 0.026
925 85 20 36 0.025
728 146 26 35 0.024
717 61 18 23 0.024
702 154 31 40 0.023
881 14 15 19 0.022
