35_Basketball_Basketball_35_552
146
594 440 16 20 0.773
529 418 19 24 0.746
1000 566 11 13 0.641
959 565 11 13 0.604
1001 525 8 9 0.531
835 574 11 12 0.527
869 576 8 10 0.520
677 354 23 26 0.518
807 573 10 12 0.505
977 564 10 12 0.488
711 584 9 10 0.479
790 577 11 12 0.472
855 575 10 10 0.469
891 568 10 12 0.455
1010 557 9 11 0.454
664 588 9 11 0.440
850 562 8 9 0.412
951 515 7 9 0.393
930 508 7 8 0.372
870 557 8 10 0.357
678 588 8 10 0.338
940 534 7 8 0.336
935 571 10 11 0.319
920 569 11 12 0.308
798 558 8 9 0.301
744 581 8 10 0.278
989 513 8 9 0.255
980 541 7 10 0.243
1017 517 6 9 0.240
901 549 8 9 0.231
815 552 8 9 0.231
922 532 7 8 0.229
696 589 9 11 0.220
913 540 7 10 0.202
824 575 10 10 0.197
999 493 8 11 0.187
886 550 9 10 0.176
964 543 9 14 0.168
853 575 21 10 0.165
812 574 24 12 0.151
946 549 9 25 0.147
922 572 11 15 0.140
991 551 8 10 0.138
920 570 26 12 0.137
981 537 8 10 0.135
979 544 14 12 0.133
885 556 11 29 0.128
691 548 8 11 0.125
845 517 8 13 0.120
651 569 9 9 0.119
943 547 13 17 0.113
934 570 10 22 0.112
816 547 8 25 0.106
663 586 21 11 0.103
614 621 9 10 0.101
711 564 8 9 0.100
963 508 9 13 0.099
653 548 8 9 0.097
835 525 6 16 0.094
961 537 10 16 0.090
988 566 23 13 0.086
903 563 19 13 0.081
775 543 9 12 0.080
1011 518 12 15 0.080
950 503 7 28 0.078
710 574 8 25 0.075
923 548 8 39 0.075
836 570 31 13 0.075
932 590 11 12 0.073
293 580 7 18 0.073
578 599 8 9 0.071
962 543 29 10 0.070
822 574 25 13 0.068
860 533 7 12 0.068
896 548 11 31 0.066
785 573 13 15 0.065
850 559 9 9 0.063
568 513 12 13 0.063
917 532 9 16 0.062
668 567 7 26 0.062
924 541 12 25 0.060
932 543 20 15 0.060
925 482 7 19 0.059
675 549 7 24 0.056
394 584 8 7 0.055
847 560 34 9 0.054
798 543 7 31 0.053
653 558 8 22 0.052
777 566 10 12 0.052
932 497 8 25 0.052
361 580 6 19 0.052
824 482 7 6 0.051
707 586 13 11 0.048
414 581 7 15 0.048
460 605 7 7 0.048
957 564 67 13 0.045
713 575 8 24 0.044
331 593 6 17 0.044
612 635 8 9 0.043
1010 466 7 10 0.042
899 541 25 19 0.042
761 504 7 8 0.040
765 519 9 10 0.039
415 574 6 26 0.038
875 571 25 14 0.037
701 562 21 13 0.037
391 580 6 11 0.037
332 591 10 17 0.036
746 581 9 10 0.034
999 522 11 14 0.033
774 555 9 24 0.033
874 509 10 14 0.032
978 487 7 33 0.032
675 549 13 26 0.032
362 582 9 13 0.032
273 593 13 16 0.032
1009 475 9 31 0.031
460 599 8 15 0.031
902 489 12 29 0.030
698 585 17 14 0.030
651 583 10 12 0.030
928 482 6 43 0.030
513 601 7 8 0.030
613 620 9 19 0.029
563 610 7 10 0.028
814 525 17 22 0.028
306 566 8 27 0.027
438 607 12 7 0.026
749 532 8 10 0.026
795 552 27 22 0.026
898 493 12 22 0.025
321 610 13 16 0.024
318 610 7 10 0.023
999 473 10 39 0.023
369 130 37 56 0.023
882 573 10 11 0.022
703 537 6 34 0.022
702 542 6 9 0.022
827 560 20 18 0.021
713 586 9 11 0.021
221 605 7 28 0.021
763 497 5 29 0.021
479 585 7 8 0.020
775 538 22 22 0.020
781 548 16 34 0.020
852 575 8 11 0.020
